0 15.73 6 6 100 
1 16.96 6 6 200 
2 17.13 7 6 300 
3 17.62 6 6 400 
4 18.02 6 7 500 
5 18.4 6 6 600 
6 18.83 7 6 700 
7 19.22 6 6 800 
8 19.56 6 7 900 
9 19.72 6 6 1000 
10 20.16 7 6 1100 
11 20.3 6 6 1200 
12 20.48 6 7 1300 
13 20.54 6 6 1400 
14 20.72 7 6 1500 
15 20.84 6 6 1600 
16 21.33 6 7 1700 
17 21.56 6 6 1800 
18 22.02 7 6 1900 
19 22.15 6 6 2000 
20 22.39 6 7 2100 
21 22.49 6 6 2200 
22 22.58 7 6 2300 
23 22.32 6 6 2400 
24 23.04 6 7 2500 
25 23.17 6 6 2600 
26 23.16 12 11 2700 
27 23.66 12 13 2800 
28 23.6 12 12 2900 
29 23.71 13 12 3000 
30 23.94 12 13 3100 
31 23.42 12 12 3200 
32 23.99 13 12 3300 
33 23.94 12 13 3400 
34 24.2 12 12 3500 
35 24.37 12 12 3600 
36 24.26 13 12 3700 
37 24.5 12 13 3800 
38 24.13 12 12 3900 
39 24.73 13 12 4000 
40 24.22 12 12 4100 
41 24.64 12 13 4200 
42 24.41 12 12 4300 
43 24.66 13 12 4400 
44 24.77 12 13 4500 
45 24.52 12 12 4600 
46 24.6 13 12 4700 
47 24.6 12 12 4800 
48 24.36 12 13 4900 
49 24.63 13 12 5000 
50 24.29 12 12 5100 
51 24.55 12 12 5200 
52 24.3 12 13 5300 
53 24.02 12 12 5400 
54 24.09 12 12 5500 
55 24.68 13 12 5600 
56 24.69 12 13 5700 
57 24.52 12 12 5800 
58 24.78 13 12 5900 
59 24.34 12 12 6000 
60 24.86 12 13 6100 
61 24.3 12 12 6200 
62 24.82 13 12 6300 
63 24.27 12 12 6400 
64 24.88 12 13 6500 
65 24.77 12 12 6600 
66 24.43 13 12 6700 
67 24.41 12 13 6800 
68 24.68 12 12 6900 
69 24.75 13 12 7000 
70 24.48 12 12 7100 
71 24.69 12 13 7200 
72 24.16 12 12 7300 
73 24.13 12 12 7400 
74 24.26 12 12 7500 
75 24.87 13 12 7600 
76 24.58 12 13 7700 
77 24.66 12 12 7800 
78 24.71 12 12 7900 
79 24.55 13 12 8000 
80 24.83 12 13 8100 
81 24.4 12 12 8200 
82 24.82 13 12 8300 
83 24.23 12 13 8400 
84 24.89 13 12 8500 
85 24.19 12 13 8600 
86 24.32 12 12 8700 
87 24.68 13 12 8800 
88 24.53 12 12 8900 
89 24.56 12 13 9000 
90 24.35 12 12 9100 
91 24.77 13 12 9200 
92 24.45 12 13 9300 
93 24.76 12 12 9400 
94 24.72 12 12 9500 
95 24.54 13 12 9600 
96 24.86 12 12 9700 
97 24.64 12 13 9800 
98 24.71 13 12 9900 
99 24.83 12 13 10000 
