1 501 499 0 0 0.501
2 501 499 0 0 0.501
3 501 499 0 0 0.501
4 501 499 0 0 0.501
5 501 498 0 0 0.501
6 502 498 0 0 0.502
7 501 496 0 0 0.501
8 499 496 0 0 0.499
9 491 490 0 0 0.491
10 485 490 0 0 0.485
11 466 476 0 0 0.466
12 452 452 0 0 0.452
13 421 429 0 0 0.421
14 400 411 0 0 0.4
15 393 409 0 0 0.393
16 389 399 0 0 0.389
17 402 400 0 0 0.402
18 419 427 0 0 0.419
19 448 451 0 0 0.448
20 462 470 0 0 0.462
21 485 486 0 0 0.485
22 489 495 0 0 0.489
23 491 497 0 0 0.491
24 494 493 0 0 0.494
25 488 487 0 0 0.488
26 485 480 0 0 0.485
27 472 459 0 0 0.472
28 454 443 0 0 0.454
29 444 439 0 0 0.444
30 413 412 0 0 0.413
31 404 427 0 0 0.404
32 385 408 0 0 0.385
33 374 411 0 0 0.374
34 366 405 0 0 0.366
35 373 402 0 0 0.373
36 371 364 0 0 0.371
37 385 368 0 0 0.385
38 390 361 0 0 0.39
39 403 350 0 0 0.403
40 407 350 0 0 0.407
41 396 366 0 0 0.396
42 383 379 0 0 0.383
43 372 377 0 0 0.372
44 367 386 0 0 0.367
45 355 397 0 0 0.355
46 352 395 0 0 0.352
47 354 396 0 0 0.354
48 368 400 0 0 0.368
49 362 387 0 0 0.362
50 365 375 0 0 0.365
51 377 374 0 0 0.377
52 391 353 0 0 0.391
53 392 349 0 0 0.392
54 407 361 0 0 0.407
55 405 354 0 0 0.405
56 402 359 0 0 0.402
57 385 356 0 0 0.385
58 370 372 0 0 0.37
59 358 385 0 0 0.358
60 354 411 0 0 0.354
61 350 415 0 0 0.35
62 352 428 0 0 0.352
63 351 405 0 0 0.351
64 361 385 0 0 0.361
65 357 369 0 0 0.357
66 399 355 0 0 0.399
67 410 340 0 0 0.41
68 441 336 0 0 0.441
69 427 336 0 0 0.427
70 432 351 0 0 0.432
71 393 352 0 0 0.393
72 376 379 0 0 0.376
73 328 410 0 0 0.328
74 315 424 0 0 0.315
75 304 426 0 0 0.304
76 309 433 0 0 0.309
77 318 424 0 0 0.318
78 355 409 0 0 0.355
79 395 372 0 0 0.395
80 433 325 0 0 0.433
81 459 306 0 0 0.459
82 474 280 0 0 0.474
83 464 273 0 0 0.464
84 439 297 0 0 0.439
85 395 348 0 0 0.395
86 335 395 0 0 0.335
87 297 448 0 0 0.297
88 266 483 0 0 0.266
89 251 495 0 0 0.251
90 264 479 0 0 0.264
91 303 441 0 0 0.303
92 358 388 0 0 0.358
93 417 332 0 0 0.417
94 487 291 0 0 0.487
95 514 258 0 0 0.514
96 519 238 0 0 0.519
97 491 242 0 0 0.491
98 448 279 0 0 0.448
99 360 346 0 0 0.36
100 307 443 0 0 0.307
101 263 525 0 0 0.263
102 216 556 0 0 0.216
103 195 563 0 0 0.195
104 215 521 0 0 0.215
105 253 423 0 0 0.253
106 337 330 0 0 0.337
107 456 274 0 0 0.456
108 561 212 0 0 0.561
109 625 171 0 0 0.625
110 619 167 0 0 0.619
111 546 181 0 0 0.546
112 432 230 0 0 0.432
113 313 323 0 0 0.313
114 218 465 0 0 0.218
115 169 610 0 0 0.169
116 137 672 0 0 0.137
117 125 669 0 0 0.125
118 136 593 0 0 0.136
119 162 447 0 0 0.162
120 252 285 0 0 0.252
121 437 196 0 0 0.437
122 636 134 0 0 0.636
123 739 105 0 0 0.739
124 762 93 0 0 0.762
125 683 95 0 0 0.683
126 493 104 0 0 0.493
127 290 178 0 0 0.29
128 164 346 0 0 0.164
129 98 588 0 0 0.098
130 69 777 0 0 0.069
131 59 830 0 0 0.059
132 45 768 0 0 0.045
133 48 606 0 0 0.048
134 91 364 0 0 0.091
135 191 159 0 0 0.191
136 432 76 0 0 0.432
137 736 52 0 0 0.736
138 883 32 0 0 0.883
139 879 19 0 0 0.879
140 788 15 0 0 0.788
141 549 20 0 0 0.549
142 241 32 0 0 0.241
143 77 98 0 0 0.077
144 30 273 0 0 0.03
145 16 638 0 0 0.016
146 8 901 0 0 0.008
147 5 955 0 0 0.005
148 2 895 0 0 0.002
149 3 722 0 0 0.003
150 2 353 0 0 0.002
151 4 83 0 0 0.004
152 16 12 0 0 0.016
153 60 4 0 0 0.06
154 187 1 0 0 0.187
155 493 1 0 0 0.493
156 854 0 0 0 0.854
157 973 0 0 0 0.973
158 938 0 0 0 0.938
159 811 0 0 0 0.811
160 505 0 0 0 0.505
161 141 0 0 0 0.141
162 10 0 0 0 0.01
163 1 0 0 0 0.001
164 0 0 0 0 0
165 0 0 0 0 0
166 0 0 0 0 0
167 0 0 0 0 0
168 0 0 0 0 0
169 0 0 0 0 0
170 0 0 0 0 0
171 0 0 0 0 0
172 0 0 0 0 0
173 0 0 0 0 0
174 0 0 0 0 0
