1 0 0 0 0 0
2 0 0 0 0 0
3 0 0 0 0 0
4 0 0 0 0 0
5 0 1 0 0 0
6 0 1 0 0 0
7 1 3 0 0 0.001
8 4 4 0 0 0.004
9 9 13 0 0 0.009
10 15 19 0 0 0.015
11 31 44 0 0 0.031
12 40 93 0 0 0.04
13 77 146 0 0 0.077
14 94 215 0 0 0.094
15 96 282 0 0 0.096
16 98 354 0 0 0.098
17 95 410 0 0 0.095
18 77 440 0 0 0.077
19 49 464 0 0 0.049
20 34 468 0 0 0.034
21 16 460 0 0 0.016
22 9 442 0 0 0.009
23 5 408 0 0 0.005
24 5 369 0 0 0.005
25 13 311 0 0 0.013
26 18 268 0 0 0.018
27 30 226 0 0 0.03
28 49 187 0 0 0.049
29 61 157 0 0 0.061
30 90 151 0 0 0.09
31 81 127 0 0 0.081
32 99 131 0 0 0.099
33 109 118 0 0 0.109
34 104 132 0 0 0.104
35 107 121 0 0 0.107
36 122 143 0 0 0.122
37 118 129 0 0 0.118
38 123 126 0 0 0.123
39 116 131 0 0 0.116
40 127 116 0 0 0.127
41 127 111 0 0 0.127
42 124 114 0 0 0.124
43 136 115 0 0 0.136
44 133 114 0 0 0.133
45 137 111 0 0 0.137
46 128 125 0 0 0.128
47 111 139 0 0 0.111
48 108 124 0 0 0.108
49 113 138 0 0 0.113
50 117 143 0 0 0.117
51 106 143 0 0 0.106
52 112 144 0 0 0.112
53 127 132 0 0 0.127
54 114 118 0 0 0.114
55 128 113 0 0 0.128
56 124 115 0 0 0.124
57 147 112 0 0 0.147
58 147 111 0 0 0.147
59 136 121 0 0 0.136
60 122 113 0 0 0.122
61 111 124 0 0 0.111
62 104 116 0 0 0.104
63 112 132 0 0 0.112
64 109 145 0 0 0.109
65 107 167 0 0 0.107
66 106 140 0 0 0.106
67 116 134 0 0 0.116
68 127 96 0 0 0.127
69 134 103 0 0 0.134
70 113 104 0 0 0.113
71 153 102 0 0 0.153
72 147 98 0 0 0.147
73 158 104 0 0 0.158
74 137 124 0 0 0.137
75 119 151 0 0 0.119
76 113 145 0 0 0.113
77 99 159 0 0 0.099
78 77 159 0 0 0.077
79 80 153 0 0 0.08
80 98 144 0 0 0.098
81 116 119 0 0 0.116
82 137 109 0 0 0.137
83 159 104 0 0 0.159
84 178 86 0 0 0.178
85 183 74 0 0 0.183
86 180 90 0 0 0.18
87 163 92 0 0 0.163
88 140 111 0 0 0.14
89 122 132 0 0 0.122
90 99 158 0 0 0.099
91 74 182 0 0 0.074
92 72 182 0 0 0.072
93 74 177 0 0 0.074
94 82 140 0 0 0.082
95 105 123 0 0 0.105
96 139 104 0 0 0.139
97 188 79 0 0 0.188
98 212 61 0 0 0.212
99 223 71 0 0 0.223
100 176 74 0 0 0.176
101 133 79 0 0 0.133
102 123 105 0 0 0.123
103 97 145 0 0 0.097
104 62 202 0 0 0.062
105 60 264 0 0 0.06
106 66 267 0 0 0.066
107 65 205 0 0 0.065
108 80 147 0 0 0.08
109 106 98 0 0 0.106
110 146 68 0 0 0.146
111 222 51 0 0 0.222
112 291 47 0 0 0.291
113 318 46 0 0 0.318
114 266 51 0 0 0.266
115 155 66 0 0 0.155
116 96 95 0 0 0.096
117 54 152 0 0 0.054
118 38 233 0 0 0.038
119 37 354 0 0 0.037
120 39 424 0 0 0.039
121 37 330 0 0 0.037
122 45 185 0 0 0.045
123 69 87 0 0 0.069
124 106 39 0 0 0.106
125 196 26 0 0 0.196
126 370 33 0 0 0.37
127 503 29 0 0 0.503
128 462 28 0 0 0.462
129 280 34 0 0 0.28
130 102 52 0 0 0.102
131 33 78 0 0 0.033
132 25 162 0 0 0.025
133 20 326 0 0 0.02
134 14 531 0 0 0.014
135 12 638 0 0 0.012
136 16 476 0 0 0.016
137 18 194 0 0 0.018
138 36 49 0 0 0.036
139 86 16 0 0 0.086
140 188 9 0 0 0.188
141 428 3 0 0 0.428
142 722 5 0 0 0.722
143 821 4 0 0 0.821
144 692 5 0 0 0.692
145 338 8 0 0 0.338
146 76 15 0 0 0.076
147 8 32 0 0 0.008
148 3 100 0 0 0.003
149 0 275 0 0 0
150 1 644 0 0 0.001
151 1 912 0 0 0.001
152 1 971 0 0 0.001
153 1 935 0 0 0.001
154 2 810 0 0 0.002
155 2 504 0 0 0.002
156 5 141 0 0 0.005
157 17 10 0 0 0.017
158 61 1 0 0 0.061
159 189 0 0 0 0.189
160 495 0 0 0 0.495
161 859 0 0 0 0.859
162 990 0 0 0 0.99
163 999 0 0 0 0.999
164 1000 0 0 0 1
165 1000 0 0 0 1
166 1000 0 0 0 1
167 1000 0 0 0 1
168 1000 0 0 0 1
169 1000 0 0 0 1
170 1000 0 0 0 1
171 1000 0 0 0 1
172 1000 0 0 0 1
173 1000 0 0 0 1
174 1000 0 0 0 1
