1 3550 0 0 0
2 3508 0 0 0
3 3442 0 0 0
4 3524 0 0 0
5 3444 0 0 0
6 3598 1 0 0.000277932
7 3434 0 0 0
8 3533 2 1 0.000849137
9 3424 0 3 0.000876168
10 3458 6 6 0.00347021
11 3283 9 12 0.00639659
12 3378 20 25 0.0133215
13 3120 36 30 0.0211538
14 3070 47 51 0.0319218
15 2801 61 66 0.0453409
16 2745 63 65 0.0466302
17 2721 70 60 0.0477766
18 2712 57 58 0.0424041
19 2917 53 52 0.0359959
20 3112 32 33 0.0208869
21 3399 27 22 0.014416
22 3316 10 13 0.00693607
23 3424 6 8 0.00408879
24 3406 7 4 0.00322959
25 3475 4 2 0.00172662
26 3557 11 9 0.00562272
27 3365 9 10 0.00564636
28 3134 22 21 0.0137205
29 3156 37 35 0.0228137
30 3114 35 37 0.0231214
31 2999 50 68 0.0393464
32 2984 54 55 0.0365282
33 2733 65 66 0.0479327
34 2706 61 74 0.0498891
35 2703 77 67 0.0532741
36 2614 75 62 0.0524101
37 2529 84 74 0.0624753
38 2677 81 71 0.05678
39 2580 79 73 0.0589147
40 2734 85 70 0.0566935
41 2699 67 78 0.0537236
42 2673 71 87 0.0591096
43 2656 70 69 0.0523343
44 2611 74 82 0.0597472
45 2726 73 81 0.056493
46 2544 64 76 0.0550314
47 2692 73 88 0.0598068
48 2591 84 73 0.0605944
49 2612 68 69 0.0524502
50 2656 76 69 0.0545934
51 2590 76 75 0.0583012
52 2700 87 67 0.057037
53 2598 85 69 0.0592764
54 2571 83 81 0.0637884
55 2676 74 62 0.0508221
56 2680 73 80 0.0570896
57 2536 70 64 0.0528391
58 2643 70 85 0.0586455
59 2659 71 94 0.0620534
60 2545 70 88 0.0620825
61 2720 69 84 0.05625
62 2721 72 77 0.0547593
63 2659 69 62 0.0492666
64 2628 81 74 0.0589802
65 2564 66 72 0.0538222
66 2601 111 70 0.0695886
67 2636 83 62 0.0550076
68 2631 100 58 0.0600532
69 2811 67 74 0.0501601
70 2743 71 87 0.0576012
71 2733 72 71 0.0523235
72 2656 66 89 0.0583584
73 2653 52 89 0.0531474
74 2688 54 88 0.0528274
75 2501 60 89 0.0595762
76 2470 77 78 0.062753
77 2506 75 80 0.0618516
78 2673 89 74 0.0609802
79 2693 94 51 0.0538433
80 2626 98 42 0.053313
81 2659 103 59 0.0609252
82 2711 90 54 0.0531169
83 2660 79 67 0.0548872
84 2575 69 75 0.0559223
85 2559 54 93 0.0574443
86 2525 43 106 0.0590099
87 2507 52 107 0.0634224
88 2600 48 102 0.0576923
89 2645 54 87 0.0533081
90 2592 67 77 0.0555556
91 2716 82 68 0.0552283
92 2572 107 54 0.0625972
93 2593 107 46 0.059005
94 2576 124 46 0.0659938
95 2749 94 44 0.0502001
96 2695 87 48 0.0500928
97 2673 79 58 0.0512533
98 2588 64 83 0.0568006
99 2539 36 113 0.0586845
100 2476 41 141 0.0735057
101 2588 43 130 0.066847
102 2717 32 89 0.0445344
103 2720 43 90 0.0488971
104 2648 56 71 0.0479607
105 2516 79 43 0.0484897
106 2425 127 37 0.0676289
107 2247 151 33 0.081887
108 2616 148 28 0.0672783
109 2701 120 30 0.055535
110 2706 73 39 0.0413895
111 2826 54 51 0.037155
112 2504 37 82 0.047524
113 2301 29 121 0.065189
114 2237 25 172 0.0880644
115 2371 24 184 0.0877267
116 2710 22 113 0.0498155
117 2896 25 79 0.0359116
118 2659 40 45 0.0319669
119 2477 51 26 0.031086
120 2085 114 22 0.0652278
121 1934 207 24 0.119442
122 2178 224 17 0.110652
123 2687 143 16 0.0591738
124 2866 74 14 0.0307048
125 3002 35 24 0.0196536
126 2614 17 33 0.0191278
127 2088 21 91 0.0536398
128 1647 17 184 0.12204
129 1767 8 256 0.149406
130 2507 6 213 0.0873554
131 2914 7 86 0.0319149
132 3139 7 29 0.0114686
133 2864 20 22 0.0146648
134 2405 51 14 0.027027
135 1632 106 8 0.0698529
136 1250 248 3 0.2008
137 1781 311 5 0.177428
138 2729 167 2 0.0619274
139 3174 47 1 0.0151229
140 3033 15 4 0.00626442
141 2900 9 8 0.00586207
142 1973 3 17 0.0101368
143 977 3 68 0.0726714
144 583 0 176 0.301887
145 1125 1 369 0.328889
146 2330 1 271 0.116738
147 3057 0 71 0.0232254
148 3194 0 8 0.0025047
149 3156 1 3 0.00126743
150 2453 0 0 0
151 1274 3 1 0.00313972
152 331 12 0 0.0362538
153 117 44 0 0.376068
154 226 128 0 0.566372
155 656 306 0 0.466463
156 1628 364 0 0.223587
157 2970 131 0 0.0441077
158 3438 9 0 0.0026178
159 3196 1 0 0.000312891
160 2824 0 0 0
161 1770 0 0 0
162 470 0 0 0
163 39 0 0 0
164 4 0 0 0
165 0 0 0 0
166 0 0 0 0
167 0 0 0 0
168 0 0 0 0
169 0 0 0 0
170 0 0 0 0
171 0 0 0 0
172 0 0 0 0
173 0 0 0 0
174 0 0 0 0
