6 502
24 494
40 407
54 407
68 441
82 474
96 519
109 625
124 762
138 883
157 973
9293 1507427872
9297 1507428016
9300 32767
9305 1507427872
9308 32767
9313 1507428064
9319 1507428780
9327 1610612736
9337 1507428064
9343 1610612736
9347 1507428600
9351 1507430268
9352 32767
9359 1507430268
9365 1507428728
9371 1507428696
9375 1507430267
9385 1507429232
9389 1507429616
9394 524288
9397 1
9401 1507430268
9402 32767
9413 1507429704
9418 6
9421 1
9425 1507430267
9426 32767
9434 1
9447 1507428564
9455 2026584188
9461 2026584184
9465 2026584160
9471 2026587512
9477 1507428592
9481 2061214480
9488 32729
9493 1507428704
9496 32767
9499 100
9507 1507428632
9521 1507429216
9527 1507428712
9533 1507432776
9539 99036378
9551 1709489928
9555 1709498352
9563 1709318282
9567 1709489928
9571 1709495080
9579 1709318282
9583 1709498352
9587 1709498352
9589 1709461680
9595 1709489928
9603 1709489928
9611 1507429264
9615 1709343331
9621 2026584160
9625 99060760
9631 1709489928
9635 1709349401
9641 1709417136
9647 1709489928
9653 1709461680
9657 99060489
9661 1709498352
9669 1940
9675 1709264293
9681 1507429680
9685 2026587512
9691 2026587512
9703 1709489928
9707 1709494928
9715 1709318282
9719 1709494928
9723 1709494928
9735 1709489928
9739 1709494928
9743 99059456
9755 1709489928
9759 1709494928
9767 1709318282
9771 1709494928
9775 1709494928
9777 1709461680
9783 1709489928
9791 1709489928
9799 1507430016
9803 1709343331
9809 1709417136
9813 99060760
9819 1709489928
9823 1709349401
9829 1709417136
9835 1709489928
9841 1709461680
9845 99060078
9849 1709494928
9857 1529
9863 1709264293
9869 1507430432
9873 1507433184
9875 99042904
9885 1507433184
9889 1769234802
9901 1507430320
9905 1507430336
9909 1507430904
9915 1507430872
9919 1507432443
9929 1507431408
9932 32767
9939 1507433184
9953 1507431864
9957 1507431880
9961 1
9965 1
9969 1507432443
9970 32767
9978 1
9979 1
9987 4
9993 1507432440
