16 98
45 137
57 147
73 158
85 183
99 223
113 318
127 503
143 821
164 1000
167 1000
170 1000
173 1000
9261 1507427872
9265 1507428016
9268 32767
9273 1507427872
9276 32767
9281 1507428064
9287 1507428780
9295 1610612736
9305 1507428064
9311 1610612736
9315 1507428600
9319 1507430268
9320 32767
9327 1507430268
9333 1507428728
9339 1507428696
9343 1507430267
9353 1507429232
9357 1507429616
9362 524288
9365 1
9369 1507430268
9370 32767
9381 1507429704
9386 6
9389 1
9393 1507430267
9394 32767
9402 1
9415 1507428564
9423 2026584188
9429 2026584184
9433 2026584160
9439 2026587512
9445 1507428592
9449 2061214480
9456 32729
9461 1507428704
9464 32767
9467 100
9475 1507428632
9489 1507429216
9495 1507428712
9501 1507432776
9507 99036378
9519 1709489928
9523 1709498352
9531 1709318282
9535 1709489928
9539 1709495080
9547 1709318282
9551 1709498352
9555 1709498352
9557 1709461680
9563 1709489928
9571 1709489928
9579 1507429264
9583 1709343331
9589 2026584160
9593 99060760
9599 1709489928
9603 1709349401
9609 1709417136
9615 1709489928
9621 1709461680
9625 99060489
9629 1709498352
9637 1940
9643 1709264293
9649 1507429680
9653 2026587512
9659 2026587512
9671 1709489928
9675 1709494928
9683 1709318282
9687 1709494928
9691 1709494928
9703 1709489928
9707 1709494928
9711 99059456
9723 1709489928
9727 1709494928
9735 1709318282
9739 1709494928
9743 1709494928
9745 1709461680
9751 1709489928
9759 1709489928
9767 1507430016
9771 1709343331
9777 1709417136
9781 99060760
9787 1709489928
9791 1709349401
9801 1507430032
9805 1507430176
9808 32767
9813 1507430032
9816 32767
9821 1507430224
9827 1507430940
9831 1709264293
9836 1079148179
9841 1507433184
9845 1507430224
9849 1507430824
9855 1507430760
9859 1507432428
9860 32767
9867 1507432428
9873 1507430336
9877 1507430904
9883 1507430872
9887 1507432443
9897 1507431408
9901 1507430448
9905 1507430464
9909 1507431032
9915 1507431000
9919 1507432571
9929 1507431536
9932 32767
9937 1507432443
9938 32767
9946 1
9953 1507431992
9957 1507432008
9961 1
9965 1
9969 1507432571
9970 32767
9978 1
9979 1
9987 4
9993 1507432568
