1 0 9 0 0 0
2 0 26 0 0 0
3 4 26 1 0.01 0.04
4 8 39 1 0.01 0.08
5 17 44 3 0.03 0.17
6 27 52 6 0.06 0.27
7 48 58 19 0.19 0.48
8 58 62 28 0.28 0.58
9 72 69 42 0.42 0.72
10 83 75 58 0.58 0.83
11 86 84 70 0.7 0.86
12 92 90 82 0.82 0.92
13 95 95 90 0.9 0.95
14 96 98 94 0.94 0.96
15 100 99 99 0.99 1
16 100 100 100 1 1
17 100 100 100 1 1
18 100 100 100 1 1
19 100 100 100 1 1
20 100 100 100 1 1
21 100 100 100 1 1
22 100 100 100 1 1
23 100 100 100 1 1
24 100 100 100 1 1
25 100 100 100 1 1
26 100 100 100 1 1
