3 91
99293 1429787168
99297 1429787312
99300 32767
99305 1429787168
99308 32767
99313 1429787360
99319 1429788076
99328 1065585184
99331 3
99337 1429787360
99341 1429787976
99347 1429787896
99351 1429789564
99352 32767
99359 1429789564
99365 1429788024
99371 1429787992
99375 1429789563
99385 1429788528
99389 1429788912
99394 524288
99397 1
99401 1429789564
99402 32767
99413 1429789000
99418 9
99421 1
99425 1429789563
99426 32767
99434 1
99447 1429787860
99455 2026584188
99461 2026584184
99465 2026584160
99471 2026587512
99477 1429787888
99481 2061214480
99488 32658
99493 1429788000
99496 32767
99499 100
99507 1429787928
99521 1429788512
99527 1429788008
99533 1429792072
99539 176753882
99551 1613614856
99555 1613623280
99563 1613443210
99567 1613614856
99571 1613620008
99579 1613443210
99583 1613623280
99587 1613623280
99589 1613586608
99595 1613614856
99603 1613614856
99611 1429788560
99615 1613468259
99621 2026584160
99625 176778264
99631 1613614856
99635 1613474329
99641 1613542064
99647 1613614856
99653 1613586608
99657 176777993
99661 1613623280
99669 1940
99675 1613389221
99681 1429788976
99685 2026587512
99691 2026587512
99703 1613614856
99707 1613619856
99715 1613443210
99719 1613619856
99723 1613619856
99735 1613614856
99739 1613619856
99743 176776960
99755 1613614856
99759 1613619856
99767 1613443210
99771 1613619856
99775 1613619856
99777 1613586608
99783 1613614856
99791 1613614856
99799 1429789312
99803 1613468259
99809 1613542064
99813 176778264
99819 1613614856
99823 1613474329
99829 1613542064
99835 1613614856
99841 1613586608
99845 176777582
99849 1613619856
99857 1529
99863 1613389221
99869 1429789728
99873 1429792480
99875 176760408
99885 1429792480
99889 1769234802
99901 1429789616
99905 1429789632
99909 1429790200
99915 1429790168
99919 1429791739
99929 1429790704
99932 32767
99939 1429792480
99953 1429791160
99957 1429791176
99961 1
99965 1
99969 1429791739
99970 32767
99978 1
99979 1
99987 4
99993 1429791736
