15 100
18 100
21 100
24 100
99261 1429787168
99265 1429787312
99268 32767
99273 1429787168
99276 32767
99281 1429787360
99287 1429788076
99296 1065585184
99299 3
99305 1429787360
99309 1429787976
99315 1429787896
99319 1429789564
99320 32767
99327 1429789564
99333 1429788024
99339 1429787992
99343 1429789563
99353 1429788528
99357 1429788912
99362 524288
99365 1
99369 1429789564
99370 32767
99381 1429789000
99386 9
99389 1
99393 1429789563
99394 32767
99402 1
99415 1429787860
99423 2026584188
99429 2026584184
99433 2026584160
99439 2026587512
99445 1429787888
99449 2061214480
99456 32658
99461 1429788000
99464 32767
99467 100
99475 1429787928
99489 1429788512
99495 1429788008
99501 1429792072
99507 176753882
99519 1613614856
99523 1613623280
99531 1613443210
99535 1613614856
99539 1613620008
99547 1613443210
99551 1613623280
99555 1613623280
99557 1613586608
99563 1613614856
99571 1613614856
99579 1429788560
99583 1613468259
99589 2026584160
99593 176778264
99599 1613614856
99603 1613474329
99609 1613542064
99615 1613614856
99621 1613586608
99625 176777993
99629 1613623280
99637 1940
99643 1613389221
99649 1429788976
99653 2026587512
99659 2026587512
99671 1613614856
99675 1613619856
99683 1613443210
99687 1613619856
99691 1613619856
99703 1613614856
99707 1613619856
99711 176776960
99723 1613614856
99727 1613619856
99735 1613443210
99739 1613619856
99743 1613619856
99745 1613586608
99751 1613614856
99759 1613614856
99767 1429789312
99771 1613468259
99777 1613542064
99781 176778264
99787 1613614856
99791 1613474329
99801 1429789328
99805 1429789472
99808 32767
99813 1429789328
99816 32767
99821 1429789520
99827 1429790236
99831 1613389221
99835 1227133513
99841 1429792480
99845 1429789520
99849 1429790120
99855 1429790056
99859 1429791724
99860 32767
99867 1429791724
99873 1429789632
99877 1429790200
99883 1429790168
99887 1429791739
99897 1429790704
99901 1429789744
99905 1429789760
99909 1429790328
99915 1429790296
99919 1429791867
99929 1429790832
99932 32767
99937 1429791739
99938 32767
99946 1
99953 1429791288
99957 1429791304
99961 1
99965 1
99969 1429791867
99970 32767
99978 1
99979 1
99987 4
99993 1429791864
