1 49 0 0 0 0.49
2 52 3 0 0 0.52
3 50 9 4 0.04 0.5
4 38 23 6 0.06 0.38
5 30 30 11 0.11 0.3
6 31 23 13 0.13 0.31
7 38 32 22 0.22 0.38
8 50 32 22 0.22 0.5
9 56 36 22 0.22 0.56
10 52 45 22 0.22 0.52
11 46 50 22 0.22 0.46
12 50 39 22 0.22 0.5
13 56 34 22 0.22 0.56
14 65 38 22 0.22 0.65
15 70 45 22 0.22 0.7
16 63 56 22 0.22 0.63
17 46 75 22 0.22 0.46
18 34 87 22 0.22 0.34
19 26 94 22 0.22 0.26
20 24 94 22 0.22 0.24
21 24 91 22 0.22 0.24
22 27 80 22 0.22 0.27
23 31 64 22 0.22 0.31
24 42 41 22 0.22 0.42
25 58 29 22 0.22 0.58
26 81 28 22 0.22 0.81
27 93 26 22 0.22 0.93
28 94 25 22 0.22 0.94
29 96 25 22 0.22 0.96
30 97 25 22 0.22 0.97
31 97 25 22 0.22 0.97
32 97 25 22 0.22 0.97
33 97 25 22 0.22 0.97
34 97 25 22 0.22 0.97
35 97 25 22 0.22 0.97
36 97 25 22 0.22 0.97
37 97 25 22 0.22 0.97
38 97 25 22 0.22 0.97
39 97 25 22 0.22 0.97
40 97 25 22 0.22 0.97
