1 33 80 20 0.2 0.33
2 33 93 30 0.3 0.33
3 30 89 27 0.27 0.3
4 29 76 20 0.2 0.29
5 41 59 21 0.21 0.41
6 58 57 33 0.33 0.58
7 53 54 36 0.36 0.53
8 43 53 29 0.29 0.43
9 40 51 22 0.22 0.4
10 35 36 13 0.13 0.35
11 34 27 10 0.1 0.34
12 36 33 9 0.09 0.36
13 34 37 8 0.08 0.34
14 19 39 5 0.05 0.19
15 7 44 4 0.04 0.07
16 3 38 2 0.02 0.03
17 1 24 1 0.01 0.01
18 1 12 0 0 0.01
19 2 4 0 0 0.02
20 4 1 0 0 0.04
21 7 0 0 0 0.07
22 15 0 0 0 0.15
23 27 0 0 0 0.27
24 39 0 0 0 0.39
25 35 0 0 0 0.35
26 13 0 0 0 0.13
27 3 0 0 0 0.03
28 3 0 0 0 0.03
29 1 0 0 0 0.01
30 0 0 0 0 0
31 0 0 0 0 0
32 0 0 0 0 0
33 0 0 0 0 0
34 0 0 0 0 0
35 0 0 0 0 0
36 0 0 0 0 0
37 0 0 0 0 0
38 0 0 0 0 0
39 0 0 0 0 0
40 0 0 0 0 0
