9799 1831968520
9809 1557314384
9813 1557314528
9816 32767
9821 1557314384
9824 32767
9829 1557314576
9835 1557315292
9844 1075107732
9849 1557317416
9853 1557314576
9857 1557315176
9863 1557315112
9867 1557316780
9868 32767
9875 1557316780
9881 1557315240
9887 1557315208
9891 1557316779
9901 1557314768
9905 1557315336
9911 1557315304
9915 1557316875
9925 1557315840
9929 1557316216
9934 7
9937 1
9941 1557316779
9942 32767
9953 1557316312
9955 1
9961 1
9965 1557316875
9966 32767
9974 1
9983 4
9989 1557316872
9998 32704
