1 23 0 0 0 0.23
2 43 0 0 0 0.43
3 41 0 0 0 0.41
4 34 4 0 0 0.34
5 26 4 0 0 0.26
6 23 11 0 0 0.23
7 14 17 0 0 0.14
8 11 20 0 0 0.11
9 18 14 0 0 0.18
10 24 25 0 0 0.24
11 19 15 0 0 0.19
12 22 21 0 0 0.22
13 27 13 0 0 0.27
14 30 19 0 0 0.3
15 20 21 0 0 0.2
16 16 24 0 0 0.16
17 21 27 0 0 0.21
18 23 27 0 0 0.23
19 20 20 0 0 0.2
20 22 24 0 0 0.22
21 27 22 0 0 0.27
22 27 24 0 0 0.27
23 24 22 0 0 0.24
24 23 27 0 0 0.23
25 23 25 0 0 0.23
26 32 25 0 0 0.32
27 29 23 0 0 0.29
28 29 22 0 0 0.29
29 31 21 0 0 0.31
30 30 23 0 0 0.3
31 29 24 0 0 0.29
32 26 26 0 0 0.26
33 26 27 0 0 0.26
34 27 30 0 0 0.27
35 24 27 0 0 0.24
36 24 32 0 0 0.24
37 22 31 0 0 0.22
38 24 34 0 0 0.24
39 24 27 0 0 0.24
40 32 28 0 0 0.32
41 27 24 0 0 0.27
42 25 30 0 0 0.25
43 22 32 0 0 0.22
44 22 33 0 0 0.22
45 29 28 0 0 0.29
46 35 23 0 0 0.35
47 34 24 0 0 0.34
48 30 31 0 0 0.3
49 21 34 0 0 0.21
50 25 31 0 0 0.25
51 39 21 0 0 0.39
52 40 20 0 0 0.4
53 28 31 0 0 0.28
54 23 32 0 0 0.23
55 30 24 0 0 0.3
56 35 29 0 0 0.35
57 25 31 0 0 0.25
58 28 36 0 0 0.28
59 35 27 0 0 0.35
60 42 19 0 0 0.42
61 37 24 0 0 0.37
62 26 37 0 0 0.26
63 22 41 0 0 0.22
64 28 32 0 0 0.28
65 42 24 0 0 0.42
66 43 23 0 0 0.43
67 37 33 0 0 0.37
68 31 36 0 0 0.31
69 29 35 0 0 0.29
70 29 24 0 0 0.29
71 40 26 0 0 0.4
72 30 31 0 0 0.3
73 23 38 0 0 0.23
74 29 39 0 0 0.29
75 34 32 0 0 0.34
76 32 27 0 0 0.32
77 25 31 0 0 0.25
78 28 37 0 0 0.28
79 27 26 0 0 0.27
80 34 28 0 0 0.34
81 29 26 0 0 0.29
82 30 34 0 0 0.3
83 23 36 0 0 0.23
84 23 42 0 0 0.23
85 24 31 0 0 0.24
86 37 29 0 0 0.37
87 33 24 0 0 0.33
88 28 31 0 0 0.28
89 23 40 0 0 0.23
90 24 36 0 0 0.24
91 34 31 0 0 0.34
92 37 29 0 0 0.37
93 32 32 0 0 0.32
94 26 39 0 0 0.26
95 23 37 0 0 0.23
96 35 33 0 0 0.35
97 40 23 0 0 0.4
98 46 29 0 0 0.46
99 30 25 0 0 0.3
100 25 37 0 0 0.25
101 19 40 0 0 0.19
102 25 33 0 0 0.25
103 41 31 0 0 0.41
104 30 25 0 0 0.3
105 25 40 0 0 0.25
106 20 39 0 0 0.2
107 29 30 0 0 0.29
108 39 20 0 0 0.39
109 35 20 0 0 0.35
110 28 32 0 0 0.28
111 31 34 0 0 0.31
112 38 24 0 0 0.38
113 40 19 0 0 0.4
114 31 26 0 0 0.31
115 18 42 0 0 0.18
116 19 45 0 0 0.19
117 28 27 0 0 0.28
118 41 25 0 0 0.41
119 33 32 0 0 0.33
120 22 42 0 0 0.22
121 25 41 0 0 0.25
122 34 35 0 0 0.34
123 33 31 0 0 0.33
124 34 32 0 0 0.34
125 35 32 0 0 0.35
126 32 29 0 0 0.32
127 29 32 0 0 0.29
128 27 41 0 0 0.27
129 26 41 0 0 0.26
130 25 32 0 0 0.25
131 37 33 0 0 0.37
132 35 21 0 0 0.35
133 40 25 0 0 0.4
134 28 23 0 0 0.28
135 30 37 0 0 0.3
136 26 42 0 0 0.26
137 26 38 0 0 0.26
138 31 32 0 0 0.31
139 26 32 0 0 0.26
140 25 42 0 0 0.25
141 24 35 0 0 0.24
142 34 28 0 0 0.34
143 38 25 0 0 0.38
144 34 29 0 0 0.34
145 26 31 0 0 0.26
146 32 31 0 0 0.32
147 31 19 0 0 0.31
148 34 26 0 0 0.34
149 22 29 0 0 0.22
150 26 36 0 0 0.26
151 28 25 0 0 0.28
152 34 27 0 0 0.34
153 28 35 0 0 0.28
154 24 37 0 0 0.24
155 36 30 0 0 0.36
156 44 20 0 0 0.44
157 38 23 0 0 0.38
158 22 36 0 0 0.22
159 21 44 0 0 0.21
160 31 36 0 0 0.31
161 41 30 0 0 0.41
162 40 25 0 0 0.4
163 35 29 0 0 0.35
164 28 37 0 0 0.28
165 29 36 0 0 0.29
166 29 26 0 0 0.29
167 39 35 0 0 0.39
168 34 24 0 0 0.34
169 35 32 0 0 0.35
170 19 34 0 0 0.19
171 28 46 0 0 0.28
172 25 31 0 0 0.25
173 41 26 0 0 0.41
174 40 23 0 0 0.4
175 21 32 0 0 0.21
176 23 49 0 0 0.23
177 28 26 0 0 0.28
178 50 20 0 0 0.5
179 36 20 0 0 0.36
180 24 39 0 0 0.24
181 17 43 0 0 0.17
182 27 34 0 0 0.27
183 43 21 0 0 0.43
184 33 21 0 0 0.33
185 16 42 0 0 0.16
186 18 37 0 0 0.18
187 40 19 0 0 0.4
188 48 16 0 0 0.48
189 35 27 0 0 0.35
190 25 40 0 0 0.25
191 23 33 0 0 0.23
192 37 29 0 0 0.37
193 33 22 0 0 0.33
194 30 35 0 0 0.3
195 21 39 0 0 0.21
196 26 38 0 0 0.26
197 37 28 0 0 0.37
198 43 18 0 0 0.43
199 39 26 0 0 0.39
200 17 41 0 0 0.17
201 17 56 0 0 0.17
202 25 37 0 0 0.25
203 46 22 0 0 0.46
204 59 18 0 0 0.59
205 42 16 0 0 0.42
206 34 41 0 0 0.34
207 25 51 0 0 0.25
208 25 49 0 0 0.25
209 27 44 0 0 0.27
210 34 35 0 0 0.34
211 45 30 0 0 0.45
212 34 27 0 0 0.34
213 31 41 0 0 0.31
214 25 40 0 0 0.25
215 29 33 0 0 0.29
216 39 28 0 0 0.39
217 33 24 0 0 0.33
218 31 33 0 0 0.31
219 33 35 0 0 0.33
220 30 24 0 0 0.3
221 43 32 0 0 0.43
222 32 28 0 0 0.32
223 26 41 0 0 0.26
224 20 45 0 0 0.2
225 28 41 0 0 0.28
226 34 22 0 0 0.34
227 46 24 0 0 0.46
228 28 26 0 0 0.28
229 26 45 0 0 0.26
230 29 41 0 0 0.29
231 43 25 0 0 0.43
232 50 21 0 0 0.5
233 31 29 0 0 0.31
234 21 53 0 0 0.21
235 16 59 0 0 0.16
236 26 45 0 0 0.26
237 47 33 0 0 0.47
238 49 24 0 0 0.49
239 43 28 0 0 0.43
240 35 41 0 0 0.35
241 27 52 0 0 0.27
242 24 53 0 0 0.24
243 29 53 0 0 0.29
244 28 45 0 0 0.28
245 30 35 0 0 0.3
246 39 29 0 0 0.39
247 37 25 0 0 0.37
248 31 29 0 0 0.31
249 34 32 0 0 0.34
250 35 20 0 0 0.35
251 46 24 0 0 0.46
252 31 24 0 0 0.31
253 26 43 0 0 0.26
254 19 39 0 0 0.19
255 35 35 0 0 0.35
256 36 27 0 0 0.36
257 39 35 0 0 0.39
258 35 33 0 0 0.35
259 35 33 0 0 0.35
260 34 34 0 0 0.34
261 35 35 0 0 0.35
262 32 31 0 0 0.32
263 29 32 0 0 0.29
264 30 37 0 0 0.3
265 31 28 0 0 0.31
266 43 24 0 0 0.43
267 40 25 0 0 0.4
268 28 35 0 0 0.28
269 23 41 0 0 0.23
270 27 33 0 0 0.27
271 32 26 0 0 0.32
272 39 29 0 0 0.39
273 32 29 0 0 0.32
274 31 39 0 0 0.31
275 25 32 0 0 0.25
276 36 32 0 0 0.36
277 33 17 0 0 0.33
278 42 28 0 0 0.42
279 29 33 0 0 0.29
280 21 42 0 0 0.21
281 22 33 0 0 0.22
282 42 26 0 0 0.42
283 38 20 0 0 0.38
284 33 36 0 0 0.33
285 21 44 0 0 0.21
286 23 40 0 0 0.23
287 43 26 0 0 0.43
288 51 13 0 0 0.51
289 44 25 0 0 0.44
290 21 41 0 0 0.21
291 19 47 0 0 0.19
292 29 28 0 0 0.29
293 45 24 0 0 0.45
294 42 25 0 0 0.42
295 33 35 0 0 0.33
296 24 48 0 0 0.24
297 19 51 0 0 0.19
298 27 32 0 0 0.27
299 53 14 0 0 0.53
300 48 13 0 0 0.48
301 26 37 0 0 0.26
302 15 53 0 0 0.15
303 23 43 0 0 0.23
304 38 17 0 0 0.38
305 42 17 0 0 0.42
306 20 36 0 0 0.2
307 14 47 0 0 0.14
308 25 24 0 0 0.25
309 51 18 0 0 0.51
310 30 18 0 0 0.3
311 18 51 0 0 0.18
312 7 57 0 0 0.07
313 19 49 0 0 0.19
314 36 27 0 0 0.36
315 54 22 0 0 0.54
316 45 21 0 0 0.45
317 30 33 0 0 0.3
318 24 41 0 0 0.24
319 31 40 0 0 0.31
320 32 31 0 0 0.32
321 37 32 0 0 0.37
322 32 26 0 0 0.32
323 31 26 0 0 0.31
324 27 32 0 0 0.27
325 20 32 0 0 0.2
326 27 28 0 0 0.27
327 32 23 0 0 0.32
328 32 31 0 0 0.32
329 23 31 0 0 0.23
330 26 29 0 0 0.26
331 29 23 0 0 0.29
332 29 26 0 0 0.29
333 24 33 0 0 0.24
334 22 32 0 0 0.22
335 32 28 0 0 0.32
336 35 20 0 0 0.35
337 35 23 0 0 0.35
338 24 32 0 0 0.24
339 17 44 0 0 0.17
340 21 35 0 0 0.21
341 40 20 0 0 0.4
342 41 20 0 0 0.41
343 27 33 0 0 0.27
344 21 43 0 0 0.21
345 23 37 0 0 0.23
346 37 27 0 0 0.37
347 42 29 0 0 0.42
348 29 35 0 0 0.29
349 24 44 0 0 0.24
350 22 43 0 0 0.22
351 31 28 0 0 0.31
352 46 21 0 0 0.46
353 35 24 0 0 0.35
354 24 40 0 0 0.24
355 20 45 0 0 0.2
356 30 39 0 0 0.3
357 32 22 0 0 0.32
358 40 29 0 0 0.4
359 32 26 0 0 0.32
360 35 34 0 0 0.35
361 26 32 0 0 0.26
362 25 35 0 0 0.25
363 29 34 0 0 0.29
364 30 26 0 0 0.3
365 32 35 0 0 0.32
366 24 35 0 0 0.24
367 32 41 0 0 0.32
368 29 31 0 0 0.29
369 39 38 0 0 0.39
370 21 32 0 0 0.21
371 28 40 0 0 0.28
372 31 24 0 0 0.31
373 41 24 0 0 0.41
374 28 26 0 0 0.28
375 22 41 0 0 0.22
376 23 38 0 0 0.23
377 34 28 0 0 0.34
378 44 27 0 0 0.44
379 36 25 0 0 0.36
380 31 39 0 0 0.31
381 19 46 0 0 0.19
382 22 48 0 0 0.22
383 27 28 0 0 0.27
384 42 21 0 0 0.42
385 31 21 0 0 0.31
386 22 42 0 0 0.22
387 20 43 0 0 0.2
388 30 25 0 0 0.3
389 40 23 0 0 0.4
390 21 28 0 0 0.21
391 22 45 0 0 0.22
392 23 24 0 0 0.23
393 46 21 0 0 0.46
394 45 19 0 0 0.45
395 34 30 0 0 0.34
396 22 39 0 0 0.22
397 29 39 0 0 0.29
398 36 27 0 0 0.36
399 40 25 0 0 0.4
400 38 28 0 0 0.38
401 36 35 0 0 0.36
402 36 38 0 0 0.36
403 40 44 0 0 0.4
404 35 43 0 0 0.35
405 30 38 0 0 0.3
406 32 40 0 0 0.32
407 28 30 0 0 0.28
408 39 31 0 0 0.39
409 42 26 0 0 0.42
410 37 25 0 0 0.37
411 24 30 0 0 0.24
412 27 41 0 0 0.27
413 24 27 0 0 0.24
414 48 27 0 0 0.48
415 35 12 0 0 0.35
416 25 38 0 0 0.25
417 13 50 0 0 0.13
418 24 44 0 0 0.24
419 37 23 0 0 0.37
420 48 21 0 0 0.48
421 28 27 0 0 0.28
422 19 45 0 0 0.19
423 24 37 0 0 0.24
424 35 16 0 0 0.35
425 46 20 0 0 0.46
426 30 28 0 0 0.3
427 21 42 0 0 0.21
428 23 38 0 0 0.23
429 39 25 0 0 0.39
430 41 23 0 0 0.41
431 23 37 0 0 0.23
432 23 58 0 0 0.23
433 24 46 0 0 0.24
434 40 34 0 0 0.4
435 46 28 0 0 0.46
436 40 32 0 0 0.4
437 30 42 0 0 0.3
438 23 44 0 0 0.23
439 37 39 0 0 0.37
440 48 23 0 0 0.48
441 47 23 0 0 0.47
442 35 34 0 0 0.35
443 28 41 0 0 0.28
444 28 37 0 0 0.28
445 37 31 0 0 0.37
446 38 29 0 0 0.38
447 32 29 0 0 0.32
448 31 34 0 0 0.31
449 21 34 0 0 0.21
450 27 41 0 0 0.27
451 28 32 0 0 0.28
452 37 28 0 0 0.37
453 39 27 0 0 0.39
454 31 28 0 0 0.31
455 29 35 0 0 0.29
456 26 34 0 0 0.26
457 30 27 0 0 0.3
458 31 25 0 0 0.31
459 26 34 0 0 0.26
460 23 38 0 0 0.23
461 24 30 0 0 0.24
462 32 27 0 0 0.32
463 31 28 0 0 0.31
464 27 34 0 0 0.27
465 22 32 0 0 0.22
466 33 30 0 0 0.33
467 34 18 0 0 0.34
468 40 27 0 0 0.4
469 22 26 0 0 0.22
470 26 41 0 0 0.26
471 23 27 0 0 0.23
472 37 29 0 0 0.37
473 29 24 0 0 0.29
474 30 38 0 0 0.3
475 16 35 0 0 0.16
476 30 37 0 0 0.3
477 38 24 0 0 0.38
478 36 25 0 0 0.36
479 25 35 0 0 0.25
480 24 38 0 0 0.24
481 31 24 0 0 0.31
482 43 21 0 0 0.43
483 37 18 0 0 0.37
484 34 32 0 0 0.34
485 21 42 0 0 0.21
486 18 42 0 0 0.18
487 34 31 0 0 0.34
488 48 23 0 0 0.48
489 48 25 0 0 0.48
490 37 34 0 0 0.37
491 25 47 0 0 0.25
492 24 54 0 0 0.24
493 27 41 0 0 0.27
494 38 22 0 0 0.38
495 51 22 0 0 0.51
496 38 27 0 0 0.38
497 33 43 0 0 0.33
498 28 46 0 0 0.28
499 31 49 0 0 0.31
500 31 48 0 0 0.31
501 35 46 0 0 0.35
502 40 28 0 0 0.4
503 57 23 0 0 0.57
504 57 24 0 0 0.57
505 37 31 0 0 0.37
506 24 49 0 0 0.24
507 17 55 0 0 0.17
508 20 43 0 0 0.2
509 35 27 0 0 0.35
510 45 19 0 0 0.45
511 43 23 0 0 0.43
512 25 27 0 0 0.25
513 25 37 0 0 0.25
514 28 29 0 0 0.28
515 36 25 0 0 0.36
516 34 26 0 0 0.34
517 28 34 0 0 0.28
518 27 38 0 0 0.27
519 28 26 0 0 0.28
520 43 24 0 0 0.43
521 40 23 0 0 0.4
522 32 28 0 0 0.32
523 29 28 0 0 0.29
524 32 28 0 0 0.32
525 29 26 0 0 0.29
526 28 29 0 0 0.28
527 29 28 0 0 0.29
528 31 26 0 0 0.31
529 30 34 0 0 0.3
530 21 38 0 0 0.21
531 29 39 0 0 0.29
532 26 21 0 0 0.26
533 31 32 0 0 0.31
534 18 33 0 0 0.18
535 27 37 0 0 0.27
536 29 27 0 0 0.29
537 31 29 0 0 0.31
538 31 32 0 0 0.31
539 27 25 0 0 0.27
540 35 28 0 0 0.35
541 32 26 0 0 0.32
542 27 26 0 0 0.27
543 33 33 0 0 0.33
544 25 30 0 0 0.25
545 37 34 0 0 0.37
546 39 17 0 0 0.39
547 50 30 0 0 0.5
548 31 28 0 0 0.31
549 29 42 0 0 0.29
550 23 40 0 0 0.23
551 31 35 0 0 0.31
552 35 23 0 0 0.35
553 39 28 0 0 0.39
554 27 31 0 0 0.27
555 23 41 0 0 0.23
556 24 39 0 0 0.24
557 31 27 0 0 0.31
558 35 32 0 0 0.35
559 27 42 0 0 0.27
560 25 40 0 0 0.25
561 29 30 0 0 0.29
562 35 28 0 0 0.35
563 28 28 0 0 0.28
564 26 40 0 0 0.26
565 26 43 0 0 0.26
566 31 38 0 0 0.31
567 36 35 0 0 0.36
568 38 39 0 0 0.38
569 30 42 0 0 0.3
570 25 48 0 0 0.25
571 26 46 0 0 0.26
572 31 39 0 0 0.31
573 38 33 0 0 0.38
574 40 30 0 0 0.4
575 33 36 0 0 0.33
576 24 44 0 0 0.24
577 27 47 0 0 0.27
578 28 38 0 0 0.28
579 36 33 0 0 0.36
580 38 33 0 0 0.38
581 27 37 0 0 0.27
582 25 44 0 0 0.25
583 21 35 0 0 0.21
584 34 36 0 0 0.34
585 30 26 0 0 0.3
586 35 30 0 0 0.35
587 31 25 0 0 0.31
588 35 32 0 0 0.35
589 27 32 0 0 0.27
590 31 38 0 0 0.31
591 28 22 0 0 0.28
592 42 28 0 0 0.42
593 20 22 0 0 0.2
594 27 44 0 0 0.27
595 23 29 0 0 0.23
596 41 27 0 0 0.41
597 30 21 0 0 0.3
598 26 42 0 0 0.26
599 18 36 0 0 0.18
600 34 27 0 0 0.34
601 40 17 0 0 0.4
602 38 25 0 0 0.38
603 27 31 0 0 0.27
604 26 31 0 0 0.26
605 34 27 0 0 0.34
606 37 25 0 0 0.37
607 26 32 0 0 0.26
608 16 44 0 0 0.16
609 20 36 0 0 0.2
610 40 22 0 0 0.4
611 46 19 0 0 0.46
612 23 30 0 0 0.23
613 16 51 0 0 0.16
614 21 42 0 0 0.21
615 39 25 0 0 0.39
616 51 18 0 0 0.51
617 39 23 0 0 0.39
618 24 42 0 0 0.24
619 16 50 0 0 0.16
620 23 36 0 0 0.23
621 44 26 0 0 0.44
622 42 18 0 0 0.42
623 31 31 0 0 0.31
624 21 46 0 0 0.21
625 20 37 0 0 0.2
626 38 35 0 0 0.38
627 27 28 0 0 0.27
628 26 42 0 0 0.26
629 20 37 0 0 0.2
630 34 32 0 0 0.34
631 43 25 0 0 0.43
632 32 24 0 0 0.32
633 28 40 0 0 0.28
634 22 41 0 0 0.22
635 32 35 0 0 0.32
636 44 22 0 0 0.44
637 45 21 0 0 0.45
638 33 31 0 0 0.33
639 25 49 0 0 0.25
640 18 45 0 0 0.18
641 33 40 0 0 0.33
642 43 31 0 0 0.43
643 49 31 0 0 0.49
644 43 33 0 0 0.43
645 35 38 0 0 0.35
646 30 41 0 0 0.3
647 29 33 0 0 0.29
648 41 34 0 0 0.41
649 35 27 0 0 0.35
650 38 31 0 0 0.38
651 35 26 0 0 0.35
652 37 28 0 0 0.37
653 29 24 0 0 0.29
654 37 30 0 0 0.37
655 36 21 0 0 0.36
656 40 32 0 0 0.4
657 26 31 0 0 0.26
658 30 40 0 0 0.3
659 27 30 0 0 0.27
660 38 23 0 0 0.38
661 42 22 0 0 0.42
662 32 31 0 0 0.32
663 16 42 0 0 0.16
664 19 48 0 0 0.19
665 32 28 0 0 0.32
666 52 19 0 0 0.52
667 52 20 0 0 0.52
668 33 29 0 0 0.33
669 18 46 0 0 0.18
670 24 47 0 0 0.24
671 35 25 0 0 0.35
672 54 23 0 0 0.54
673 38 19 0 0 0.38
674 24 41 0 0 0.24
675 15 48 0 0 0.15
676 28 40 0 0 0.28
677 39 26 0 0 0.39
678 42 23 0 0 0.42
679 32 31 0 0 0.32
680 25 46 0 0 0.25
681 25 41 0 0 0.25
682 41 34 0 0 0.41
683 44 23 0 0 0.44
684 46 31 0 0 0.46
685 28 27 0 0 0.28
686 28 42 0 0 0.28
687 16 38 0 0 0.16
688 31 37 0 0 0.31
689 33 26 0 0 0.33
690 31 32 0 0 0.31
691 25 36 0 0 0.25
692 25 39 0 0 0.25
693 29 32 0 0 0.29
694 36 23 0 0 0.36
695 40 29 0 0 0.4
696 31 32 0 0 0.31
697 36 39 0 0 0.36
698 27 25 0 0 0.27
699 38 29 0 0 0.38
700 30 21 0 0 0.3
701 33 33 0 0 0.33
702 30 40 0 0 0.3
703 26 31 0 0 0.26
704 42 29 0 0 0.42
705 39 19 0 0 0.39
706 39 28 0 0 0.39
707 28 35 0 0 0.28
708 27 42 0 0 0.27
709 26 31 0 0 0.26
710 35 29 0 0 0.35
711 28 27 0 0 0.28
712 32 35 0 0 0.32
713 35 24 0 0 0.35
714 42 22 0 0 0.42
715 34 27 0 0 0.34
716 25 40 0 0 0.25
717 22 51 0 0 0.22
718 22 44 0 0 0.22
719 39 32 0 0 0.39
720 50 13 0 0 0.5
721 54 22 0 0 0.54
722 29 30 0 0 0.29
723 31 51 0 0 0.31
724 23 42 0 0 0.23
725 31 43 0 0 0.31
726 33 34 0 0 0.33
727 41 29 0 0 0.41
728 38 24 0 0 0.38
729 28 33 0 0 0.28
730 23 36 0 0 0.23
731 34 31 0 0 0.34
732 39 18 0 0 0.39
733 47 24 0 0 0.47
734 31 33 0 0 0.31
735 20 48 0 0 0.2
736 22 47 0 0 0.22
737 36 33 0 0 0.36
738 45 22 0 0 0.45
739 40 23 0 0 0.4
740 29 33 0 0 0.29
741 23 43 0 0 0.23
742 21 39 0 0 0.21
743 30 31 0 0 0.3
744 33 18 0 0 0.33
745 36 24 0 0 0.36
746 27 29 0 0 0.27
747 31 31 0 0 0.31
748 37 27 0 0 0.37
749 32 29 0 0 0.32
750 29 36 0 0 0.29
751 30 31 0 0 0.3
752 34 25 0 0 0.34
753 33 26 0 0 0.33
754 30 33 0 0 0.3
755 28 39 0 0 0.28
756 23 29 0 0 0.23
757 37 27 0 0 0.37
758 37 22 0 0 0.37
759 30 28 0 0 0.3
760 26 40 0 0 0.26
761 25 30 0 0 0.25
762 44 29 0 0 0.44
763 41 29 0 0 0.41
764 28 40 0 0 0.28
765 23 49 0 0 0.23
766 25 38 0 0 0.25
767 36 28 0 0 0.36
768 38 24 0 0 0.38
769 32 30 0 0 0.32
770 25 31 0 0 0.25
771 28 36 0 0 0.28
772 32 34 0 0 0.32
773 39 33 0 0 0.39
774 30 31 0 0 0.3
775 34 44 0 0 0.34
776 28 40 0 0 0.28
777 32 47 0 0 0.32
778 26 40 0 0 0.26
779 38 41 0 0 0.38
780 40 22 0 0 0.4
781 57 25 0 0 0.57
782 46 22 0 0 0.46
783 43 35 0 0 0.43
784 27 31 0 0 0.27
785 35 37 0 0 0.35
786 33 26 0 0 0.33
787 38 29 0 0 0.38
788 29 29 0 0 0.29
789 33 38 0 0 0.33
790 25 25 0 0 0.25
791 37 28 0 0 0.37
792 42 23 0 0 0.42
793 41 28 0 0 0.41
794 31 28 0 0 0.31
795 34 32 0 0 0.34
796 36 32 0 0 0.36
797 39 32 0 0 0.39
798 42 27 0 0 0.42
799 42 20 0 0 0.42
800 40 26 0 0 0.4
801 28 34 0 0 0.28
802 25 46 0 0 0.25
803 24 33 0 0 0.24
804 41 22 0 0 0.41
805 40 19 0 0 0.4
806 29 32 0 0 0.29
807 21 40 0 0 0.21
808 26 35 0 0 0.26
809 37 23 0 0 0.37
810 40 22 0 0 0.4
811 28 33 0 0 0.28
812 21 47 0 0 0.21
813 22 44 0 0 0.22
814 31 32 0 0 0.31
815 36 29 0 0 0.36
816 25 42 0 0 0.25
817 15 56 0 0 0.15
818 19 54 0 0 0.19
819 33 37 0 0 0.33
820 45 22 0 0 0.45
821 51 26 0 0 0.51
822 39 33 0 0 0.39
823 25 40 0 0 0.25
824 29 42 0 0 0.29
825 38 27 0 0 0.38
826 52 22 0 0 0.52
827 47 16 0 0 0.47
828 46 25 0 0 0.46
829 30 34 0 0 0.3
830 19 48 0 0 0.19
831 23 45 0 0 0.23
832 34 26 0 0 0.34
833 52 26 0 0 0.52
834 42 22 0 0 0.42
835 28 37 0 0 0.28
836 11 48 0 0 0.11
837 21 40 0 0 0.21
838 41 17 0 0 0.41
839 56 17 0 0 0.56
840 34 23 0 0 0.34
841 18 53 0 0 0.18
842 9 56 0 0 0.09
843 27 34 0 0 0.27
844 47 20 0 0 0.47
845 46 26 0 0 0.46
846 29 30 0 0 0.29
847 25 40 0 0 0.25
848 27 45 0 0 0.27
849 28 41 0 0 0.28
850 36 32 0 0 0.36
851 46 27 0 0 0.46
852 39 25 0 0 0.39
853 37 36 0 0 0.37
854 27 31 0 0 0.27
855 39 31 0 0 0.39
856 39 18 0 0 0.39
857 37 27 0 0 0.37
858 22 30 0 0 0.22
859 27 37 0 0 0.27
860 32 31 0 0 0.32
861 35 28 0 0 0.35
862 28 31 0 0 0.28
863 24 40 0 0 0.24
864 22 34 0 0 0.22
865 34 30 0 0 0.34
866 36 22 0 0 0.36
867 33 28 0 0 0.33
868 21 37 0 0 0.21
869 21 39 0 0 0.21
870 29 28 0 0 0.29
871 39 24 0 0 0.39
872 34 26 0 0 0.34
873 33 39 0 0 0.33
874 19 29 0 0 0.19
875 29 35 0 0 0.29
876 28 27 0 0 0.28
877 36 33 0 0 0.36
878 27 24 0 0 0.27
879 33 35 0 0 0.33
880 22 29 0 0 0.22
881 34 32 0 0 0.34
882 39 21 0 0 0.39
883 38 23 0 0 0.38
884 31 37 0 0 0.31
885 27 45 0 0 0.27
886 25 37 0 0 0.25
887 35 29 0 0 0.35
888 39 25 0 0 0.39
889 38 26 0 0 0.38
890 36 29 0 0 0.36
891 40 36 0 0 0.4
892 28 23 0 0 0.28
893 38 39 0 0 0.38
894 28 27 0 0 0.28
895 36 22 0 0 0.36
896 35 20 0 0 0.35
897 30 29 0 0 0.3
898 26 40 0 0 0.26
899 23 38 0 0 0.23
900 34 34 0 0 0.34
901 41 21 0 0 0.41
902 47 22 0 0 0.47
903 28 30 0 0 0.28
904 22 47 0 0 0.22
905 26 34 0 0 0.26
906 42 27 0 0 0.42
907 41 23 0 0 0.41
908 40 27 0 0 0.4
909 37 36 0 0 0.37
910 35 42 0 0 0.35
911 34 31 0 0 0.34
912 46 27 0 0 0.46
913 52 24 0 0 0.52
914 47 30 0 0 0.47
915 34 42 0 0 0.34
916 24 52 0 0 0.24
917 21 52 0 0 0.21
918 28 44 0 0 0.28
919 36 35 0 0 0.36
920 37 27 0 0 0.37
921 35 30 0 0 0.35
922 29 38 0 0 0.29
923 27 44 0 0 0.27
924 32 43 0 0 0.32
925 33 29 0 0 0.33
926 38 30 0 0 0.38
927 27 29 0 0 0.27
928 26 41 0 0 0.26
929 25 37 0 0 0.25
930 37 28 0 0 0.37
931 48 18 0 0 0.48
932 39 17 0 0 0.39
933 24 37 0 0 0.24
934 17 46 0 0 0.17
935 25 33 0 0 0.25
936 39 16 0 0 0.39
937 39 19 0 0 0.39
938 21 33 0 0 0.21
939 20 47 0 0 0.2
940 22 30 0 0 0.22
941 36 22 0 0 0.36
942 36 26 0 0 0.36
943 29 34 0 0 0.29
944 24 30 0 0 0.24
945 29 32 0 0 0.29
946 26 30 0 0 0.26
947 28 27 0 0 0.28
948 35 26 0 0 0.35
949 35 23 0 0 0.35
950 39 28 0 0 0.39
951 37 29 0 0 0.37
952 32 38 0 0 0.32
953 20 48 0 0 0.2
954 20 53 0 0 0.2
955 28 46 0 0 0.28
956 45 43 0 0 0.45
957 51 38 0 0 0.51
958 49 36 0 0 0.49
959 39 36 0 0 0.39
960 38 42 0 0 0.38
961 36 33 0 0 0.36
962 43 31 0 0 0.43
963 41 22 0 0 0.41
964 42 29 0 0 0.42
965 27 35 0 0 0.27
966 27 42 0 0 0.27
967 29 30 0 0 0.29
968 44 26 0 0 0.44
969 46 21 0 0 0.46
970 38 28 0 0 0.38
971 24 35 0 0 0.24
972 24 40 0 0 0.24
973 33 29 0 0 0.33
974 42 20 0 0 0.42
975 34 25 0 0 0.34
976 24 37 0 0 0.24
977 26 43 0 0 0.26
978 32 35 0 0 0.32
979 37 28 0 0 0.37
980 28 28 0 0 0.28
981 24 36 0 0 0.24
982 22 30 0 0 0.22
983 32 26 0 0 0.32
984 32 25 0 0 0.32
985 22 30 0 0 0.22
986 27 37 0 0 0.27
987 28 24 0 0 0.28
988 37 30 0 0 0.37
989 26 30 0 0 0.26
990 26 31 0 0 0.26
991 36 26 0 0 0.36
992 39 25 0 0 0.39
993 28 32 0 0 0.28
994 21 43 0 0 0.21
995 21 44 0 0 0.21
996 28 28 0 0 0.28
997 44 24 0 0 0.44
998 34 23 0 0 0.34
999 26 37 0 0 0.26
1000 23 39 0 0 0.23
1001 34 30 0 0 0.34
1002 41 13 0 0 0.41
1003 45 20 0 0 0.45
1004 24 27 0 0 0.24
1005 27 43 0 0 0.27
1006 27 24 0 0 0.27
1007 49 22 0 0 0.49
1008 43 14 0 0 0.43
1009 46 31 0 0 0.46
1010 32 27 0 0 0.32
1011 35 33 0 0 0.35
1012 23 36 0 0 0.23
1013 22 42 0 0 0.22
1014 30 35 0 0 0.3
1015 39 26 0 0 0.39
1016 42 25 0 0 0.42
1017 29 29 0 0 0.29
1018 24 44 0 0 0.24
1019 22 46 0 0 0.22
1020 27 36 0 0 0.27
1021 37 27 0 0 0.37
1022 39 20 0 0 0.39
1023 39 28 0 0 0.39
1024 27 35 0 0 0.27
1025 22 42 0 0 0.22
1026 25 38 0 0 0.25
1027 33 24 0 0 0.33
1028 35 22 0 0 0.35
1029 26 35 0 0 0.26
1030 20 38 0 0 0.2
1031 28 34 0 0 0.28
1032 37 26 0 0 0.37
1033 45 21 0 0 0.45
1034 46 29 0 0 0.46
1035 28 35 0 0 0.28
1036 25 45 0 0 0.25
1037 25 31 0 0 0.25
1038 41 28 0 0 0.41
1039 31 24 0 0 0.31
1040 28 37 0 0 0.28
1041 27 38 0 0 0.27
1042 35 31 0 0 0.35
1043 42 25 0 0 0.42
1044 35 26 0 0 0.35
1045 32 39 0 0 0.32
1046 22 43 0 0 0.22
1047 26 43 0 0 0.26
1048 31 30 0 0 0.31
1049 38 28 0 0 0.38
1050 34 28 0 0 0.34
1051 23 35 0 0 0.23
1052 20 37 0 0 0.2
1053 28 32 0 0 0.28
1054 33 23 0 0 0.33
1055 39 24 0 0 0.39
1056 27 27 0 0 0.27
1057 22 39 0 0 0.22
1058 25 39 0 0 0.25
1059 31 32 0 0 0.31
1060 33 28 0 0 0.33
1061 29 27 0 0 0.29
1062 27 33 0 0 0.27
1063 26 31 0 0 0.26
1064 34 32 0 0 0.34
1065 27 23 0 0 0.27
1066 36 31 0 0 0.36
1067 33 26 0 0 0.33
1068 38 27 0 0 0.38
1069 42 23 0 0 0.42
1070 40 24 0 0 0.4
1071 26 33 0 0 0.26
1072 19 42 0 0 0.19
1073 23 33 0 0 0.23
1074 36 24 0 0 0.36
1075 30 23 0 0 0.3
1076 26 37 0 0 0.26
1077 22 35 0 0 0.22
1078 31 29 0 0 0.31
1079 36 20 0 0 0.36
1080 39 25 0 0 0.39
1081 31 33 0 0 0.31
1082 21 36 0 0 0.21
1083 35 33 0 0 0.35
1084 42 11 0 0 0.42
1085 39 20 0 0 0.39
1086 16 37 0 0 0.16
1087 18 45 0 0 0.18
1088 29 28 0 0 0.29
1089 44 22 0 0 0.44
1090 36 21 0 0 0.36
1091 30 37 0 0 0.3
1092 21 35 0 0 0.21
1093 34 36 0 0 0.34
1094 35 26 0 0 0.35
1095 38 28 0 0 0.38
1096 30 34 0 0 0.3
1097 21 42 0 0 0.21
1098 22 34 0 0 0.22
1099 34 26 0 0 0.34
1100 35 27 0 0 0.35
1101 30 29 0 0 0.3
1102 28 31 0 0 0.28
1103 28 34 0 0 0.28
1104 28 28 0 0 0.28
1105 36 22 0 0 0.36
1106 35 24 0 0 0.35
1107 22 31 0 0 0.22
1108 28 37 0 0 0.28
1109 37 25 0 0 0.37
1110 48 25 0 0 0.48
1111 34 30 0 0 0.34
1112 23 42 0 0 0.23
1113 26 40 0 0 0.26
1114 35 25 0 0 0.35
1115 40 19 0 0 0.4
1116 37 27 0 0 0.37
1117 32 40 0 0 0.32
1118 25 44 0 0 0.25
1119 24 37 0 0 0.24
1120 34 25 0 0 0.34
1121 37 22 0 0 0.37
1122 30 34 0 0 0.3
1123 17 40 0 0 0.17
1124 23 43 0 0 0.23
1125 32 24 0 0 0.32
1126 43 21 0 0 0.43
1127 27 23 0 0 0.27
1128 20 40 0 0 0.2
1129 22 35 0 0 0.22
1130 36 21 0 0 0.36
1131 42 23 0 0 0.42
1132 25 33 0 0 0.25
1133 18 52 0 0 0.18
1134 15 40 0 0 0.15
1135 39 23 0 0 0.39
1136 49 12 0 0 0.49
1137 38 24 0 0 0.38
1138 23 38 0 0 0.23
1139 27 40 0 0 0.27
1140 40 29 0 0 0.4
1141 36 23 0 0 0.36
1142 29 40 0 0 0.29
1143 19 43 0 0 0.19
1144 26 37 0 0 0.26
1145 38 20 0 0 0.38
1146 49 17 0 0 0.49
1147 33 23 0 0 0.33
1148 23 45 0 0 0.23
1149 18 36 0 0 0.18
1150 41 27 0 0 0.41
1151 41 18 0 0 0.41
1152 34 34 0 0 0.34
1153 20 42 0 0 0.2
1154 23 37 0 0 0.23
1155 34 26 0 0 0.34
1156 35 24 0 0 0.35
1157 29 30 0 0 0.29
1158 25 38 0 0 0.25
1159 24 32 0 0 0.24
1160 35 31 0 0 0.35
1161 36 33 0 0 0.36
1162 28 35 0 0 0.28
1163 23 36 0 0 0.23
1164 24 35 0 0 0.24
1165 25 31 0 0 0.25
1166 33 29 0 0 0.33
1167 32 25 0 0 0.32
1168 30 30 0 0 0.3
1169 24 29 0 0 0.24
1170 26 30 0 0 0.26
1171 29 29 0 0 0.29
1172 31 28 0 0 0.31
1173 33 30 0 0 0.33
1174 22 32 0 0 0.22
1175 17 45 0 0 0.17
1176 19 41 0 0 0.19
1177 32 25 0 0 0.32
1178 47 22 0 0 0.47
1179 37 20 0 0 0.37
1180 34 28 0 0 0.34
1181 30 25 0 0 0.3
1182 34 24 0 0 0.34
1183 34 27 0 0 0.34
1184 22 32 0 0 0.22
1185 22 37 0 0 0.22
1186 33 31 0 0 0.33
1187 37 25 0 0 0.37
1188 35 33 0 0 0.35
1189 27 32 0 0 0.27
1190 32 40 0 0 0.32
1191 28 34 0 0 0.28
1192 34 32 0 0 0.34
1193 30 32 0 0 0.3
1194 29 40 0 0 0.29
1195 30 34 0 0 0.3
1196 39 26 0 0 0.39
1197 44 24 0 0 0.44
1198 42 25 0 0 0.42
1199 35 26 0 0 0.35
1200 26 32 0 0 0.26
1201 26 35 0 0 0.26
1202 36 23 0 0 0.36
1203 49 17 0 0 0.49
1204 43 19 0 0 0.43
1205 27 32 0 0 0.27
1206 19 44 0 0 0.19
1207 23 38 0 0 0.23
1208 35 26 0 0 0.35
1209 41 23 0 0 0.41
1210 33 30 0 0 0.33
1211 20 38 0 0 0.2
1212 21 39 0 0 0.21
1213 33 32 0 0 0.33
1214 41 25 0 0 0.41
1215 38 25 0 0 0.38
1216 31 30 0 0 0.31
1217 31 36 0 0 0.31
1218 35 33 0 0 0.35
1219 44 24 0 0 0.44
1220 48 19 0 0 0.48
1221 42 23 0 0 0.42
1222 34 33 0 0 0.34
1223 28 35 0 0 0.28
1224 32 31 0 0 0.32
1225 33 26 0 0 0.33
1226 33 32 0 0 0.33
1227 24 34 0 0 0.24
1228 25 37 0 0 0.25
1229 29 32 0 0 0.29
1230 36 32 0 0 0.36
1231 29 28 0 0 0.29
1232 31 33 0 0 0.31
1233 28 25 0 0 0.28
1234 32 33 0 0 0.32
1235 22 33 0 0 0.22
1236 24 39 0 0 0.24
1237 23 36 0 0 0.23
1238 27 34 0 0 0.27
1239 25 36 0 0 0.25
1240 24 39 0 0 0.24
1241 27 29 0 0 0.27
1242 38 27 0 0 0.38
1243 31 23 0 0 0.31
1244 27 32 0 0 0.27
1245 23 35 0 0 0.23
1246 30 36 0 0 0.3
1247 31 21 0 0 0.31
1248 39 23 0 0 0.39
1249 25 26 0 0 0.25
1250 25 36 0 0 0.25
1251 26 25 0 0 0.26
1252 35 26 0 0 0.35
1253 32 25 0 0 0.32
1254 30 27 0 0 0.3
1255 26 32 0 0 0.26
1256 29 32 0 0 0.29
1257 41 29 0 0 0.41
1258 39 22 0 0 0.39
1259 36 29 0 0 0.36
1260 28 36 0 0 0.28
1261 22 36 0 0 0.22
1262 27 33 0 0 0.27
1263 32 26 0 0 0.32
1264 28 25 0 0 0.28
1265 27 30 0 0 0.27
1266 28 25 0 0 0.28
1267 31 27 0 0 0.31
1268 25 34 0 0 0.25
1269 22 36 0 0 0.22
1270 29 25 0 0 0.29
1271 42 27 0 0 0.42
1272 26 30 0 0 0.26
1273 23 47 0 0 0.23
1274 19 37 0 0 0.19
1275 33 30 0 0 0.33
1276 43 18 0 0 0.43
1277 43 19 0 0 0.43
1278 30 34 0 0 0.3
1279 19 42 0 0 0.19
1280 25 38 0 0 0.25
1281 39 26 0 0 0.39
1282 48 21 0 0 0.48
1283 36 20 0 0 0.36
1284 35 35 0 0 0.35
1285 25 31 0 0 0.25
1286 34 30 0 0 0.34
1287 36 16 0 0 0.36
1288 36 26 0 0 0.36
1289 22 35 0 0 0.22
1290 27 41 0 0 0.27
1291 31 26 0 0 0.31
1292 40 23 0 0 0.4
1293 39 25 0 0 0.39
1294 28 29 0 0 0.28
1295 24 44 0 0 0.24
1296 19 32 0 0 0.19
1297 41 24 0 0 0.41
1298 47 18 0 0 0.47
1299 43 31 0 0 0.43
1300 24 42 0 0 0.24
1301 22 57 0 0 0.22
1302 18 42 0 0 0.18
1303 34 33 0 0 0.34
1304 37 19 0 0 0.37
1305 36 27 0 0 0.36
1306 20 41 0 0 0.2
1307 22 48 0 0 0.22
1308 33 27 0 0 0.33
1309 47 19 0 0 0.47
1310 39 26 0 0 0.39
1311 24 39 0 0 0.24
1312 22 43 0 0 0.22
1313 29 34 0 0 0.29
1314 33 24 0 0 0.33
1315 36 28 0 0 0.36
1316 28 24 0 0 0.28
1317 36 32 0 0 0.36
1318 34 21 0 0 0.34
1319 42 28 0 0 0.42
1320 32 31 0 0 0.32
1321 35 35 0 0 0.35
1322 39 33 0 0 0.39
1323 33 30 0 0 0.33
1324 36 39 0 0 0.36
1325 34 31 0 0 0.34
1326 42 32 0 0 0.42
1327 37 35 0 0 0.37
1328 27 44 0 0 0.27
1329 23 49 0 0 0.23
1330 26 42 0 0 0.26
1331 33 35 0 0 0.33
1332 34 33 0 0 0.34
1333 32 34 0 0 0.32
1334 33 30 0 0 0.33
1335 37 30 0 0 0.37
1336 32 28 0 0 0.32
1337 30 29 0 0 0.3
1338 31 29 0 0 0.31
1339 32 34 0 0 0.32
1340 23 35 0 0 0.23
1341 28 32 0 0 0.28
1342 36 25 0 0 0.36
1343 34 34 0 0 0.34
1344 20 43 0 0 0.2
1345 23 50 0 0 0.23
1346 29 38 0 0 0.29
1347 36 28 0 0 0.36
1348 31 32 0 0 0.31
1349 31 42 0 0 0.31
1350 26 40 0 0 0.26
1351 30 42 0 0 0.3
1352 35 30 0 0 0.35
1353 34 21 0 0 0.34
1354 37 32 0 0 0.37
1355 29 28 0 0 0.29
1356 35 24 0 0 0.35
1357 33 21 0 0 0.33
1358 27 31 0 0 0.27
1359 22 40 0 0 0.22
1360 28 40 0 0 0.28
1361 38 29 0 0 0.38
1362 42 23 0 0 0.42
1363 39 32 0 0 0.39
1364 26 40 0 0 0.26
1365 24 42 0 0 0.24
1366 30 32 0 0 0.3
1367 38 28 0 0 0.38
1368 37 28 0 0 0.37
1369 35 34 0 0 0.35
1370 28 31 0 0 0.28
1371 34 31 0 0 0.34
1372 29 27 0 0 0.29
1373 30 37 0 0 0.3
1374 28 35 0 0 0.28
1375 27 27 0 0 0.27
1376 35 26 0 0 0.35
1377 32 24 0 0 0.32
1378 23 39 0 0 0.23
1379 14 44 0 0 0.14
1380 28 33 0 0 0.28
1381 45 24 0 0 0.45
1382 39 25 0 0 0.39
1383 23 36 0 0 0.23
1384 19 46 0 0 0.19
1385 23 35 0 0 0.23
1386 37 29 0 0 0.37
1387 39 26 0 0 0.39
1388 39 29 0 0 0.39
1389 36 36 0 0 0.36
1390 28 43 0 0 0.28
1391 18 40 0 0 0.18
1392 26 36 0 0 0.26
1393 37 24 0 0 0.37
1394 36 23 0 0 0.36
1395 22 39 0 0 0.22
1396 16 52 0 0 0.16
1397 24 39 0 0 0.24
1398 40 21 0 0 0.4
1399 48 22 0 0 0.48
1400 25 23 0 0 0.25
1401 23 44 0 0 0.23
1402 21 29 0 0 0.21
1403 41 21 0 0 0.41
1404 33 18 0 0 0.33
1405 21 36 0 0 0.21
1406 18 39 0 0 0.18
1407 31 33 0 0 0.31
1408 36 22 0 0 0.36
1409 41 26 0 0 0.41
1410 29 28 0 0 0.29
1411 25 33 0 0 0.25
1412 31 30 0 0 0.31
1413 40 26 0 0 0.4
1414 44 24 0 0 0.44
1415 38 29 0 0 0.38
1416 23 37 0 0 0.23
1417 29 37 0 0 0.29
1418 42 20 0 0 0.42
1419 51 15 0 0 0.51
1420 42 23 0 0 0.42
1421 25 39 0 0 0.25
1422 21 52 0 0 0.21
1423 22 43 0 0 0.22
1424 35 34 0 0 0.35
1425 40 27 0 0 0.4
1426 41 32 0 0 0.41
1427 38 32 0 0 0.38
1428 45 36 0 0 0.45
1429 42 35 0 0 0.42
1430 39 38 0 0 0.39
1431 30 33 0 0 0.3
1432 35 36 0 0 0.35
1433 34 32 0 0 0.34
1434 39 36 0 0 0.39
1435 35 33 0 0 0.35
1436 33 35 0 0 0.33
1437 33 34 0 0 0.33
1438 35 32 0 0 0.35
1439 35 28 0 0 0.35
1440 40 29 0 0 0.4
1441 35 27 0 0 0.35
1442 38 36 0 0 0.38
1443 33 35 0 0 0.33
1444 34 34 0 0 0.34
1445 29 29 0 0 0.29
1446 28 36 0 0 0.28
1447 26 34 0 0 0.26
1448 32 33 0 0 0.32
1449 32 33 0 0 0.32
1450 34 36 0 0 0.34
1451 35 40 0 0 0.35
1452 23 43 0 0 0.23
1453 23 52 0 0 0.23
1454 23 41 0 0 0.23
1455 36 35 0 0 0.36
1456 45 29 0 0 0.45
1457 45 28 0 0 0.45
1458 41 30 0 0 0.41
1459 43 34 0 0 0.43
1460 40 34 0 0 0.4
1461 34 35 0 0 0.34
1462 35 38 0 0 0.35
1463 39 39 0 0 0.39
1464 39 38 0 0 0.39
1465 38 40 0 0 0.38
1466 30 46 0 0 0.3
1467 25 50 0 0 0.25
1468 27 50 0 0 0.27
1469 32 48 0 0 0.32
1470 40 40 0 0 0.4
1471 46 37 0 0 0.46
1472 42 38 0 0 0.42
1473 40 39 0 0 0.4
1474 40 44 0 0 0.4
1475 37 46 0 0 0.37
1476 41 43 0 0 0.41
1477 45 36 0 0 0.45
1478 46 36 0 0 0.46
1479 33 39 0 0 0.33
1480 25 47 0 0 0.25
1481 26 44 0 0 0.26
1482 39 39 0 0 0.39
1483 46 32 0 0 0.46
1484 48 30 0 0 0.48
1485 41 28 0 0 0.41
1486 37 30 0 0 0.37
1487 41 31 0 0 0.41
1488 38 24 0 0 0.38
1489 39 34 0 0 0.39
1490 29 36 0 0 0.29
1491 29 40 0 0 0.29
1492 34 37 0 0 0.34
1493 39 24 0 0 0.39
1494 46 25 0 0 0.46
1495 38 32 0 0 0.38
1496 28 38 0 0 0.28
1497 33 43 0 0 0.33
1498 37 34 0 0 0.37
1499 42 31 0 0 0.42
1500 38 34 0 0 0.38
1501 32 43 0 0 0.32
1502 26 41 0 0 0.26
1503 34 30 0 0 0.34
1504 46 27 0 0 0.46
1505 32 25 0 0 0.32
1506 24 35 0 0 0.24
1507 26 36 0 0 0.26
1508 30 28 0 0 0.3
1509 31 29 0 0 0.31
1510 21 34 0 0 0.21
1511 26 41 0 0 0.26
1512 28 22 0 0 0.28
1513 36 23 0 0 0.36
1514 22 27 0 0 0.22
1515 24 38 0 0 0.24
1516 28 24 0 0 0.28
1517 42 18 0 0 0.42
1518 36 23 0 0 0.36
1519 22 33 0 0 0.22
1520 20 40 0 0 0.2
1521 24 33 0 0 0.24
1522 35 25 0 0 0.35
1523 35 23 0 0 0.35
1524 32 29 0 0 0.32
1525 27 35 0 0 0.27
1526 23 40 0 0 0.23
1527 26 35 0 0 0.26
1528 32 27 0 0 0.32
1529 36 28 0 0 0.36
1530 26 29 0 0 0.26
1531 28 35 0 0 0.28
1532 33 27 0 0 0.33
1533 40 26 0 0 0.4
1534 33 27 0 0 0.33
1535 30 40 0 0 0.3
1536 24 40 0 0 0.24
1537 30 36 0 0 0.3
1538 33 26 0 0 0.33
1539 37 28 0 0 0.37
1540 40 29 0 0 0.4
1541 36 20 0 0 0.36
1542 35 27 0 0 0.35
1543 28 31 0 0 0.28
1544 27 34 0 0 0.27
1545 24 32 0 0 0.24
1546 25 34 0 0 0.25
1547 25 30 0 0 0.25
1548 34 27 0 0 0.34
1549 31 18 0 0 0.31
1550 32 31 0 0 0.32
1551 19 34 0 0 0.19
1552 30 37 0 0 0.3
1553 36 19 0 0 0.36
1554 41 25 0 0 0.41
1555 31 29 0 0 0.31
1556 38 31 0 0 0.38
1557 31 22 0 0 0.31
1558 35 37 0 0 0.35
1559 24 32 0 0 0.24
1560 37 28 0 0 0.37
1561 41 16 0 0 0.41
1562 35 29 0 0 0.35
1563 21 42 0 0 0.21
1564 18 37 0 0 0.18
1565 39 30 0 0 0.39
1566 41 18 0 0 0.41
1567 37 29 0 0 0.37
1568 25 32 0 0 0.25
1569 31 35 0 0 0.31
1570 30 31 0 0 0.3
1571 36 37 0 0 0.36
1572 32 27 0 0 0.32
1573 34 26 0 0 0.34
1574 31 25 0 0 0.31
1575 29 31 0 0 0.29
1576 24 36 0 0 0.24
1577 24 34 0 0 0.24
1578 32 31 0 0 0.32
1579 29 27 0 0 0.29
1580 30 32 0 0 0.3
1581 32 25 0 0 0.32
1582 35 28 0 0 0.35
1583 21 34 0 0 0.21
1584 23 41 0 0 0.23
1585 25 30 0 0 0.25
1586 40 29 0 0 0.4
1587 37 18 0 0 0.37
1588 34 28 0 0 0.34
1589 22 34 0 0 0.22
1590 25 33 0 0 0.25
1591 30 26 0 0 0.3
1592 31 29 0 0 0.31
1593 25 30 0 0 0.25
1594 26 36 0 0 0.26
1595 21 25 0 0 0.21
1596 34 29 0 0 0.34
1597 27 23 0 0 0.27
1598 26 30 0 0 0.26
1599 23 31 0 0 0.23
1600 29 31 0 0 0.29
1601 30 30 0 0 0.3
1602 34 27 0 0 0.34
1603 37 22 0 0 0.37
1604 34 26 0 0 0.34
1605 30 32 0 0 0.3
1606 30 30 0 0 0.3
1607 37 25 0 0 0.37
1608 40 21 0 0 0.4
1609 32 26 0 0 0.32
1610 21 44 0 0 0.21
1611 14 47 0 0 0.14
1612 27 36 0 0 0.27
1613 38 17 0 0 0.38
1614 43 20 0 0 0.43
1615 28 30 0 0 0.28
1616 22 39 0 0 0.22
1617 27 26 0 0 0.27
1618 43 23 0 0 0.43
1619 38 25 0 0 0.38
1620 26 35 0 0 0.26
1621 20 40 0 0 0.2
1622 27 34 0 0 0.27
1623 38 24 0 0 0.38
1624 44 26 0 0 0.44
1625 28 24 0 0 0.28
1626 30 39 0 0 0.3
1627 21 31 0 0 0.21
1628 35 34 0 0 0.35
1629 36 26 0 0 0.36
1630 30 27 0 0 0.3
1631 27 35 0 0 0.27
1632 30 34 0 0 0.3
1633 35 32 0 0 0.35
1634 31 30 0 0 0.31
1635 28 36 0 0 0.28
1636 24 35 0 0 0.24
1637 28 33 0 0 0.28
1638 24 30 0 0 0.24
1639 28 37 0 0 0.28
1640 24 23 0 0 0.24
1641 42 24 0 0 0.42
1642 26 19 0 0 0.26
1643 25 43 0 0 0.25
1644 21 33 0 0 0.21
1645 43 28 0 0 0.43
1646 42 15 0 0 0.42
1647 38 30 0 0 0.38
1648 23 37 0 0 0.23
1649 25 30 0 0 0.25
1650 42 25 0 0 0.42
1651 41 23 0 0 0.41
1652 29 33 0 0 0.29
1653 23 45 0 0 0.23
1654 27 42 0 0 0.27
1655 33 29 0 0 0.33
1656 36 23 0 0 0.36
1657 34 28 0 0 0.34
1658 32 29 0 0 0.32
1659 36 30 0 0 0.36
1660 33 24 0 0 0.33
1661 36 28 0 0 0.36
1662 29 31 0 0 0.29
1663 25 35 0 0 0.25
1664 28 39 0 0 0.28
1665 30 38 0 0 0.3
1666 33 33 0 0 0.33
1667 33 30 0 0 0.33
1668 30 36 0 0 0.3
1669 23 38 0 0 0.23
1670 30 42 0 0 0.3
1671 27 27 0 0 0.27
1672 41 31 0 0 0.41
1673 25 23 0 0 0.25
1674 28 45 0 0 0.28
1675 15 35 0 0 0.15
1676 32 34 0 0 0.32
1677 30 21 0 0 0.3
1678 30 32 0 0 0.3
1679 25 31 0 0 0.25
1680 33 29 0 0 0.33
1681 34 24 0 0 0.34
1682 36 30 0 0 0.36
1683 30 31 0 0 0.3
1684 28 34 0 0 0.28
1685 22 30 0 0 0.22
1686 30 35 0 0 0.3
1687 27 28 0 0 0.27
1688 30 30 0 0 0.3
1689 34 32 0 0 0.34
1690 30 26 0 0 0.3
1691 33 32 0 0 0.33
1692 31 30 0 0 0.31
1693 32 27 0 0 0.32
1694 29 26 0 0 0.29
1695 26 33 0 0 0.26
1696 27 33 0 0 0.27
1697 34 28 0 0 0.34
1698 33 27 0 0 0.33
1699 28 36 0 0 0.28
1700 18 38 0 0 0.18
1701 25 33 0 0 0.25
1702 33 24 0 0 0.33
1703 30 26 0 0 0.3
1704 27 38 0 0 0.27
1705 22 44 0 0 0.22
1706 22 44 0 0 0.22
1707 25 30 0 0 0.25
1708 34 24 0 0 0.34
1709 31 25 0 0 0.31
1710 32 32 0 0 0.32
1711 28 26 0 0 0.28
1712 30 32 0 0 0.3
1713 25 31 0 0 0.25
1714 34 31 0 0 0.34
1715 33 26 0 0 0.33
1716 33 31 0 0 0.33
1717 25 31 0 0 0.25
1718 28 41 0 0 0.28
1719 27 33 0 0 0.27
1720 43 30 0 0 0.43
1721 41 18 0 0 0.41
1722 39 29 0 0 0.39
1723 22 33 0 0 0.22
1724 30 45 0 0 0.3
1725 32 27 0 0 0.32
1726 44 21 0 0 0.44
1727 30 25 0 0 0.3
1728 18 41 0 0 0.18
1729 21 38 0 0 0.21
1730 37 25 0 0 0.37
1731 42 19 0 0 0.42
1732 33 27 0 0 0.33
1733 21 39 0 0 0.21
1734 17 37 0 0 0.17
1735 30 32 0 0 0.3
1736 35 27 0 0 0.35
1737 30 27 0 0 0.3
1738 26 29 0 0 0.26
1739 31 30 0 0 0.31
1740 33 26 0 0 0.33
1741 33 30 0 0 0.33
1742 30 34 0 0 0.3
1743 36 25 0 0 0.36
1744 52 26 0 0 0.52
1745 38 24 0 0 0.38
1746 27 37 0 0 0.27
1747 21 36 0 0 0.21
1748 33 34 0 0 0.33
1749 34 27 0 0 0.34
1750 38 32 0 0 0.38
1751 29 30 0 0 0.29
1752 30 34 0 0 0.3
1753 35 30 0 0 0.35
1754 41 28 0 0 0.41
1755 38 24 0 0 0.38
1756 35 32 0 0 0.35
1757 21 30 0 0 0.21
1758 33 36 0 0 0.33
1759 34 27 0 0 0.34
1760 42 31 0 0 0.42
1761 34 26 0 0 0.34
1762 36 36 0 0 0.36
1763 24 30 0 0 0.24
1764 30 35 0 0 0.3
1765 28 27 0 0 0.28
1766 37 33 0 0 0.37
1767 28 27 0 0 0.28
1768 28 37 0 0 0.28
1769 28 33 0 0 0.28
1770 37 22 0 0 0.37
1771 41 22 0 0 0.41
1772 28 29 0 0 0.28
1773 18 36 0 0 0.18
1774 26 29 0 0 0.26
1775 41 18 0 0 0.41
1776 37 20 0 0 0.37
1777 21 35 0 0 0.21
1778 17 39 0 0 0.17
1779 29 28 0 0 0.29
1780 43 19 0 0 0.43
1781 43 25 0 0 0.43
1782 21 37 0 0 0.21
1783 16 54 0 0 0.16
1784 19 40 0 0 0.19
1785 40 30 0 0 0.4
1786 41 16 0 0 0.41
1787 40 27 0 0 0.4
1788 17 36 0 0 0.17
1789 24 52 0 0 0.24
1790 23 22 0 0 0.23
1791 48 28 0 0 0.48
1792 24 31 0 0 0.24
1793 16 51 0 0 0.16
1794 19 38 0 0 0.19
1795 39 24 0 0 0.39
1796 38 17 0 0 0.38
1797 28 30 0 0 0.28
1798 21 36 0 0 0.21
1799 28 30 0 0 0.28
1800 37 22 0 0 0.37
1801 35 28 0 0 0.35
1802 20 35 0 0 0.2
1803 25 41 0 0 0.25
1804 33 26 0 0 0.33
1805 43 20 0 0 0.43
1806 36 21 0 0 0.36
1807 28 32 0 0 0.28
1808 28 34 0 0 0.28
1809 36 26 0 0 0.36
1810 41 27 0 0 0.41
1811 35 33 0 0 0.35
1812 30 36 0 0 0.3
1813 32 36 0 0 0.32
1814 29 36 0 0 0.29
1815 30 41 0 0 0.3
1816 31 40 0 0 0.31
1817 32 36 0 0 0.32
1818 41 28 0 0 0.41
1819 50 22 0 0 0.5
1820 50 26 0 0 0.5
1821 46 37 0 0 0.46
1822 35 46 0 0 0.35
1823 28 53 0 0 0.28
1824 28 51 0 0 0.28
1825 31 45 0 0 0.31
1826 36 39 0 0 0.36
1827 37 37 0 0 0.37
1828 34 36 0 0 0.34
1829 35 37 0 0 0.35
1830 30 36 0 0 0.3
1831 33 36 0 0 0.33
1832 32 34 0 0 0.32
1833 29 41 0 0 0.29
1834 26 37 0 0 0.26
1835 35 37 0 0 0.35
1836 37 30 0 0 0.37
1837 37 29 0 0 0.37
1838 31 39 0 0 0.31
1839 23 46 0 0 0.23
1840 25 50 0 0 0.25
1841 33 48 0 0 0.33
1842 40 41 0 0 0.4
1843 43 36 0 0 0.43
1844 42 38 0 0 0.42
1845 37 36 0 0 0.37
1846 41 41 0 0 0.41
1847 32 39 0 0 0.32
1848 33 43 0 0 0.33
1849 34 33 0 0 0.34
1850 46 32 0 0 0.46
1851 38 25 0 0 0.38
1852 31 38 0 0 0.31
1853 24 44 0 0 0.24
1854 31 42 0 0 0.31
1855 28 34 0 0 0.28
1856 33 38 0 0 0.33
1857 34 30 0 0 0.34
1858 34 31 0 0 0.34
1859 21 32 0 0 0.21
1860 27 35 0 0 0.27
1861 33 17 0 0 0.33
1862 44 21 0 0 0.44
1863 27 24 0 0 0.27
1864 29 39 0 0 0.29
1865 24 29 0 0 0.24
1866 38 31 0 0 0.38
1867 35 22 0 0 0.35
1868 36 32 0 0 0.36
1869 26 35 0 0 0.26
1870 26 41 0 0 0.26
1871 26 32 0 0 0.26
1872 38 24 0 0 0.38
1873 36 17 0 0 0.36
1874 34 30 0 0 0.34
1875 20 29 0 0 0.2
1876 32 37 0 0 0.32
1877 29 27 0 0 0.29
1878 31 33 0 0 0.31
1879 24 38 0 0 0.24
1880 27 47 0 0 0.27
1881 27 40 0 0 0.27
1882 35 37 0 0 0.35
1883 40 31 0 0 0.4
1884 34 29 0 0 0.34
1885 36 36 0 0 0.36
1886 33 28 0 0 0.33
1887 40 29 0 0 0.4
1888 40 27 0 0 0.4
1889 33 35 0 0 0.33
1890 24 44 0 0 0.24
1891 22 45 0 0 0.22
1892 25 43 0 0 0.25
1893 27 32 0 0 0.27
1894 39 26 0 0 0.39
1895 41 23 0 0 0.41
1896 34 31 0 0 0.34
1897 25 41 0 0 0.25
1898 25 36 0 0 0.25
1899 32 26 0 0 0.32
1900 33 28 0 0 0.33
1901 25 42 0 0 0.25
1902 17 45 0 0 0.17
1903 30 33 0 0 0.3
1904 46 19 0 0 0.46
1905 52 23 0 0 0.52
1906 26 30 0 0 0.26
1907 18 56 0 0 0.18
1908 14 55 0 0 0.14
1909 26 49 0 0 0.26
1910 35 32 0 0 0.35
1911 45 25 0 0 0.45
1912 39 23 0 0 0.39
1913 31 33 0 0 0.31
1914 23 40 0 0 0.23
1915 28 36 0 0 0.28
1916 41 21 0 0 0.41
1917 48 21 0 0 0.48
1918 28 27 0 0 0.28
1919 22 45 0 0 0.22
1920 23 39 0 0 0.23
1921 36 27 0 0 0.36
1922 37 24 0 0 0.37
1923 29 33 0 0 0.29
1924 28 34 0 0 0.28
1925 32 24 0 0 0.32
1926 39 24 0 0 0.39
1927 25 23 0 0 0.25
1928 24 38 0 0 0.24
1929 22 29 0 0 0.22
1930 37 26 0 0 0.37
1931 42 21 0 0 0.42
1932 43 21 0 0 0.43
1933 39 30 0 0 0.39
1934 23 40 0 0 0.23
1935 19 48 0 0 0.19
1936 25 36 0 0 0.25
1937 43 26 0 0 0.43
1938 38 20 0 0 0.38
1939 32 41 0 0 0.32
1940 19 46 0 0 0.19
1941 27 41 0 0 0.27
1942 46 26 0 0 0.46
1943 50 19 0 0 0.5
1944 37 34 0 0 0.37
1945 20 53 0 0 0.2
1946 16 55 0 0 0.16
1947 32 34 0 0 0.32
1948 50 11 0 0 0.5
1949 54 20 0 0 0.54
1950 26 33 0 0 0.26
1951 24 59 0 0 0.24
1952 20 57 0 0 0.2
1953 30 47 0 0 0.3
1954 39 28 0 0 0.39
1955 46 30 0 0 0.46
1956 36 37 0 0 0.36
1957 28 46 0 0 0.28
1958 29 40 0 0 0.29
1959 38 25 0 0 0.38
1960 45 26 0 0 0.45
1961 35 31 0 0 0.35
1962 30 45 0 0 0.3
1963 25 44 0 0 0.25
1964 31 31 0 0 0.31
1965 44 26 0 0 0.44
1966 43 27 0 0 0.43
1967 34 33 0 0 0.34
1968 30 42 0 0 0.3
1969 28 44 0 0 0.28
1970 34 36 0 0 0.34
1971 42 31 0 0 0.42
1972 36 32 0 0 0.36
1973 33 38 0 0 0.33
1974 27 37 0 0 0.27
1975 23 34 0 0 0.23
1976 29 33 0 0 0.29
1977 33 27 0 0 0.33
1978 36 29 0 0 0.36
1979 31 31 0 0 0.31
1980 30 32 0 0 0.3
1981 28 31 0 0 0.28
1982 26 33 0 0 0.26
1983 30 31 0 0 0.3
1984 39 29 0 0 0.39
1985 36 23 0 0 0.36
1986 32 28 0 0 0.32
1987 25 35 0 0 0.25
1988 24 33 0 0 0.24
1989 30 34 0 0 0.3
1990 28 32 0 0 0.28
1991 36 27 0 0 0.36
1992 44 19 0 0 0.44
1993 40 25 0 0 0.4
1994 24 38 0 0 0.24
1995 23 44 0 0 0.23
1996 30 33 0 0 0.3
1997 37 29 0 0 0.37
1998 32 33 0 0 0.32
1999 19 37 0 0 0.19
2000 26 42 0 0 0.26
2001 28 23 0 0 0.28
2002 38 27 0 0 0.38
2003 23 28 0 0 0.23
2004 20 40 0 0 0.2
2005 23 30 0 0 0.23
2006 39 27 0 0 0.39
2007 30 27 0 0 0.3
2008 26 36 0 0 0.26
2009 27 31 0 0 0.27
2010 37 29 0 0 0.37
2011 35 28 0 0 0.35
2012 25 33 0 0 0.25
2013 23 38 0 0 0.23
2014 30 26 0 0 0.3
2015 42 16 0 0 0.42
2016 38 20 0 0 0.38
2017 24 33 0 0 0.24
2018 20 34 0 0 0.2
2019 34 26 0 0 0.34
2020 38 15 0 0 0.38
2021 36 26 0 0 0.36
2022 25 32 0 0 0.25
2023 32 28 0 0 0.32
2024 40 19 0 0 0.4
2025 36 27 0 0 0.36
2026 20 34 0 0 0.2
2027 25 41 0 0 0.25
2028 27 22 0 0 0.27
2029 42 23 0 0 0.42
2030 25 21 0 0 0.25
2031 26 40 0 0 0.26
2032 18 29 0 0 0.18
2033 35 29 0 0 0.35
2034 30 17 0 0 0.3
2035 38 33 0 0 0.38
2036 20 23 0 0 0.2
2037 34 37 0 0 0.34
2038 23 26 0 0 0.23
2039 30 37 0 0 0.3
2040 26 33 0 0 0.26
2041 30 30 0 0 0.3
2042 29 25 0 0 0.29
2043 27 32 0 0 0.27
2044 22 30 0 0 0.22
2045 34 25 0 0 0.34
2046 39 16 0 0 0.39
2047 33 25 0 0 0.33
2048 19 35 0 0 0.19
2049 23 38 0 0 0.23
2050 26 23 0 0 0.26
2051 37 24 0 0 0.37
2052 34 27 0 0 0.34
2053 32 34 0 0 0.32
2054 30 34 0 0 0.3
2055 32 37 0 0 0.32
2056 34 40 0 0 0.34
2057 30 39 0 0 0.3
2058 26 41 0 0 0.26
2059 32 43 0 0 0.32
2060 33 34 0 0 0.33
2061 44 37 0 0 0.44
2062 36 25 0 0 0.36
2063 40 38 0 0 0.4
2064 27 38 0 0 0.27
2065 26 44 0 0 0.26
2066 22 37 0 0 0.22
2067 33 40 0 0 0.33
2068 26 37 0 0 0.26
2069 31 37 0 0 0.31
2070 36 20 0 0 0.36
2071 49 26 0 0 0.49
2072 20 22 0 0 0.2
2073 26 48 0 0 0.26
2074 26 28 0 0 0.26
2075 49 29 0 0 0.49
2076 36 17 0 0 0.36
2077 35 33 0 0 0.35
2078 21 34 0 0 0.21
2079 31 34 0 0 0.31
2080 34 21 0 0 0.34
2081 35 29 0 0 0.35
2082 22 35 0 0 0.22
2083 27 39 0 0 0.27
2084 34 21 0 0 0.34
2085 47 21 0 0 0.47
2086 30 27 0 0 0.3
2087 21 43 0 0 0.21
2088 22 36 0 0 0.22
2089 34 31 0 0 0.34
2090 34 24 0 0 0.34
2091 40 29 0 0 0.4
2092 29 23 0 0 0.29
2093 24 34 0 0 0.24
2094 22 39 0 0 0.22
2095 30 24 0 0 0.3
2096 44 19 0 0 0.44
2097 33 23 0 0 0.33
2098 24 34 0 0 0.24
2099 30 37 0 0 0.3
2100 35 24 0 0 0.35
2101 43 25 0 0 0.43
2102 29 26 0 0 0.29
2103 25 38 0 0 0.25
2104 28 35 0 0 0.28
2105 35 25 0 0 0.35
2106 34 25 0 0 0.34
2107 24 33 0 0 0.24
2108 22 37 0 0 0.22
2109 32 34 0 0 0.32
2110 33 25 0 0 0.33
2111 36 31 0 0 0.36
2112 26 27 0 0 0.26
2113 36 35 0 0 0.36
2114 33 23 0 0 0.33
2115 40 28 0 0 0.4
2116 27 29 0 0 0.27
2117 22 37 0 0 0.22
2118 23 32 0 0 0.23
2119 29 27 0 0 0.29
2120 35 25 0 0 0.35
2121 34 24 0 0 0.34
2122 29 30 0 0 0.29
2123 30 37 0 0 0.3
2124 27 27 0 0 0.27
2125 33 27 0 0 0.33
2126 33 29 0 0 0.33
2127 32 32 0 0 0.32
2128 27 29 0 0 0.27
2129 32 35 0 0 0.32
2130 21 34 0 0 0.21
2131 24 38 0 0 0.24
2132 29 30 0 0 0.29
2133 31 24 0 0 0.31
2134 25 25 0 0 0.25
2135 26 33 0 0 0.26
2136 28 29 0 0 0.28
2137 36 28 0 0 0.36
2138 34 19 0 0 0.34
2139 36 28 0 0 0.36
2140 22 30 0 0 0.22
2141 28 39 0 0 0.28
2142 31 27 0 0 0.31
2143 39 25 0 0 0.39
2144 26 27 0 0 0.26
2145 25 44 0 0 0.25
2146 19 38 0 0 0.19
2147 29 31 0 0 0.29
2148 31 21 0 0 0.31
2149 32 31 0 0 0.32
2150 25 33 0 0 0.25
2151 31 37 0 0 0.31
2152 33 39 0 0 0.33
2153 32 35 0 0 0.32
2154 38 31 0 0 0.38
2155 38 22 0 0 0.38
2156 36 29 0 0 0.36
2157 29 38 0 0 0.29
2158 30 36 0 0 0.3
2159 38 27 0 0 0.38
2160 41 26 0 0 0.41
2161 33 31 0 0 0.33
2162 33 33 0 0 0.33
2163 35 27 0 0 0.35
2164 37 30 0 0 0.37
2165 34 40 0 0 0.34
2166 21 36 0 0 0.21
2167 29 37 0 0 0.29
2168 34 28 0 0 0.34
2169 37 27 0 0 0.37
2170 33 30 0 0 0.33
2171 29 32 0 0 0.29
2172 27 32 0 0 0.27
2173 34 29 0 0 0.34
2174 45 26 0 0 0.45
2175 38 27 0 0 0.38
2176 23 37 0 0 0.23
2177 18 52 0 0 0.18
2178 19 49 0 0 0.19
2179 33 30 0 0 0.33
2180 54 18 0 0 0.54
2181 50 16 0 0 0.5
2182 30 30 0 0 0.3
2183 22 49 0 0 0.22
2184 18 46 0 0 0.18
2185 31 36 0 0 0.31
2186 45 16 0 0 0.45
2187 50 20 0 0 0.5
2188 33 30 0 0 0.33
2189 22 38 0 0 0.22
2190 23 50 0 0 0.23
2191 21 40 0 0 0.21
2192 38 25 0 0 0.38
2193 53 19 0 0 0.53
2194 40 20 0 0 0.4
2195 24 37 0 0 0.24
2196 18 46 0 0 0.18
2197 25 33 0 0 0.25
2198 41 21 0 0 0.41
2199 44 21 0 0 0.44
2200 33 28 0 0 0.33
2201 32 37 0 0 0.32
2202 30 31 0 0 0.3
2203 34 31 0 0 0.34
2204 30 26 0 0 0.3
2205 36 36 0 0 0.36
2206 27 26 0 0 0.27
2207 36 26 0 0 0.36
2208 36 22 0 0 0.36
2209 33 25 0 0 0.33
2210 27 30 0 0 0.27
2211 25 31 0 0 0.25
2212 32 28 0 0 0.32
2213 39 21 0 0 0.39
2214 37 24 0 0 0.37
2215 29 35 0 0 0.29
2216 27 39 0 0 0.27
2217 25 28 0 0 0.25
2218 34 27 0 0 0.34
2219 30 29 0 0 0.3
2220 28 39 0 0 0.28
2221 27 36 0 0 0.27
2222 31 29 0 0 0.31
2223 34 26 0 0 0.34
2224 33 32 0 0 0.33
2225 28 36 0 0 0.28
2226 25 34 0 0 0.25
2227 29 34 0 0 0.29
2228 27 29 0 0 0.27
2229 33 34 0 0 0.33
2230 31 33 0 0 0.31
2231 31 36 0 0 0.31
2232 23 29 0 0 0.23
2233 31 35 0 0 0.31
2234 27 25 0 0 0.27
2235 36 33 0 0 0.36
2236 27 31 0 0 0.27
2237 31 38 0 0 0.31
2238 25 28 0 0 0.25
2239 31 31 0 0 0.31
2240 31 26 0 0 0.31
2241 34 26 0 0 0.34
2242 27 28 0 0 0.27
2243 27 37 0 0 0.27
2244 27 32 0 0 0.27
2245 35 29 0 0 0.35
2246 39 27 0 0 0.39
2247 38 29 0 0 0.38
2248 25 28 0 0 0.25
2249 30 36 0 0 0.3
2250 32 24 0 0 0.32
2251 43 24 0 0 0.43
2252 29 24 0 0 0.29
2253 24 42 0 0 0.24
2254 23 38 0 0 0.23
2255 37 27 0 0 0.37
2256 42 19 0 0 0.42
2257 33 27 0 0 0.33
2258 24 43 0 0 0.24
2259 24 42 0 0 0.24
2260 34 32 0 0 0.34
2261 43 28 0 0 0.43
2262 40 24 0 0 0.4
2263 40 23 0 0 0.4
2264 39 28 0 0 0.39
2265 31 33 0 0 0.31
2266 32 37 0 0 0.32
2267 25 41 0 0 0.25
2268 22 50 0 0 0.22
2269 22 41 0 0 0.22
2270 34 31 0 0 0.34
2271 40 21 0 0 0.4
2272 27 24 0 0 0.27
2273 22 44 0 0 0.22
2274 24 37 0 0 0.24
2275 44 23 0 0 0.44
2276 50 12 0 0 0.5
2277 40 27 0 0 0.4
2278 19 47 0 0 0.19
2279 18 51 0 0 0.18
2280 37 40 0 0 0.37
2281 47 23 0 0 0.47
2282 55 20 0 0 0.55
2283 43 28 0 0 0.43
2284 19 43 0 0 0.19
2285 20 57 0 0 0.2
2286 22 46 0 0 0.22
2287 30 39 0 0 0.3
2288 38 33 0 0 0.38
2289 37 31 0 0 0.37
2290 39 35 0 0 0.39
2291 32 25 0 0 0.32
2292 37 36 0 0 0.37
2293 30 29 0 0 0.3
2294 43 32 0 0 0.43
2295 37 19 0 0 0.37
2296 43 28 0 0 0.43
2297 27 28 0 0 0.27
2298 29 43 0 0 0.29
2299 24 27 0 0 0.24
2300 43 25 0 0 0.43
2301 32 16 0 0 0.32
2302 32 35 0 0 0.32
2303 24 34 0 0 0.24
2304 31 31 0 0 0.31
2305 33 22 0 0 0.33
2306 37 27 0 0 0.37
2307 24 33 0 0 0.24
2308 17 39 0 0 0.17
2309 27 32 0 0 0.27
2310 41 17 0 0 0.41
2311 49 16 0 0 0.49
2312 35 27 0 0 0.35
2313 22 42 0 0 0.22
2314 24 38 0 0 0.24
2315 35 19 0 0 0.35
2316 45 21 0 0 0.45
2317 31 31 0 0 0.31
2318 22 49 0 0 0.22
2319 17 52 0 0 0.17
2320 22 44 0 0 0.22
2321 33 33 0 0 0.33
2322 43 25 0 0 0.43
2323 40 26 0 0 0.4
2324 33 35 0 0 0.33
2325 33 34 0 0 0.33
2326 42 28 0 0 0.42
2327 45 20 0 0 0.45
2328 45 27 0 0 0.45
2329 30 36 0 0 0.3
2330 22 45 0 0 0.22
2331 27 38 0 0 0.27
2332 40 29 0 0 0.4
2333 41 24 0 0 0.41
2334 32 30 0 0 0.32
2335 22 39 0 0 0.22
2336 22 37 0 0 0.22
2337 34 31 0 0 0.34
2338 34 25 0 0 0.34
2339 28 34 0 0 0.28
2340 26 39 0 0 0.26
2341 32 38 0 0 0.32
2342 35 33 0 0 0.35
2343 34 25 0 0 0.34
2344 37 31 0 0 0.37
2345 27 33 0 0 0.27
2346 27 37 0 0 0.27
2347 30 32 0 0 0.3
2348 33 29 0 0 0.33
2349 31 35 0 0 0.31
2350 23 41 0 0 0.23
2351 25 38 0 0 0.25
2352 36 28 0 0 0.36
2353 42 27 0 0 0.42
2354 33 32 0 0 0.33
2355 26 43 0 0 0.26
2356 23 47 0 0 0.23
2357 27 46 0 0 0.27
2358 30 35 0 0 0.3
2359 37 26 0 0 0.37
2360 33 24 0 0 0.33
2361 28 34 0 0 0.28
2362 23 37 0 0 0.23
2363 32 39 0 0 0.32
2364 36 32 0 0 0.36
2365 31 26 0 0 0.31
2366 32 31 0 0 0.32
2367 28 32 0 0 0.28
2368 31 38 0 0 0.31
2369 32 32 0 0 0.32
2370 44 23 0 0 0.44
2371 49 16 0 0 0.49
2372 35 25 0 0 0.35
2373 21 48 0 0 0.21
2374 19 45 0 0 0.19
2375 34 25 0 0 0.34
2376 43 21 0 0 0.43
2377 25 29 0 0 0.25
2378 17 46 0 0 0.17
2379 21 39 0 0 0.21
2380 34 20 0 0 0.34
2381 42 25 0 0 0.42
2382 20 35 0 0 0.2
2383 20 53 0 0 0.2
2384 24 36 0 0 0.24
2385 44 27 0 0 0.44
2386 43 23 0 0 0.43
2387 35 30 0 0 0.35
2388 23 41 0 0 0.23
2389 14 47 0 0 0.14
2390 21 43 0 0 0.21
2391 31 26 0 0 0.31
2392 45 25 0 0 0.45
2393 28 28 0 0 0.28
2394 22 49 0 0 0.22
2395 21 37 0 0 0.21
2396 40 20 0 0 0.4
2397 52 21 0 0 0.52
2398 29 25 0 0 0.29
2399 18 49 0 0 0.18
2400 12 51 0 0 0.12
2401 29 43 0 0 0.29
2402 39 26 0 0 0.39
2403 44 28 0 0 0.44
2404 36 31 0 0 0.36
2405 27 35 0 0 0.27
2406 26 39 0 0 0.26
2407 26 23 0 0 0.26
2408 45 30 0 0 0.45
2409 27 26 0 0 0.27
2410 31 41 0 0 0.31
2411 27 26 0 0 0.27
2412 47 25 0 0 0.47
2413 41 13 0 0 0.41
2414 33 34 0 0 0.33
2415 13 42 0 0 0.13
2416 24 40 0 0 0.24
2417 38 24 0 0 0.38
2418 49 22 0 0 0.49
2419 41 26 0 0 0.41
2420 30 44 0 0 0.3
2421 24 56 0 0 0.24
2422 22 45 0 0 0.22
2423 37 43 0 0 0.37
2424 42 29 0 0 0.42
2425 47 22 0 0 0.47
2426 41 30 0 0 0.41
2427 26 36 0 0 0.26
2428 27 37 0 0 0.27
2429 34 34 0 0 0.34
2430 33 30 0 0 0.33
2431 36 30 0 0 0.36
2432 37 27 0 0 0.37
2433 38 29 0 0 0.38
2434 33 33 0 0 0.33
2435 26 36 0 0 0.26
2436 25 32 0 0 0.25
2437 31 25 0 0 0.31
2438 32 24 0 0 0.32
2439 27 30 0 0 0.27
2440 29 32 0 0 0.29
2441 31 29 0 0 0.31
2442 29 32 0 0 0.29
2443 27 34 0 0 0.27
2444 27 32 0 0 0.27
2445 35 29 0 0 0.35
2446 40 21 0 0 0.4
2447 44 26 0 0 0.44
2448 31 32 0 0 0.31
2449 27 40 0 0 0.27
2450 23 27 0 0 0.23
2451 40 29 0 0 0.4
2452 37 20 0 0 0.37
2453 37 32 0 0 0.37
2454 22 33 0 0 0.22
2455 27 37 0 0 0.27
2456 30 25 0 0 0.3
2457 37 25 0 0 0.37
2458 21 25 0 0 0.21
2459 24 46 0 0 0.24
2460 17 31 0 0 0.17
2461 35 25 0 0 0.35
2462 37 20 0 0 0.37
2463 34 30 0 0 0.34
2464 25 29 0 0 0.25
2465 41 33 0 0 0.41
2466 35 21 0 0 0.35
2467 34 35 0 0 0.34
2468 24 34 0 0 0.24
2469 28 36 0 0 0.28
2470 22 25 0 0 0.22
2471 33 31 0 0 0.33
2472 27 21 0 0 0.27
2473 36 31 0 0 0.36
2474 23 26 0 0 0.23
2475 29 34 0 0 0.29
2476 26 26 0 0 0.26
2477 31 30 0 0 0.31
2478 29 25 0 0 0.29
2479 30 28 0 0 0.3
2480 23 28 0 0 0.23
2481 26 31 0 0 0.26
2482 28 30 0 0 0.28
2483 32 25 0 0 0.32
2484 32 20 0 0 0.32
2485 24 27 0 0 0.24
2486 21 39 0 0 0.21
2487 20 26 0 0 0.2
2488 37 29 0 0 0.37
2489 24 22 0 0 0.24
2490 34 37 0 0 0.34
2491 23 21 0 0 0.23
2492 39 34 0 0 0.39
2493 29 28 0 0 0.29
2494 32 33 0 0 0.32
2495 34 31 0 0 0.34
2496 36 27 0 0 0.36
2497 36 30 0 0 0.36
2498 28 36 0 0 0.28
2499 20 36 0 0 0.2
2500 27 36 0 0 0.27
2501 29 25 0 0 0.29
2502 35 28 0 0 0.35
2503 26 26 0 0 0.26
2504 33 36 0 0 0.33
2505 27 30 0 0 0.27
2506 34 31 0 0 0.34
2507 38 24 0 0 0.38
2508 39 30 0 0 0.39
2509 19 34 0 0 0.19
2510 22 49 0 0 0.22
2511 21 32 0 0 0.21
2512 37 30 0 0 0.37
2513 32 25 0 0 0.32
2514 30 37 0 0 0.3
2515 25 40 0 0 0.25
2516 33 35 0 0 0.33
2517 37 24 0 0 0.37
2518 44 31 0 0 0.44
2519 29 29 0 0 0.29
2520 32 45 0 0 0.32
2521 24 43 0 0 0.24
2522 29 45 0 0 0.29
2523 31 29 0 0 0.31
2524 44 32 0 0 0.44
2525 34 31 0 0 0.34
2526 35 35 0 0 0.35
2527 38 33 0 0 0.38
2528 35 27 0 0 0.35
2529 39 27 0 0 0.39
2530 40 26 0 0 0.4
2531 32 27 0 0 0.32
2532 29 31 0 0 0.29
2533 30 24 0 0 0.3
2534 38 25 0 0 0.38
2535 35 28 0 0 0.35
2536 31 36 0 0 0.31
2537 23 32 0 0 0.23
2538 27 31 0 0 0.27
2539 30 26 0 0 0.3
2540 34 25 0 0 0.34
2541 29 25 0 0 0.29
2542 28 29 0 0 0.28
2543 27 26 0 0 0.27
2544 27 29 0 0 0.27
2545 25 29 0 0 0.25
2546 29 28 0 0 0.29
2547 30 23 0 0 0.3
2548 36 31 0 0 0.36
2549 31 33 0 0 0.31
2550 30 32 0 0 0.3
2551 36 34 0 0 0.36
2552 33 31 0 0 0.33
2553 29 30 0 0 0.29
2554 34 27 0 0 0.34
2555 37 19 0 0 0.37
2556 33 26 0 0 0.33
2557 20 32 0 0 0.2
2558 24 36 0 0 0.24
2559 31 30 0 0 0.31
2560 36 23 0 0 0.36
2561 41 24 0 0 0.41
2562 31 21 0 0 0.31
2563 32 34 0 0 0.32
2564 28 36 0 0 0.28
2565 28 32 0 0 0.28
2566 32 27 0 0 0.32
2567 33 25 0 0 0.33
2568 31 30 0 0 0.31
2569 27 31 0 0 0.27
2570 30 25 0 0 0.3
2571 36 20 0 0 0.36
2572 36 25 0 0 0.36
2573 24 28 0 0 0.24
2574 27 39 0 0 0.27
2575 26 31 0 0 0.26
2576 39 29 0 0 0.39
2577 38 24 0 0 0.38
2578 28 29 0 0 0.28
2579 23 39 0 0 0.23
2580 23 35 0 0 0.23
2581 31 27 0 0 0.31
2582 35 20 0 0 0.35
2583 36 25 0 0 0.36
2584 31 31 0 0 0.31
2585 29 32 0 0 0.29
2586 37 34 0 0 0.37
2587 28 26 0 0 0.28
2588 24 41 0 0 0.24
2589 18 48 0 0 0.18
2590 28 39 0 0 0.28
2591 38 15 0 0 0.38
2592 53 22 0 0 0.53
2593 38 26 0 0 0.38
2594 30 40 0 0 0.3
2595 29 43 0 0 0.29
2596 39 36 0 0 0.39
2597 41 20 0 0 0.41
2598 49 28 0 0 0.49
2599 36 31 0 0 0.36
2600 28 38 0 0 0.28
2601 24 44 0 0 0.24
2602 22 45 0 0 0.22
2603 27 39 0 0 0.27
2604 33 28 0 0 0.33
2605 40 28 0 0 0.4
2606 35 32 0 0 0.35
2607 24 39 0 0 0.24
2608 23 44 0 0 0.23
2609 23 28 0 0 0.23
2610 39 23 0 0 0.39
2611 40 25 0 0 0.4
2612 24 28 0 0 0.24
2613 26 41 0 0 0.26
2614 23 33 0 0 0.23
2615 36 37 0 0 0.36
2616 26 25 0 0 0.26
2617 35 35 0 0 0.35
2618 25 28 0 0 0.25
2619 32 34 0 0 0.32
2620 28 25 0 0 0.28
2621 33 30 0 0 0.33
2622 23 29 0 0 0.23
2623 24 35 0 0 0.24
2624 28 25 0 0 0.28
2625 41 26 0 0 0.41
2626 38 25 0 0 0.38
2627 31 27 0 0 0.31
2628 31 34 0 0 0.31
2629 29 34 0 0 0.29
2630 31 35 0 0 0.31
2631 31 28 0 0 0.31
2632 31 23 0 0 0.31
2633 37 26 0 0 0.37
2634 33 25 0 0 0.33
2635 23 36 0 0 0.23
2636 21 42 0 0 0.21
2637 32 31 0 0 0.32
2638 45 19 0 0 0.45
2639 47 20 0 0 0.47
2640 24 31 0 0 0.24
2641 17 49 0 0 0.17
2642 21 30 0 0 0.21
2643 46 24 0 0 0.46
2644 35 19 0 0 0.35
2645 26 39 0 0 0.26
2646 18 46 0 0 0.18
2647 29 41 0 0 0.29
2648 39 21 0 0 0.39
2649 48 20 0 0 0.48
2650 33 27 0 0 0.33
2651 25 47 0 0 0.25
2652 21 44 0 0 0.21
2653 35 36 0 0 0.35
2654 45 32 0 0 0.45
2655 38 33 0 0 0.38
2656 26 44 0 0 0.26
2657 22 49 0 0 0.22
2658 30 41 0 0 0.3
2659 39 27 0 0 0.39
2660 51 22 0 0 0.51
2661 52 24 0 0 0.52
2662 39 36 0 0 0.39
2663 23 52 0 0 0.23
2664 22 58 0 0 0.22
2665 30 47 0 0 0.3
2666 41 33 0 0 0.41
2667 49 29 0 0 0.49
2668 43 28 0 0 0.43
2669 41 34 0 0 0.41
2670 37 33 0 0 0.37
2671 37 37 0 0 0.37
2672 35 43 0 0 0.35
2673 33 44 0 0 0.33
2674 31 38 0 0 0.31
2675 32 42 0 0 0.32
2676 27 44 0 0 0.27
2677 29 40 0 0 0.29
2678 35 31 0 0 0.35
2679 40 30 0 0 0.4
2680 28 32 0 0 0.28
2681 26 40 0 0 0.26
2682 32 35 0 0 0.32
2683 38 25 0 0 0.38
2684 44 22 0 0 0.44
2685 41 23 0 0 0.41
2686 33 30 0 0 0.33
2687 35 36 0 0 0.35
2688 38 31 0 0 0.38
2689 38 27 0 0 0.38
2690 40 32 0 0 0.4
2691 31 29 0 0 0.31
2692 30 36 0 0 0.3
2693 27 36 0 0 0.27
2694 28 28 0 0 0.28
2695 35 29 0 0 0.35
2696 34 33 0 0 0.34
2697 31 33 0 0 0.31
2698 35 25 0 0 0.35
2699 41 21 0 0 0.41
2700 30 29 0 0 0.3
2701 19 47 0 0 0.19
2702 18 45 0 0 0.18
2703 33 23 0 0 0.33
2704 55 11 0 0 0.55
2705 43 14 0 0 0.43
2706 18 35 0 0 0.18
2707 15 42 0 0 0.15
2708 33 28 0 0 0.33
2709 42 22 0 0 0.42
2710 28 31 0 0 0.28
2711 19 44 0 0 0.19
2712 20 35 0 0 0.2
2713 38 22 0 0 0.38
2714 48 18 0 0 0.48
2715 36 29 0 0 0.36
2716 21 44 0 0 0.21
2717 21 44 0 0 0.21
2718 34 31 0 0 0.34
2719 36 21 0 0 0.36
2720 34 34 0 0 0.34
2721 22 41 0 0 0.22
2722 24 41 0 0 0.24
2723 36 25 0 0 0.36
2724 50 23 0 0 0.5
2725 34 27 0 0 0.34
2726 21 38 0 0 0.21
2727 24 38 0 0 0.24
2728 33 24 0 0 0.33
2729 41 20 0 0 0.41
2730 31 23 0 0 0.31
2731 26 32 0 0 0.26
2732 30 28 0 0 0.3
2733 39 23 0 0 0.39
2734 37 25 0 0 0.37
2735 29 35 0 0 0.29
2736 22 44 0 0 0.22
2737 26 48 0 0 0.26
2738 27 38 0 0 0.27
2739 33 32 0 0 0.33
2740 37 31 0 0 0.37
2741 26 34 0 0 0.26
2742 21 49 0 0 0.21
2743 19 46 0 0 0.19
2744 31 36 0 0 0.31
2745 38 22 0 0 0.38
2746 41 19 0 0 0.41
2747 35 25 0 0 0.35
2748 29 38 0 0 0.29
2749 25 39 0 0 0.25
2750 36 37 0 0 0.36
2751 34 25 0 0 0.34
2752 34 35 0 0 0.34
2753 22 35 0 0 0.22
2754 31 40 0 0 0.31
2755 33 31 0 0 0.33
2756 41 29 0 0 0.41
2757 42 22 0 0 0.42
2758 43 26 0 0 0.43
2759 31 30 0 0 0.31
2760 24 36 0 0 0.24
2761 31 41 0 0 0.31
2762 32 25 0 0 0.32
2763 43 24 0 0 0.43
2764 34 24 0 0 0.34
2765 30 38 0 0 0.3
2766 22 33 0 0 0.22
2767 38 32 0 0 0.38
2768 39 19 0 0 0.39
2769 41 32 0 0 0.41
2770 23 36 0 0 0.23
2771 30 42 0 0 0.3
2772 36 25 0 0 0.36
2773 44 25 0 0 0.44
2774 31 31 0 0 0.31
2775 21 41 0 0 0.21
2776 24 35 0 0 0.24
2777 34 24 0 0 0.34
2778 34 30 0 0 0.34
2779 18 42 0 0 0.18
2780 16 53 0 0 0.16
2781 24 39 0 0 0.24
2782 38 23 0 0 0.38
2783 39 23 0 0 0.39
2784 25 34 0 0 0.25
2785 21 36 0 0 0.21
2786 33 27 0 0 0.33
2787 38 26 0 0 0.38
2788 26 32 0 0 0.26
2789 18 36 0 0 0.18
2790 26 31 0 0 0.26
2791 40 25 0 0 0.4
2792 36 20 0 0 0.36
2793 29 32 0 0 0.29
2794 20 38 0 0 0.2
2795 25 39 0 0 0.25
2796 34 29 0 0 0.34
2797 34 22 0 0 0.34
2798 29 33 0 0 0.29
2799 21 37 0 0 0.21
2800 29 36 0 0 0.29
2801 31 26 0 0 0.31
2802 31 28 0 0 0.31
2803 32 31 0 0 0.32
2804 30 29 0 0 0.3
2805 35 34 0 0 0.35
2806 27 26 0 0 0.27
2807 37 38 0 0 0.37
2808 22 26 0 0 0.22
2809 35 36 0 0 0.35
2810 32 31 0 0 0.32
2811 28 36 0 0 0.28
2812 25 39 0 0 0.25
2813 27 36 0 0 0.27
2814 29 27 0 0 0.29
2815 32 32 0 0 0.32
2816 18 38 0 0 0.18
2817 20 45 0 0 0.2
2818 32 34 0 0 0.32
2819 41 23 0 0 0.41
2820 42 23 0 0 0.42
2821 32 29 0 0 0.32
2822 28 38 0 0 0.28
2823 30 30 0 0 0.3
2824 40 29 0 0 0.4
2825 35 30 0 0 0.35
2826 27 40 0 0 0.27
2827 17 40 0 0 0.17
2828 31 39 0 0 0.31
2829 36 24 0 0 0.36
2830 47 31 0 0 0.47
2831 40 32 0 0 0.4
2832 34 36 0 0 0.34
2833 39 46 0 0 0.39
2834 38 44 0 0 0.38
2835 39 40 0 0 0.39
2836 40 34 0 0 0.4
2837 36 31 0 0 0.36
2838 32 35 0 0 0.32
2839 28 35 0 0 0.28
2840 29 36 0 0 0.29
2841 29 35 0 0 0.29
2842 30 29 0 0 0.3
2843 34 32 0 0 0.34
2844 26 35 0 0 0.26
2845 29 44 0 0 0.29
2846 25 35 0 0 0.25
2847 34 36 0 0 0.34
2848 31 31 0 0 0.31
2849 32 31 0 0 0.32
2850 32 29 0 0 0.32
2851 27 27 0 0 0.27
2852 32 34 0 0 0.32
2853 35 28 0 0 0.35
2854 34 26 0 0 0.34
2855 27 35 0 0 0.27
2856 22 30 0 0 0.22
2857 31 24 0 0 0.31
2858 33 24 0 0 0.33
2859 30 25 0 0 0.3
2860 29 29 0 0 0.29
2861 28 33 0 0 0.28
2862 30 34 0 0 0.3
2863 30 26 0 0 0.3
2864 37 21 0 0 0.37
2865 32 21 0 0 0.32
2866 29 34 0 0 0.29
2867 27 33 0 0 0.27
2868 33 29 0 0 0.33
2869 37 24 0 0 0.37
2870 36 27 0 0 0.36
2871 29 38 0 0 0.29
2872 19 40 0 0 0.19
2873 32 35 0 0 0.32
2874 40 21 0 0 0.4
2875 37 29 0 0 0.37
2876 23 42 0 0 0.23
2877 20 44 0 0 0.2
2878 35 30 0 0 0.35
2879 47 16 0 0 0.47
2880 44 20 0 0 0.44
2881 33 34 0 0 0.33
2882 23 41 0 0 0.23
2883 25 39 0 0 0.25
2884 35 19 0 0 0.35
2885 50 16 0 0 0.5
2886 33 24 0 0 0.33
2887 24 42 0 0 0.24
2888 21 39 0 0 0.21
2889 30 29 0 0 0.3
2890 35 19 0 0 0.35
2891 35 27 0 0 0.35
2892 24 25 0 0 0.24
2893 33 26 0 0 0.33
2894 35 23 0 0 0.35
2895 31 29 0 0 0.31
2896 26 42 0 0 0.26
2897 20 43 0 0 0.2
2898 28 39 0 0 0.28
2899 29 20 0 0 0.29
2900 40 23 0 0 0.4
2901 29 24 0 0 0.29
2902 29 35 0 0 0.29
2903 25 32 0 0 0.25
2904 29 27 0 0 0.29
2905 38 26 0 0 0.38
2906 36 27 0 0 0.36
2907 33 37 0 0 0.33
2908 26 36 0 0 0.26
2909 30 30 0 0 0.3
2910 37 26 0 0 0.37
2911 36 28 0 0 0.36
2912 35 36 0 0 0.35
2913 27 39 0 0 0.27
2914 24 42 0 0 0.24
2915 30 38 0 0 0.3
2916 37 30 0 0 0.37
2917 39 30 0 0 0.39
2918 38 39 0 0 0.38
2919 30 39 0 0 0.3
2920 30 40 0 0 0.3
2921 36 38 0 0 0.36
2922 35 31 0 0 0.35
2923 39 31 0 0 0.39
2924 36 27 0 0 0.36
2925 42 33 0 0 0.42
2926 33 26 0 0 0.33
2927 25 36 0 0 0.25
2928 20 44 0 0 0.2
2929 23 42 0 0 0.23
2930 27 32 0 0 0.27
2931 39 29 0 0 0.39
2932 36 23 0 0 0.36
2933 34 30 0 0 0.34
2934 30 33 0 0 0.3
2935 35 36 0 0 0.35
2936 31 29 0 0 0.31
2937 31 31 0 0 0.31
2938 28 32 0 0 0.28
2939 27 34 0 0 0.27
2940 27 36 0 0 0.27
2941 30 33 0 0 0.3
2942 32 26 0 0 0.32
2943 33 25 0 0 0.33
2944 35 29 0 0 0.35
2945 32 27 0 0 0.32
2946 39 31 0 0 0.39
2947 34 26 0 0 0.34
2948 32 37 0 0 0.32
2949 27 42 0 0 0.27
2950 27 34 0 0 0.27
2951 31 26 0 0 0.31
2952 35 25 0 0 0.35
2953 31 26 0 0 0.31
2954 23 33 0 0 0.23
2955 21 42 0 0 0.21
2956 29 35 0 0 0.29
2957 40 25 0 0 0.4
2958 37 27 0 0 0.37
2959 22 37 0 0 0.22
2960 17 55 0 0 0.17
2961 15 56 0 0 0.15
2962 27 50 0 0 0.27
2963 39 40 0 0 0.39
2964 46 28 0 0 0.46
2965 51 30 0 0 0.51
2966 32 32 0 0 0.32
2967 27 44 0 0 0.27
2968 31 38 0 0 0.31
2969 45 25 0 0 0.45
2970 51 19 0 0 0.51
2971 39 24 0 0 0.39
2972 27 38 0 0 0.27
2973 21 42 0 0 0.21
2974 30 35 0 0 0.3
2975 39 22 0 0 0.39
2976 43 26 0 0 0.43
2977 33 30 0 0 0.33
2978 25 34 0 0 0.25
2979 23 34 0 0 0.23
2980 32 33 0 0 0.32
2981 33 25 0 0 0.33
2982 35 34 0 0 0.35
2983 24 31 0 0 0.24
2984 32 29 0 0 0.32
2985 31 24 0 0 0.31
2986 25 31 0 0 0.25
2987 26 33 0 0 0.26
2988 36 28 0 0 0.36
2989 31 22 0 0 0.31
2990 26 36 0 0 0.26
2991 19 37 0 0 0.19
2992 29 35 0 0 0.29
2993 30 25 0 0 0.3
2994 29 29 0 0 0.29
2995 21 34 0 0 0.21
2996 27 41 0 0 0.27
2997 28 29 0 0 0.28
2998 39 32 0 0 0.39
2999 31 26 0 0 0.31
3000 34 30 0 0 0.34
3001 33 30 0 0 0.33
3002 32 28 0 0 0.32
3003 37 27 0 0 0.37
3004 31 20 0 0 0.31
3005 30 32 0 0 0.3
3006 26 32 0 0 0.26
3007 32 27 0 0 0.32
3008 35 30 0 0 0.35
3009 24 35 0 0 0.24
3010 21 40 0 0 0.21
3011 27 32 0 0 0.27
3012 38 27 0 0 0.38
3013 29 24 0 0 0.29
3014 24 33 0 0 0.24
3015 25 30 0 0 0.25
3016 32 25 0 0 0.32
3017 31 26 0 0 0.31
3018 26 35 0 0 0.26
3019 24 32 0 0 0.24
3020 38 26 0 0 0.38
3021 38 16 0 0 0.38
3022 36 32 0 0 0.36
3023 18 33 0 0 0.18
3024 32 40 0 0 0.32
3025 29 32 0 0 0.29
3026 34 35 0 0 0.34
3027 38 22 0 0 0.38
3028 43 21 0 0 0.43
3029 30 25 0 0 0.3
3030 25 43 0 0 0.25
3031 19 45 0 0 0.19
3032 22 40 0 0 0.22
3033 30 36 0 0 0.3
3034 32 31 0 0 0.32
3035 31 29 0 0 0.31
3036 31 31 0 0 0.31
3037 30 28 0 0 0.3
3038 40 31 0 0 0.4
3039 26 24 0 0 0.26
3040 29 38 0 0 0.29
3041 28 28 0 0 0.28
3042 40 23 0 0 0.4
3043 36 22 0 0 0.36
3044 28 33 0 0 0.28
3045 20 32 0 0 0.2
3046 30 33 0 0 0.3
3047 35 25 0 0 0.35
3048 36 26 0 0 0.36
3049 33 35 0 0 0.33
3050 27 32 0 0 0.27
3051 37 29 0 0 0.37
3052 39 20 0 0 0.39
3053 35 28 0 0 0.35
3054 22 40 0 0 0.22
3055 22 44 0 0 0.22
3056 36 33 0 0 0.36
3057 46 16 0 0 0.46
3058 44 18 0 0 0.44
3059 34 31 0 0 0.34
3060 31 37 0 0 0.31
3061 31 36 0 0 0.31
3062 30 32 0 0 0.3
3063 36 36 0 0 0.36
3064 35 36 0 0 0.35
3065 26 31 0 0 0.26
3066 35 40 0 0 0.35
3067 33 25 0 0 0.33
3068 40 28 0 0 0.4
3069 28 34 0 0 0.28
3070 20 45 0 0 0.2
3071 21 48 0 0 0.21
3072 27 23 0 0 0.27
3073 53 15 0 0 0.53
3074 43 17 0 0 0.43
3075 22 39 0 0 0.22
3076 14 50 0 0 0.14
3077 23 35 0 0 0.23
3078 44 18 0 0 0.44
3079 48 16 0 0 0.48
3080 21 29 0 0 0.21
3081 19 55 0 0 0.19
3082 24 45 0 0 0.24
3083 35 25 0 0 0.35
3084 49 21 0 0 0.49
3085 39 26 0 0 0.39
3086 20 37 0 0 0.2
3087 20 44 0 0 0.2
3088 28 26 0 0 0.28
3089 46 19 0 0 0.46
3090 34 23 0 0 0.34
3091 24 41 0 0 0.24
3092 21 41 0 0 0.21
3093 28 38 0 0 0.28
3094 37 32 0 0 0.37
3095 34 25 0 0 0.34
3096 32 35 0 0 0.32
3097 31 38 0 0 0.31
3098 30 28 0 0 0.3
3099 42 34 0 0 0.42
3100 34 30 0 0 0.34
3101 36 33 0 0 0.36
3102 37 24 0 0 0.37
3103 41 22 0 0 0.41
3104 39 27 0 0 0.39
3105 31 32 0 0 0.31
3106 27 34 0 0 0.27
3107 29 31 0 0 0.29
3108 30 33 0 0 0.3
3109 24 38 0 0 0.24
3110 26 35 0 0 0.26
3111 42 21 0 0 0.42
3112 52 14 0 0 0.52
3113 45 22 0 0 0.45
3114 30 32 0 0 0.3
3115 27 33 0 0 0.27
3116 38 24 0 0 0.38
3117 45 19 0 0 0.45
3118 35 27 0 0 0.35
3119 21 37 0 0 0.21
3120 24 35 0 0 0.24
3121 33 23 0 0 0.33
3122 35 21 0 0 0.35
3123 26 29 0 0 0.26
3124 24 42 0 0 0.24
3125 22 37 0 0 0.22
3126 35 27 0 0 0.35
3127 39 15 0 0 0.39
3128 36 27 0 0 0.36
3129 19 38 0 0 0.19
3130 22 43 0 0 0.22
3131 32 27 0 0 0.32
3132 40 22 0 0 0.4
3133 31 27 0 0 0.31
3134 29 40 0 0 0.29
3135 31 29 0 0 0.31
3136 45 22 0 0 0.45
3137 40 24 0 0 0.4
3138 35 39 0 0 0.35
3139 31 41 0 0 0.31
3140 35 35 0 0 0.35
3141 36 31 0 0 0.36
3142 27 34 0 0 0.27
3143 24 40 0 0 0.24
3144 29 29 0 0 0.29
3145 43 24 0 0 0.43
3146 37 23 0 0 0.37
3147 33 31 0 0 0.33
3148 28 31 0 0 0.28
3149 28 35 0 0 0.28
3150 25 28 0 0 0.25
3151 35 23 0 0 0.35
3152 37 18 0 0 0.37
3153 35 29 0 0 0.35
3154 22 32 0 0 0.22
3155 27 36 0 0 0.27
3156 25 22 0 0 0.25
3157 36 30 0 0 0.36
3158 25 26 0 0 0.25
3159 31 34 0 0 0.31
3160 29 31 0 0 0.29
3161 32 27 0 0 0.32
3162 37 25 0 0 0.37
3163 32 23 0 0 0.32
3164 31 28 0 0 0.31
3165 29 33 0 0 0.29
3166 27 32 0 0 0.27
3167 32 33 0 0 0.32
3168 32 29 0 0 0.32
3169 31 30 0 0 0.31
3170 29 34 0 0 0.29
3171 31 36 0 0 0.31
3172 34 28 0 0 0.34
3173 41 25 0 0 0.41
3174 30 27 0 0 0.3
3175 20 39 0 0 0.2
3176 18 39 0 0 0.18
3177 26 36 0 0 0.26
3178 31 28 0 0 0.31
3179 37 20 0 0 0.37
3180 37 26 0 0 0.37
3181 22 34 0 0 0.22
3182 20 38 0 0 0.2
3183 29 31 0 0 0.29
3184 35 26 0 0 0.35
3185 35 26 0 0 0.35
3186 34 28 0 0 0.34
3187 32 33 0 0 0.32
3188 28 32 0 0 0.28
3189 34 26 0 0 0.34
3190 42 23 0 0 0.42
3191 38 25 0 0 0.38
3192 35 32 0 0 0.35
3193 31 38 0 0 0.31
3194 26 35 0 0 0.26
3195 37 30 0 0 0.37
3196 45 23 0 0 0.45
3197 34 22 0 0 0.34
3198 25 38 0 0 0.25
3199 20 38 0 0 0.2
3200 36 28 0 0 0.36
3201 43 14 0 0 0.43
3202 38 26 0 0 0.38
3203 18 39 0 0 0.18
3204 20 49 0 0 0.2
3205 23 35 0 0 0.23
3206 36 29 0 0 0.36
3207 35 22 0 0 0.35
3208 32 31 0 0 0.32
3209 21 32 0 0 0.21
3210 28 32 0 0 0.28
3211 31 17 0 0 0.31
3212 39 26 0 0 0.39
3213 28 31 0 0 0.28
3214 28 36 0 0 0.28
3215 32 29 0 0 0.32
3216 34 23 0 0 0.34
3217 35 29 0 0 0.35
3218 32 25 0 0 0.32
3219 39 30 0 0 0.39
3220 27 27 0 0 0.27
3221 28 38 0 0 0.28
3222 22 33 0 0 0.22
3223 33 31 0 0 0.33
3224 30 22 0 0 0.3
3225 32 29 0 0 0.32
3226 31 24 0 0 0.31
3227 32 28 0 0 0.32
3228 26 35 0 0 0.26
3229 22 29 0 0 0.22
3230 38 28 0 0 0.38
3231 39 19 0 0 0.39
3232 32 32 0 0 0.32
3233 19 37 0 0 0.19
3234 30 30 0 0 0.3
3235 40 18 0 0 0.4
3236 38 26 0 0 0.38
3237 23 37 0 0 0.23
3238 24 36 0 0 0.24
3239 33 23 0 0 0.33
3240 42 26 0 0 0.42
3241 35 27 0 0 0.35
3242 35 34 0 0 0.35
3243 31 28 0 0 0.31
3244 40 31 0 0 0.4
3245 34 25 0 0 0.34
3246 35 31 0 0 0.35
3247 25 28 0 0 0.25
3248 26 37 0 0 0.26
3249 23 32 0 0 0.23
3250 36 28 0 0 0.36
3251 38 21 0 0 0.38
3252 31 29 0 0 0.31
3253 17 40 0 0 0.17
3254 18 48 0 0 0.18
3255 25 31 0 0 0.25
3256 44 23 0 0 0.44
3257 39 22 0 0 0.39
3258 28 37 0 0 0.28
3259 21 44 0 0 0.21
3260 31 31 0 0 0.31
3261 43 22 0 0 0.43
3262 40 29 0 0 0.4
3263 27 38 0 0 0.27
3264 25 43 0 0 0.25
3265 32 29 0 0 0.32
3266 46 26 0 0 0.46
3267 39 28 0 0 0.39
3268 27 32 0 0 0.27
3269 26 36 0 0 0.26
3270 28 33 0 0 0.28
3271 31 26 0 0 0.31
3272 35 26 0 0 0.35
3273 28 26 0 0 0.28
3274 26 40 0 0 0.26
3275 24 37 0 0 0.24
3276 38 32 0 0 0.38
3277 30 24 0 0 0.3
3278 26 39 0 0 0.26
3279 19 38 0 0 0.19
3280 33 30 0 0 0.33
3281 44 24 0 0 0.44
3282 46 23 0 0 0.46
3283 45 24 0 0 0.45
3284 36 35 0 0 0.36
3285 25 38 0 0 0.25
3286 30 33 0 0 0.3
3287 30 22 0 0 0.3
3288 37 28 0 0 0.37
3289 30 31 0 0 0.3
3290 25 41 0 0 0.25
3291 21 29 0 0 0.21
3292 40 25 0 0 0.4
3293 34 17 0 0 0.34
3294 34 33 0 0 0.34
3295 23 29 0 0 0.23
3296 31 31 0 0 0.31
3297 32 26 0 0 0.32
3298 28 24 0 0 0.28
3299 33 38 0 0 0.33
3300 28 35 0 0 0.28
3301 31 29 0 0 0.31
3302 36 29 0 0 0.36
3303 22 29 0 0 0.22
3304 21 43 0 0 0.21
3305 21 31 0 0 0.21
3306 37 28 0 0 0.37
3307 28 24 0 0 0.28
3308 30 37 0 0 0.3
3309 33 36 0 0 0.33
3310 35 34 0 0 0.35
3311 33 34 0 0 0.33
3312 41 35 0 0 0.41
3313 42 28 0 0 0.42
3314 42 37 0 0 0.42
3315 36 40 0 0 0.36
3316 34 41 0 0 0.34
3317 27 35 0 0 0.27
3318 32 35 0 0 0.32
3319 33 29 0 0 0.33
3320 35 28 0 0 0.35
3321 27 31 0 0 0.27
3322 25 38 0 0 0.25
3323 32 31 0 0 0.32
3324 44 24 0 0 0.44
3325 38 21 0 0 0.38
3326 31 36 0 0 0.31
3327 24 48 0 0 0.24
3328 22 46 0 0 0.22
3329 29 35 0 0 0.29
3330 33 24 0 0 0.33
3331 39 28 0 0 0.39
3332 32 25 0 0 0.32
3333 32 28 0 0 0.32
3334 25 30 0 0 0.25
3335 21 40 0 0 0.21
3336 20 35 0 0 0.2
3337 35 29 0 0 0.35
3338 34 18 0 0 0.34
3339 32 32 0 0 0.32
3340 16 38 0 0 0.16
3341 23 45 0 0 0.23
3342 30 32 0 0 0.3
3343 42 28 0 0 0.42
3344 35 25 0 0 0.35
3345 33 33 0 0 0.33
3346 30 28 0 0 0.3
3347 37 29 0 0 0.37
3348 36 23 0 0 0.36
3349 36 27 0 0 0.36
3350 30 31 0 0 0.3
3351 34 30 0 0 0.34
3352 37 20 0 0 0.37
3353 39 21 0 0 0.39
3354 26 28 0 0 0.26
3355 22 37 0 0 0.22
3356 31 30 0 0 0.31
3357 41 24 0 0 0.41
3358 30 26 0 0 0.3
3359 20 39 0 0 0.2
3360 22 36 0 0 0.22
3361 35 28 0 0 0.35
3362 35 27 0 0 0.35
3363 28 36 0 0 0.28
3364 20 39 0 0 0.2
3365 23 35 0 0 0.23
3366 33 25 0 0 0.33
3367 36 19 0 0 0.36
3368 30 29 0 0 0.3
3369 20 35 0 0 0.2
3370 30 31 0 0 0.3
3371 39 18 0 0 0.39
3372 39 24 0 0 0.39
3373 24 36 0 0 0.24
3374 24 40 0 0 0.24
3375 33 28 0 0 0.33
3376 38 22 0 0 0.38
3377 31 28 0 0 0.31
3378 21 35 0 0 0.21
3379 26 37 0 0 0.26
3380 33 28 0 0 0.33
3381 42 23 0 0 0.42
3382 41 23 0 0 0.41
3383 39 36 0 0 0.39
3384 19 37 0 0 0.19
3385 26 52 0 0 0.26
3386 24 37 0 0 0.24
3387 38 35 0 0 0.38
3388 37 22 0 0 0.37
3389 46 28 0 0 0.46
3390 41 31 0 0 0.41
3391 35 36 0 0 0.35
3392 31 36 0 0 0.31
3393 34 32 0 0 0.34
3394 41 26 0 0 0.41
3395 45 22 0 0 0.45
3396 35 29 0 0 0.35
3397 19 45 0 0 0.19
3398 20 50 0 0 0.2
3399 32 31 0 0 0.32
3400 48 15 0 0 0.48
3401 46 17 0 0 0.46
3402 21 36 0 0 0.21
3403 15 54 0 0 0.15
3404 26 39 0 0 0.26
3405 41 20 0 0 0.41
3406 46 25 0 0 0.46
3407 26 34 0 0 0.26
3408 19 46 0 0 0.19
3409 23 42 0 0 0.23
3410 32 24 0 0 0.32
3411 42 21 0 0 0.42
3412 31 29 0 0 0.31
3413 24 45 0 0 0.24
3414 23 41 0 0 0.23
3415 34 32 0 0 0.34
3416 36 27 0 0 0.36
3417 37 32 0 0 0.37
3418 31 31 0 0 0.31
3419 31 36 0 0 0.31
3420 28 31 0 0 0.28
3421 34 29 0 0 0.34
3422 35 27 0 0 0.35
3423 35 31 0 0 0.35
3424 26 33 0 0 0.26
3425 23 40 0 0 0.23
3426 25 35 0 0 0.25
3427 38 25 0 0 0.38
3428 49 19 0 0 0.49
3429 43 18 0 0 0.43
3430 40 27 0 0 0.4
3431 30 32 0 0 0.3
3432 26 38 0 0 0.26
3433 29 31 0 0 0.29
3434 37 28 0 0 0.37
3435 37 26 0 0 0.37
3436 38 28 0 0 0.38
3437 27 33 0 0 0.27
3438 22 39 0 0 0.22
3439 30 38 0 0 0.3
3440 29 23 0 0 0.29
3441 41 28 0 0 0.41
3442 26 25 0 0 0.26
3443 28 38 0 0 0.28
3444 22 34 0 0 0.22
3445 27 33 0 0 0.27
3446 36 24 0 0 0.36
3447 49 22 0 0 0.49
3448 39 18 0 0 0.39
3449 30 30 0 0 0.3
3450 31 40 0 0 0.31
3451 32 26 0 0 0.32
3452 49 25 0 0 0.49
3453 40 24 0 0 0.4
3454 30 36 0 0 0.3
3455 32 41 0 0 0.32
3456 37 25 0 0 0.37
3457 49 24 0 0 0.49
3458 37 27 0 0 0.37
3459 22 34 0 0 0.22
3460 29 38 0 0 0.29
3461 30 23 0 0 0.3
3462 34 26 0 0 0.34
3463 31 30 0 0 0.31
3464 29 32 0 0 0.29
3465 28 28 0 0 0.28
3466 36 26 0 0 0.36
3467 35 23 0 0 0.35
3468 30 31 0 0 0.3
3469 21 32 0 0 0.21
3470 33 35 0 0 0.33
3471 38 20 0 0 0.38
3472 43 24 0 0 0.43
3473 20 31 0 0 0.2
3474 16 49 0 0 0.16
3475 23 34 0 0 0.23
3476 40 17 0 0 0.4
3477 44 21 0 0 0.44
3478 28 32 0 0 0.28
3479 21 38 0 0 0.21
3480 30 31 0 0 0.3
3481 40 24 0 0 0.4
3482 40 21 0 0 0.4
3483 31 30 0 0 0.31
3484 22 44 0 0 0.22
3485 20 39 0 0 0.2
3486 31 28 0 0 0.31
3487 40 23 0 0 0.4
3488 35 26 0 0 0.35
3489 24 38 0 0 0.24
3490 18 42 0 0 0.18
3491 27 39 0 0 0.27
3492 29 35 0 0 0.29
3493 30 32 0 0 0.3
3494 38 28 0 0 0.38
3495 35 25 0 0 0.35
3496 25 33 0 0 0.25
3497 22 40 0 0 0.22
3498 26 32 0 0 0.26
3499 34 24 0 0 0.34
3500 40 24 0 0 0.4
3501 34 26 0 0 0.34
3502 28 37 0 0 0.28
3503 26 47 0 0 0.26
3504 19 37 0 0 0.19
3505 30 33 0 0 0.3
3506 34 27 0 0 0.34
3507 33 33 0 0 0.33
3508 21 38 0 0 0.21
3509 22 38 0 0 0.22
3510 30 23 0 0 0.3
3511 38 24 0 0 0.38
3512 31 30 0 0 0.31
3513 29 33 0 0 0.29
3514 29 27 0 0 0.29
3515 36 28 0 0 0.36
3516 34 26 0 0 0.34
3517 33 27 0 0 0.33
3518 30 27 0 0 0.3
3519 26 32 0 0 0.26
3520 26 37 0 0 0.26
3521 26 34 0 0 0.26
3522 30 29 0 0 0.3
3523 35 30 0 0 0.35
3524 22 28 0 0 0.22
3525 28 37 0 0 0.28
3526 30 25 0 0 0.3
3527 35 26 0 0 0.35
3528 28 30 0 0 0.28
3529 23 31 0 0 0.23
3530 27 32 0 0 0.27
3531 27 32 0 0 0.27
3532 31 34 0 0 0.31
3533 30 26 0 0 0.3
3534 36 36 0 0 0.36
3535 20 35 0 0 0.2
3536 25 44 0 0 0.25
3537 33 31 0 0 0.33
3538 45 22 0 0 0.45
3539 42 18 0 0 0.42
3540 40 31 0 0 0.4
3541 24 34 0 0 0.24
3542 25 40 0 0 0.25
3543 27 33 0 0 0.27
3544 38 31 0 0 0.38
3545 43 24 0 0 0.43
3546 36 22 0 0 0.36
3547 31 39 0 0 0.31
3548 21 39 0 0 0.21
3549 32 36 0 0 0.32
3550 36 24 0 0 0.36
3551 46 32 0 0 0.46
3552 32 30 0 0 0.32
3553 27 41 0 0 0.27
3554 22 40 0 0 0.22
3555 31 36 0 0 0.31
3556 39 30 0 0 0.39
3557 38 25 0 0 0.38
3558 39 33 0 0 0.39
3559 29 26 0 0 0.29
3560 36 26 0 0 0.36
3561 36 24 0 0 0.36
3562 37 27 0 0 0.37
3563 29 29 0 0 0.29
3564 32 38 0 0 0.32
3565 32 34 0 0 0.32
3566 30 31 0 0 0.3
3567 28 32 0 0 0.28
3568 30 35 0 0 0.3
3569 27 31 0 0 0.27
3570 32 34 0 0 0.32
3571 30 30 0 0 0.3
3572 30 34 0 0 0.3
3573 27 32 0 0 0.27
3574 30 29 0 0 0.3
3575 30 27 0 0 0.3
3576 23 26 0 0 0.23
3577 26 37 0 0 0.26
3578 22 35 0 0 0.22
3579 27 37 0 0 0.27
3580 27 31 0 0 0.27
3581 41 30 0 0 0.41
3582 43 20 0 0 0.43
3583 40 28 0 0 0.4
3584 24 42 0 0 0.24
3585 19 53 0 0 0.19
3586 28 50 0 0 0.28
3587 37 39 0 0 0.37
3588 45 32 0 0 0.45
3589 44 28 0 0 0.44
3590 42 32 0 0 0.42
3591 39 33 0 0 0.39
3592 36 39 0 0 0.36
3593 31 46 0 0 0.31
3594 34 46 0 0 0.34
3595 35 41 0 0 0.35
3596 31 36 0 0 0.31
3597 34 33 0 0 0.34
3598 40 37 0 0 0.4
3599 33 30 0 0 0.33
3600 40 36 0 0 0.4
3601 39 35 0 0 0.39
3602 43 36 0 0 0.43
3603 42 38 0 0 0.42
3604 35 42 0 0 0.35
3605 33 46 0 0 0.33
3606 34 33 0 0 0.34
3607 43 24 0 0 0.43
3608 44 22 0 0 0.44
3609 39 27 0 0 0.39
3610 33 33 0 0 0.33
3611 31 36 0 0 0.31
3612 30 35 0 0 0.3
3613 28 37 0 0 0.28
3614 23 33 0 0 0.23
3615 36 37 0 0 0.36
3616 32 35 0 0 0.32
3617 26 43 0 0 0.26
3618 25 33 0 0 0.25
3619 35 23 0 0 0.35
3620 33 27 0 0 0.33
3621 20 31 0 0 0.2
3622 25 37 0 0 0.25
3623 27 27 0 0 0.27
3624 34 22 0 0 0.34
3625 37 28 0 0 0.37
3626 28 36 0 0 0.28
3627 26 43 0 0 0.26
3628 29 39 0 0 0.29
3629 37 28 0 0 0.37
3630 43 24 0 0 0.43
3631 36 26 0 0 0.36
3632 31 37 0 0 0.31
3633 21 41 0 0 0.21
3634 30 44 0 0 0.3
3635 40 30 0 0 0.4
3636 51 24 0 0 0.51
3637 49 24 0 0 0.49
3638 32 37 0 0 0.32
3639 12 57 0 0 0.12
3640 13 62 0 0 0.13
3641 26 36 0 0 0.26
3642 45 16 0 0 0.45
3643 44 17 0 0 0.44
3644 24 36 0 0 0.24
3645 14 53 0 0 0.14
3646 20 44 0 0 0.2
3647 33 26 0 0 0.33
3648 47 27 0 0 0.47
3649 31 28 0 0 0.31
3650 21 44 0 0 0.21
3651 20 43 0 0 0.2
3652 31 30 0 0 0.31
3653 42 26 0 0 0.42
3654 31 29 0 0 0.31
3655 24 44 0 0 0.24
3656 18 40 0 0 0.18
3657 35 35 0 0 0.35
3658 40 16 0 0 0.4
3659 40 23 0 0 0.4
3660 25 36 0 0 0.25
3661 20 41 0 0 0.2
3662 31 34 0 0 0.31
3663 38 20 0 0 0.38
3664 38 30 0 0 0.38
3665 16 38 0 0 0.16
3666 20 52 0 0 0.2
3667 22 33 0 0 0.22
3668 45 29 0 0 0.45
3669 36 21 0 0 0.36
3670 25 37 0 0 0.25
3671 17 38 0 0 0.17
3672 36 27 0 0 0.36
3673 49 13 0 0 0.49
3674 43 23 0 0 0.43
3675 19 42 0 0 0.19
3676 15 54 0 0 0.15
3677 28 36 0 0 0.28
3678 46 17 0 0 0.46
3679 53 16 0 0 0.53
3680 39 24 0 0 0.39
3681 23 35 0 0 0.23
3682 24 41 0 0 0.24
3683 28 34 0 0 0.28
3684 35 31 0 0 0.35
3685 32 31 0 0 0.32
3686 34 36 0 0 0.34
3687 34 35 0 0 0.34
3688 31 34 0 0 0.31
3689 35 27 0 0 0.35
3690 39 22 0 0 0.39
3691 38 29 0 0 0.38
3692 25 34 0 0 0.25
3693 21 43 0 0 0.21
3694 22 31 0 0 0.22
3695 39 31 0 0 0.39
3696 35 25 0 0 0.35
3697 34 32 0 0 0.34
3698 26 32 0 0 0.26
3699 37 31 0 0 0.37
3700 42 22 0 0 0.42
3701 40 23 0 0 0.4
3702 40 27 0 0 0.4
3703 39 31 0 0 0.39
3704 26 26 0 0 0.26
3705 33 33 0 0 0.33
3706 29 30 0 0 0.29
3707 24 35 0 0 0.24
3708 23 37 0 0 0.23
3709 29 32 0 0 0.29
3710 35 31 0 0 0.35
3711 24 28 0 0 0.24
3712 30 41 0 0 0.3
3713 25 28 0 0 0.25
3714 37 32 0 0 0.37
3715 30 27 0 0 0.3
3716 33 38 0 0 0.33
3717 23 36 0 0 0.23
3718 31 36 0 0 0.31
3719 33 20 0 0 0.33
3720 43 26 0 0 0.43
3721 31 25 0 0 0.31
3722 28 34 0 0 0.28
3723 24 35 0 0 0.24
3724 29 31 0 0 0.29
3725 31 24 0 0 0.31
3726 31 30 0 0 0.31
3727 24 34 0 0 0.24
3728 29 41 0 0 0.29
3729 33 39 0 0 0.33
3730 30 36 0 0 0.3
3731 34 37 0 0 0.34
3732 34 33 0 0 0.34
3733 35 35 0 0 0.35
3734 38 29 0 0 0.38
3735 42 21 0 0 0.42
3736 41 26 0 0 0.41
3737 30 32 0 0 0.3
3738 22 37 0 0 0.22
3739 23 34 0 0 0.23
3740 34 25 0 0 0.34
3741 39 23 0 0 0.39
3742 25 31 0 0 0.25
3743 22 45 0 0 0.22
3744 29 38 0 0 0.29
3745 41 26 0 0 0.41
3746 54 26 0 0 0.54
3747 43 22 0 0 0.43
3748 35 35 0 0 0.35
3749 26 40 0 0 0.26
3750 24 31 0 0 0.24
3751 44 26 0 0 0.44
3752 44 14 0 0 0.44
3753 35 27 0 0 0.35
3754 19 38 0 0 0.19
3755 25 40 0 0 0.25
3756 29 22 0 0 0.29
3757 40 29 0 0 0.4
3758 26 22 0 0 0.26
3759 36 35 0 0 0.36
3760 22 30 0 0 0.22
3761 28 44 0 0 0.28
3762 24 29 0 0 0.24
3763 35 32 0 0 0.35
3764 21 28 0 0 0.21
3765 28 43 0 0 0.28
3766 20 26 0 0 0.2
3767 43 33 0 0 0.43
3768 35 19 0 0 0.35
3769 36 31 0 0 0.36
3770 18 32 0 0 0.18
3771 28 40 0 0 0.28
3772 28 26 0 0 0.28
3773 33 29 0 0 0.33
3774 26 33 0 0 0.26
3775 27 36 0 0 0.27
3776 31 25 0 0 0.31
3777 41 26 0 0 0.41
3778 33 25 0 0 0.33
3779 32 36 0 0 0.32
3780 29 38 0 0 0.29
3781 29 39 0 0 0.29
3782 34 43 0 0 0.34
3783 30 37 0 0 0.3
3784 36 43 0 0 0.36
3785 36 34 0 0 0.36
3786 43 30 0 0 0.43
3787 43 31 0 0 0.43
3788 42 37 0 0 0.42
3789 36 37 0 0 0.36
3790 39 36 0 0 0.39
3791 39 22 0 0 0.39
3792 42 20 0 0 0.42
3793 28 29 0 0 0.28
3794 21 44 0 0 0.21
3795 25 35 0 0 0.25
3796 38 27 0 0 0.38
3797 39 25 0 0 0.39
3798 39 32 0 0 0.39
3799 31 31 0 0 0.31
3800 28 30 0 0 0.28
3801 29 29 0 0 0.29
3802 31 27 0 0 0.31
3803 28 31 0 0 0.28
3804 23 29 0 0 0.23
3805 39 27 0 0 0.39
3806 39 15 0 0 0.39
3807 44 29 0 0 0.44
3808 26 27 0 0 0.26
3809 29 34 0 0 0.29
3810 31 22 0 0 0.31
3811 40 20 0 0 0.4
3812 35 22 0 0 0.35
3813 26 34 0 0 0.26
3814 21 42 0 0 0.21
3815 24 29 0 0 0.24
3816 40 26 0 0 0.4
3817 33 27 0 0 0.33
3818 23 37 0 0 0.23
3819 19 40 0 0 0.19
3820 25 34 0 0 0.25
3821 34 27 0 0 0.34
3822 37 27 0 0 0.37
3823 35 31 0 0 0.35
3824 32 31 0 0 0.32
3825 28 29 0 0 0.28
3826 29 37 0 0 0.29
3827 20 33 0 0 0.2
3828 29 35 0 0 0.29
3829 32 24 0 0 0.32
3830 37 28 0 0 0.37
3831 26 34 0 0 0.26
3832 22 36 0 0 0.22
3833 31 31 0 0 0.31
3834 39 28 0 0 0.39
3835 33 27 0 0 0.33
3836 29 32 0 0 0.29
3837 30 29 0 0 0.3
3838 35 22 0 0 0.35
3839 39 27 0 0 0.39
3840 24 29 0 0 0.24
3841 26 39 0 0 0.26
3842 27 32 0 0 0.27
3843 37 29 0 0 0.37
3844 40 29 0 0 0.4
3845 29 29 0 0 0.29
3846 35 41 0 0 0.35
3847 30 27 0 0 0.3
3848 44 26 0 0 0.44
3849 39 20 0 0 0.39
3850 28 34 0 0 0.28
3851 21 45 0 0 0.21
3852 27 36 0 0 0.27
3853 38 24 0 0 0.38
3854 39 23 0 0 0.39
3855 28 33 0 0 0.28
3856 15 45 0 0 0.15
3857 19 50 0 0 0.19
3858 25 35 0 0 0.25
3859 39 24 0 0 0.39
3860 46 17 0 0 0.46
3861 41 23 0 0 0.41
3862 32 35 0 0 0.32
3863 22 36 0 0 0.22
3864 29 43 0 0 0.29
3865 32 36 0 0 0.32
3866 41 33 0 0 0.41
3867 41 33 0 0 0.41
3868 36 31 0 0 0.36
3869 35 24 0 0 0.35
3870 42 31 0 0 0.42
3871 27 29 0 0 0.27
3872 35 38 0 0 0.35
3873 41 26 0 0 0.41
3874 48 23 0 0 0.48
3875 31 25 0 0 0.31
3876 25 41 0 0 0.25
3877 21 37 0 0 0.21
3878 32 34 0 0 0.32
3879 32 26 0 0 0.32
3880 30 37 0 0 0.3
3881 19 43 0 0 0.19
3882 22 40 0 0 0.22
3883 41 26 0 0 0.41
3884 43 11 0 0 0.43
3885 38 29 0 0 0.38
3886 21 41 0 0 0.21
3887 30 47 0 0 0.3
3888 37 31 0 0 0.37
3889 47 25 0 0 0.47
3890 39 25 0 0 0.39
3891 31 42 0 0 0.31
3892 24 46 0 0 0.24
3893 32 44 0 0 0.32
3894 34 35 0 0 0.34
3895 32 35 0 0 0.32
3896 31 39 0 0 0.31
3897 25 34 0 0 0.25
3898 33 43 0 0 0.33
3899 24 41 0 0 0.24
3900 30 44 0 0 0.3
3901 34 33 0 0 0.34
3902 46 33 0 0 0.46
3903 44 26 0 0 0.44
3904 38 32 0 0 0.38
3905 29 43 0 0 0.29
3906 30 48 0 0 0.3
3907 37 37 0 0 0.37
3908 51 30 0 0 0.51
3909 51 26 0 0 0.51
3910 44 36 0 0 0.44
3911 31 49 0 0 0.31
3912 27 58 0 0 0.27
3913 27 55 0 0 0.27
3914 35 52 0 0 0.35
3915 39 38 0 0 0.39
3916 51 32 0 0 0.51
3917 55 25 0 0 0.55
3918 58 24 0 0 0.58
3919 56 32 0 0 0.56
3920 42 41 0 0 0.42
3921 27 55 0 0 0.27
3922 15 70 0 0 0.15
3923 13 78 0 0 0.13
3924 17 67 0 0 0.17
3925 28 47 0 0 0.28
3926 44 33 0 0 0.44
3927 52 28 0 0 0.52
3928 51 32 0 0 0.51
3929 44 24 0 0 0.44
3930 48 27 0 0 0.48
3931 27 29 0 0 0.27
3932 25 49 0 0 0.25
3933 21 36 0 0 0.21
3934 38 31 0 0 0.38
3935 33 23 0 0 0.33
3936 27 35 0 0 0.27
3937 21 37 0 0 0.21
3938 32 29 0 0 0.32
3939 37 20 0 0 0.37
3940 30 29 0 0 0.3
3941 22 41 0 0 0.22
3942 23 36 0 0 0.23
3943 34 23 0 0 0.34
3944 37 20 0 0 0.37
3945 29 31 0 0 0.29
3946 15 40 0 0 0.15
3947 19 44 0 0 0.19
3948 32 29 0 0 0.32
3949 40 21 0 0 0.4
3950 29 31 0 0 0.29
3951 17 39 0 0 0.17
3952 27 29 0 0 0.27
3953 39 17 0 0 0.39
3954 44 27 0 0 0.44
3955 25 29 0 0 0.25
3956 27 38 0 0 0.27
3957 35 31 0 0 0.35
3958 41 24 0 0 0.41
3959 46 27 0 0 0.46
3960 39 24 0 0 0.39
3961 38 32 0 0 0.38
3962 27 34 0 0 0.27
3963 24 34 0 0 0.24
3964 31 26 0 0 0.31
3965 39 22 0 0 0.39
3966 40 26 0 0 0.4
3967 30 29 0 0 0.3
3968 22 33 0 0 0.22
3969 26 34 0 0 0.26
3970 32 24 0 0 0.32
3971 39 20 0 0 0.39
3972 31 22 0 0 0.31
3973 27 34 0 0 0.27
3974 22 35 0 0 0.22
3975 28 38 0 0 0.28
3976 24 25 0 0 0.24
3977 34 26 0 0 0.34
3978 31 25 0 0 0.31
3979 28 32 0 0 0.28
3980 21 27 0 0 0.21
3981 33 38 0 0 0.33
3982 19 23 0 0 0.19
3983 31 38 0 0 0.31
3984 22 38 0 0 0.22
3985 26 39 0 0 0.26
3986 29 34 0 0 0.29
3987 29 34 0 0 0.29
3988 30 34 0 0 0.3
3989 33 30 0 0 0.33
3990 34 31 0 0 0.34
3991 29 38 0 0 0.29
3992 19 33 0 0 0.19
3993 32 32 0 0 0.32
3994 34 17 0 0 0.34
3995 42 26 0 0 0.42
3996 21 26 0 0 0.21
3997 30 48 0 0 0.3
3998 29 29 0 0 0.29
3999 42 22 0 0 0.42
4000 34 21 0 0 0.34
4001 34 39 0 0 0.34
4002 27 32 0 0 0.27
4003 37 30 0 0 0.37
4004 38 21 0 0 0.38
4005 43 29 0 0 0.43
4006 29 30 0 0 0.29
4007 21 38 0 0 0.21
4008 21 40 0 0 0.21
4009 31 29 0 0 0.31
4010 39 27 0 0 0.39
4011 32 32 0 0 0.32
4012 23 36 0 0 0.23
4013 21 35 0 0 0.21
4014 33 27 0 0 0.33
4015 41 15 0 0 0.41
4016 36 22 0 0 0.36
4017 20 36 0 0 0.2
4018 20 42 0 0 0.2
4019 30 30 0 0 0.3
4020 39 22 0 0 0.39
4021 30 25 0 0 0.3
4022 23 35 0 0 0.23
4023 26 33 0 0 0.26
4024 32 20 0 0 0.32
4025 40 20 0 0 0.4
4026 33 28 0 0 0.33
4027 26 37 0 0 0.26
4028 30 37 0 0 0.3
4029 40 32 0 0 0.4
4030 35 28 0 0 0.35
4031 31 32 0 0 0.31
4032 33 40 0 0 0.33
4033 29 44 0 0 0.29
4034 28 48 0 0 0.28
4035 26 46 0 0 0.26
4036 26 41 0 0 0.26
4037 36 39 0 0 0.36
4038 45 33 0 0 0.45
4039 46 30 0 0 0.46
4040 35 35 0 0 0.35
4041 30 42 0 0 0.3
4042 31 41 0 0 0.31
4043 37 34 0 0 0.37
4044 47 23 0 0 0.47
4045 42 25 0 0 0.42
4046 25 42 0 0 0.25
4047 18 54 0 0 0.18
4048 26 39 0 0 0.26
4049 48 20 0 0 0.48
4050 54 18 0 0 0.54
4051 32 30 0 0 0.32
4052 13 49 0 0 0.13
4053 17 50 0 0 0.17
4054 34 29 0 0 0.34
4055 52 24 0 0 0.52
4056 38 22 0 0 0.38
4057 32 40 0 0 0.32
4058 25 39 0 0 0.25
4059 34 32 0 0 0.34
4060 43 23 0 0 0.43
4061 47 27 0 0 0.47
4062 29 30 0 0 0.29
4063 24 45 0 0 0.24
4064 24 39 0 0 0.24
4065 43 32 0 0 0.43
4066 48 14 0 0 0.48
4067 52 22 0 0 0.52
4068 33 31 0 0 0.33
4069 26 47 0 0 0.26
4070 26 49 0 0 0.26
4071 31 44 0 0 0.31
4072 34 30 0 0 0.34
4073 45 31 0 0 0.45
4074 36 32 0 0 0.36
4075 29 43 0 0 0.29
4076 26 46 0 0 0.26
4077 39 40 0 0 0.39
4078 55 29 0 0 0.55
4079 60 23 0 0 0.6
4080 60 31 0 0 0.6
4081 39 34 0 0 0.39
4082 33 53 0 0 0.33
4083 32 56 0 0 0.32
4084 38 46 0 0 0.38
4085 51 39 0 0 0.51
4086 55 33 0 0 0.55
4087 57 32 0 0 0.57
4088 57 36 0 0 0.57
4089 49 42 0 0 0.49
4090 40 51 0 0 0.4
4091 34 60 0 0 0.34
4092 29 66 0 0 0.29
4093 29 71 0 0 0.29
4094 29 71 0 0 0.29
4095 29 71 0 0 0.29
4096 29 71 0 0 0.29
4097 29 71 0 0 0.29
4098 29 71 0 0 0.29
4099 29 71 0 0 0.29
4100 29 71 0 0 0.29
4101 29 71 0 0 0.29
4102 29 71 0 0 0.29
4103 29 71 0 0 0.29
