1 53 79 41 0.41 0.53
2 42 96 41 0.41 0.42
3 36 99 36 0.36 0.36
4 45 95 41 0.41 0.45
5 55 92 47 0.47 0.55
6 62 84 51 0.51 0.62
7 71 73 47 0.47 0.71
8 79 63 46 0.46 0.79
9 73 56 38 0.38 0.73
10 60 47 20 0.2 0.6
11 59 43 19 0.19 0.59
12 60 40 20 0.2 0.6
13 52 46 17 0.17 0.52
14 42 55 13 0.13 0.42
15 40 57 14 0.14 0.4
16 41 52 13 0.13 0.41
17 45 46 15 0.15 0.45
18 46 45 14 0.14 0.46
19 49 47 15 0.15 0.49
20 50 49 16 0.16 0.5
21 47 45 10 0.1 0.47
22 40 42 4 0.04 0.4
23 46 45 12 0.12 0.46
24 42 45 12 0.12 0.42
25 49 40 11 0.11 0.49
26 40 38 5 0.05 0.4
27 39 37 7 0.07 0.39
28 43 39 7 0.07 0.43
29 39 36 6 0.06 0.39
30 38 35 4 0.04 0.38
31 37 34 6 0.06 0.37
32 37 34 6 0.06 0.37
33 40 40 8 0.08 0.4
34 34 35 5 0.05 0.34
35 37 37 3 0.03 0.37
36 32 38 5 0.05 0.32
37 34 33 8 0.08 0.34
38 36 36 7 0.07 0.36
39 35 35 5 0.05 0.35
40 31 37 3 0.03 0.31
41 33 39 3 0.03 0.33
42 37 41 4 0.04 0.37
43 35 33 4 0.04 0.35
44 38 34 4 0.04 0.38
45 37 27 4 0.04 0.37
46 35 31 3 0.03 0.35
47 31 37 3 0.03 0.31
48 28 34 1 0.01 0.28
49 31 35 2 0.02 0.31
50 41 24 2 0.02 0.41
51 35 29 3 0.03 0.35
52 21 37 1 0.01 0.21
53 28 39 1 0.01 0.28
54 41 30 2 0.02 0.41
55 40 34 3 0.03 0.4
56 27 35 1 0.01 0.27
57 30 31 1 0.01 0.3
58 30 21 0 0 0.3
59 32 21 0 0 0.32
60 32 29 0 0 0.32
61 17 37 0 0 0.17
62 16 31 0 0 0.16
63 31 22 0 0 0.31
64 32 21 0 0 0.32
65 29 23 1 0.01 0.29
66 19 27 1 0.01 0.19
67 19 25 0 0 0.19
68 23 24 0 0 0.23
69 28 26 1 0.01 0.28
70 37 29 1 0.01 0.37
71 22 32 0 0 0.22
72 22 36 0 0 0.22
73 25 28 0 0 0.25
74 27 21 0 0 0.27
75 26 22 0 0 0.26
76 25 31 0 0 0.25
77 26 37 0 0 0.26
78 30 25 0 0 0.3
79 36 31 0 0 0.36
80 31 31 0 0 0.31
81 30 34 0 0 0.3
82 22 32 0 0 0.22
83 22 29 0 0 0.22
84 27 27 0 0 0.27
85 37 24 0 0 0.37
86 28 27 0 0 0.28
87 30 32 0 0 0.3
88 24 38 0 0 0.24
89 29 26 0 0 0.29
90 32 22 0 0 0.32
91 29 23 0 0 0.29
92 22 27 0 0 0.22
93 23 30 0 0 0.23
94 24 31 0 0 0.24
95 27 21 0 0 0.27
96 30 20 0 0 0.3
97 25 20 0 0 0.25
98 19 25 0 0 0.19
99 25 33 0 0 0.25
100 25 35 0 0 0.25
101 33 29 0 0 0.33
102 32 22 0 0 0.32
103 26 27 0 0 0.26
104 24 37 0 0 0.24
105 23 33 0 0 0.23
106 35 27 0 0 0.35
107 39 25 0 0 0.39
108 36 30 0 0 0.36
109 27 39 0 0 0.27
110 27 31 0 0 0.27
111 31 20 0 0 0.31
112 32 24 0 0 0.32
113 28 34 0 0 0.28
114 23 40 0 0 0.23
115 23 35 0 0 0.23
116 33 20 0 0 0.33
117 36 22 0 0 0.36
118 24 30 0 0 0.24
119 17 33 0 0 0.17
120 25 25 0 0 0.25
121 34 19 0 0 0.34
122 24 23 0 0 0.24
123 25 24 0 0 0.25
124 25 24 0 0 0.25
125 23 28 0 0 0.23
126 27 27 0 0 0.27
127 21 29 0 0 0.21
128 20 25 0 0 0.2
129 26 23 0 0 0.26
130 30 23 0 0 0.3
131 31 23 0 0 0.31
132 31 28 0 0 0.31
133 26 30 0 0 0.26
134 27 34 0 0 0.27
135 21 25 0 0 0.21
136 22 26 0 0 0.22
137 31 21 0 0 0.31
138 27 28 0 0 0.27
139 23 34 0 0 0.23
140 29 29 0 0 0.29
141 32 24 0 0 0.32
142 29 25 0 0 0.29
143 23 28 0 0 0.23
144 25 31 0 0 0.25
145 34 34 0 0 0.34
146 39 27 0 0 0.39
147 32 34 0 0 0.32
148 31 41 0 0 0.31
149 36 38 0 0 0.36
150 39 29 0 0 0.39
151 36 33 0 0 0.36
152 30 37 0 0 0.3
153 24 32 0 0 0.24
154 32 22 0 0 0.32
155 34 18 0 0 0.34
156 25 23 0 0 0.25
157 21 35 0 0 0.21
158 22 36 0 0 0.22
159 27 21 0 0 0.27
160 26 17 0 0 0.26
161 23 18 0 0 0.23
162 24 23 0 0 0.24
163 20 29 0 0 0.2
164 21 27 0 0 0.21
165 31 22 0 0 0.31
166 30 30 0 0 0.3
167 22 23 0 0 0.22
168 27 24 0 0 0.27
169 19 34 0 0 0.19
170 25 32 0 0 0.25
171 24 20 0 0 0.24
172 34 23 0 0 0.34
173 27 24 0 0 0.27
174 20 32 0 0 0.2
175 21 40 0 0 0.21
176 31 21 0 0 0.31
177 41 18 0 0 0.41
178 25 28 0 0 0.25
179 19 40 0 0 0.19
180 24 37 0 0 0.24
181 32 25 0 0 0.32
182 36 16 0 0 0.36
183 31 26 0 0 0.31
184 19 44 0 0 0.19
185 25 38 0 0 0.25
186 46 19 0 0 0.46
187 37 22 0 0 0.37
188 21 31 0 0 0.21
189 21 37 0 0 0.21
190 28 28 0 0 0.28
191 35 23 0 0 0.35
192 32 23 0 0 0.32
193 24 36 0 0 0.24
194 22 33 0 0 0.22
195 28 26 0 0 0.28
196 31 23 0 0 0.31
197 31 18 0 0 0.31
198 27 28 0 0 0.27
199 15 38 0 0 0.15
200 18 38 0 0 0.18
201 28 16 0 0 0.28
202 34 13 0 0 0.34
203 27 12 0 0 0.27
204 18 20 0 0 0.18
205 17 33 0 0 0.17
206 9 24 0 0 0.09
207 13 14 0 0 0.13
208 19 16 0 0 0.19
209 20 16 0 0 0.2
210 24 14 0 0 0.24
211 18 17 0 0 0.18
212 16 28 0 0 0.16
213 19 22 0 0 0.19
214 25 20 0 0 0.25
215 29 21 0 0 0.29
216 25 23 0 0 0.25
217 25 32 0 0 0.25
218 22 27 0 0 0.22
219 29 21 0 0 0.29
220 27 26 0 0 0.27
221 22 25 0 0 0.22
222 22 32 0 0 0.22
223 15 26 0 0 0.15
224 23 21 0 0 0.23
225 32 19 0 0 0.32
226 36 23 0 0 0.36
227 21 34 0 0 0.21
228 22 37 0 0 0.22
229 19 21 0 0 0.19
230 33 14 0 0 0.33
231 31 15 0 0 0.31
232 14 24 0 0 0.14
233 14 34 0 0 0.14
234 13 26 0 0 0.13
235 19 12 0 0 0.19
236 27 7 0 0 0.27
237 18 10 0 0 0.18
238 13 17 0 0 0.13
239 12 22 0 0 0.12
240 9 22 0 0 0.09
241 12 16 0 0 0.12
242 15 11 0 0 0.15
243 12 11 0 0 0.12
244 18 14 0 0 0.18
245 26 17 0 0 0.26
246 26 20 0 0 0.26
247 27 32 0 0 0.27
248 29 28 0 0 0.29
249 32 24 0 0 0.32
250 36 25 0 0 0.36
251 27 32 0 0 0.27
252 22 34 0 0 0.22
253 19 26 0 0 0.19
254 33 21 0 0 0.33
255 29 17 0 0 0.29
256 21 23 0 0 0.21
257 19 19 0 0 0.19
258 21 21 0 0 0.21
259 23 23 0 0 0.23
260 22 20 0 0 0.22
261 23 21 0 0 0.23
262 28 25 0 0 0.28
263 28 27 0 0 0.28
264 25 23 0 0 0.25
265 33 21 0 0 0.33
266 26 21 0 0 0.26
267 18 30 0 0 0.18
268 23 32 0 0 0.23
269 29 25 0 0 0.29
270 35 23 0 0 0.35
271 29 27 0 0 0.29
272 26 26 0 0 0.26
273 21 30 0 0 0.21
274 28 26 0 0 0.28
275 30 23 0 0 0.3
276 35 26 0 0 0.35
277 32 32 0 0 0.32
278 19 27 0 0 0.19
279 17 32 0 0 0.17
280 29 30 0 0 0.29
281 39 20 0 0 0.39
282 30 20 0 0 0.3
283 21 31 0 0 0.21
284 17 30 0 0 0.17
285 21 27 0 0 0.21
286 30 14 0 0 0.3
287 33 13 0 0 0.33
288 22 25 0 0 0.22
289 12 34 0 0 0.12
290 19 31 0 0 0.19
291 31 18 0 0 0.31
292 34 17 0 0 0.34
293 22 22 0 0 0.22
294 20 24 0 0 0.2
295 15 26 0 0 0.15
296 17 19 0 0 0.17
297 21 17 0 0 0.21
298 38 10 0 0 0.38
299 30 17 0 0 0.3
300 13 40 0 0 0.13
301 11 34 0 0 0.11
302 20 19 0 0 0.2
303 39 15 0 0 0.39
304 39 23 0 0 0.39
305 17 45 0 0 0.17
306 23 42 0 0 0.23
307 36 22 0 0 0.36
308 46 20 0 0 0.46
309 27 32 0 0 0.27
310 17 48 0 0 0.17
311 18 35 0 0 0.18
312 26 22 0 0 0.26
313 34 12 0 0 0.34
314 31 13 0 0 0.31
315 19 18 0 0 0.19
316 17 25 0 0 0.17
317 20 33 0 0 0.2
318 25 19 0 0 0.25
319 24 21 0 0 0.24
320 27 21 0 0 0.27
321 26 28 0 0 0.26
322 30 29 0 0 0.3
323 29 36 0 0 0.29
324 32 36 0 0 0.32
325 37 34 0 0 0.37
326 45 31 0 0 0.45
327 33 34 0 0 0.33
328 28 37 0 0 0.28
329 33 35 0 0 0.33
330 42 34 0 0 0.42
331 41 39 0 0 0.41
332 35 41 0 0 0.35
333 33 38 0 0 0.33
334 40 29 0 0 0.4
335 41 30 0 0 0.41
336 35 35 0 0 0.35
337 26 40 0 0 0.26
338 27 42 0 0 0.27
339 34 31 0 0 0.34
340 44 23 0 0 0.44
341 35 23 0 0 0.35
342 22 37 0 0 0.22
343 21 32 0 0 0.21
344 28 29 0 0 0.28
345 36 20 0 0 0.36
346 28 20 0 0 0.28
347 14 27 0 0 0.14
348 20 29 0 0 0.2
349 21 25 0 0 0.21
350 23 20 0 0 0.23
351 36 18 0 0 0.36
352 22 28 0 0 0.22
353 19 36 0 0 0.19
354 21 33 0 0 0.21
355 26 21 0 0 0.26
356 31 18 0 0 0.31
357 30 28 0 0 0.3
358 27 28 0 0 0.27
359 27 30 0 0 0.27
360 21 25 0 0 0.21
361 28 30 0 0 0.28
362 26 28 0 0 0.26
363 35 26 0 0 0.35
364 30 34 0 0 0.3
365 22 31 0 0 0.22
366 27 25 0 0 0.27
367 24 21 0 0 0.24
368 27 23 0 0 0.27
369 18 25 0 0 0.18
370 25 32 0 0 0.25
371 31 22 0 0 0.31
372 35 24 0 0 0.35
373 28 29 0 0 0.28
374 25 41 0 0 0.25
375 27 29 0 0 0.27
376 36 21 0 0 0.36
377 30 21 0 0 0.3
378 20 22 0 0 0.2
379 18 30 0 0 0.18
380 15 29 0 0 0.15
381 23 26 0 0 0.23
382 26 18 0 0 0.26
383 36 20 0 0 0.36
384 28 27 0 0 0.28
385 24 42 0 0 0.24
386 21 32 0 0 0.21
387 31 20 0 0 0.31
388 40 26 0 0 0.4
389 26 42 0 0 0.26
390 25 44 0 0 0.25
391 38 29 0 0 0.38
392 44 28 0 0 0.44
393 28 22 0 0 0.28
394 23 31 0 0 0.23
395 19 35 0 0 0.19
396 29 27 0 0 0.29
397 31 17 0 0 0.31
398 27 19 0 0 0.27
399 23 22 0 0 0.23
400 22 25 0 0 0.22
401 17 21 0 0 0.17
402 16 14 0 0 0.16
403 11 14 0 0 0.11
404 14 14 0 0 0.14
405 20 19 0 0 0.2
406 23 22 0 0 0.23
407 28 21 0 0 0.28
408 25 21 0 0 0.25
409 25 24 0 0 0.25
410 23 34 0 0 0.23
411 27 35 0 0 0.27
412 27 24 0 0 0.27
413 35 24 0 0 0.35
414 32 18 0 0 0.32
415 23 43 0 0 0.23
416 18 42 0 0 0.18
417 25 21 0 0 0.25
418 33 15 0 0 0.33
419 31 20 0 0 0.31
420 20 31 0 0 0.2
421 21 41 0 0 0.21
422 29 29 0 0 0.29
423 41 21 0 0 0.41
424 38 27 0 0 0.38
425 22 33 0 0 0.22
426 22 37 0 0 0.22
427 23 29 0 0 0.23
428 33 18 0 0 0.33
429 31 22 0 0 0.31
430 16 35 0 0 0.16
431 13 33 0 0 0.13
432 15 14 0 0 0.15
433 25 11 0 0 0.25
434 23 11 0 0 0.23
435 14 20 0 0 0.14
436 15 22 0 0 0.15
437 13 23 0 0 0.13
438 24 17 0 0 0.24
439 27 11 0 0 0.27
440 21 17 0 0 0.21
441 14 29 0 0 0.14
442 14 25 0 0 0.14
443 22 24 0 0 0.22
444 25 18 0 0 0.25
445 27 19 0 0 0.27
446 19 27 0 0 0.19
447 22 25 0 0 0.22
448 27 33 0 0 0.27
449 27 29 0 0 0.27
450 30 24 0 0 0.3
451 30 27 0 0 0.3
452 29 24 0 0 0.29
453 23 29 0 0 0.23
454 23 28 0 0 0.23
455 24 28 0 0 0.24
456 31 28 0 0 0.31
457 34 32 0 0 0.34
458 30 42 0 0 0.3
459 26 36 0 0 0.26
460 30 31 0 0 0.3
461 38 32 0 0 0.38
462 33 28 0 0 0.33
463 27 31 0 0 0.27
464 29 36 0 0 0.29
465 37 28 0 0 0.37
466 38 25 0 0 0.38
467 33 32 0 0 0.33
468 28 35 0 0 0.28
469 29 38 0 0 0.29
470 32 28 0 0 0.32
471 41 29 0 0 0.41
472 31 31 0 0 0.31
473 27 34 0 0 0.27
474 26 34 0 0 0.26
475 31 32 0 0 0.31
476 34 19 0 0 0.34
477 27 26 0 0 0.27
478 23 33 0 0 0.23
479 26 35 0 0 0.26
480 34 22 0 0 0.34
481 39 25 0 0 0.39
482 27 27 0 0 0.27
483 27 34 0 0 0.27
484 20 33 0 0 0.2
485 26 31 0 0 0.26
486 29 21 0 0 0.29
487 29 12 0 0 0.29
488 21 23 0 0 0.21
489 14 24 0 0 0.14
490 11 26 0 0 0.11
491 12 22 0 0 0.12
492 18 12 0 0 0.18
493 25 13 0 0 0.25
494 31 16 0 0 0.31
495 17 22 0 0 0.17
496 13 28 0 0 0.13
497 11 17 0 0 0.11
498 13 16 0 0 0.13
499 14 12 0 0 0.14
500 12 13 0 0 0.12
501 16 8 0 0 0.16
502 24 9 0 0 0.24
503 15 9 0 0 0.15
504 9 18 0 0 0.09
505 8 27 0 0 0.08
506 13 23 0 0 0.13
507 19 19 0 0 0.19
508 33 16 0 0 0.33
509 31 19 0 0 0.31
510 27 24 0 0 0.27
511 24 31 0 0 0.24
512 29 38 0 0 0.29
513 35 27 0 0 0.35
514 38 28 0 0 0.38
515 30 29 0 0 0.3
516 27 34 0 0 0.27
517 24 30 0 0 0.24
518 29 24 0 0 0.29
519 35 23 0 0 0.35
520 29 23 0 0 0.29
521 26 30 0 0 0.26
522 30 30 0 0 0.3
523 34 30 0 0 0.34
524 33 29 0 0 0.33
525 32 37 0 0 0.32
526 38 35 0 0 0.38
527 38 32 0 0 0.38
528 29 31 0 0 0.29
529 21 32 0 0 0.21
530 27 28 0 0 0.27
531 33 26 0 0 0.33
532 35 38 0 0 0.35
533 28 46 0 0 0.28
534 33 34 0 0 0.33
535 34 27 0 0 0.34
536 31 26 0 0 0.31
537 27 29 0 0 0.27
538 30 29 0 0 0.3
539 37 34 0 0 0.37
540 33 30 0 0 0.33
541 27 30 0 0 0.27
542 34 35 0 0 0.34
543 30 32 0 0 0.3
544 28 30 0 0 0.28
545 32 17 0 0 0.32
546 27 20 0 0 0.27
547 16 25 0 0 0.16
548 19 28 0 0 0.19
549 18 25 0 0 0.18
550 26 21 0 0 0.26
551 29 22 0 0 0.29
552 31 27 0 0 0.31
553 19 32 0 0 0.19
554 25 34 0 0 0.25
555 23 28 0 0 0.23
556 32 23 0 0 0.32
557 33 24 0 0 0.33
558 16 29 0 0 0.16
559 20 23 0 0 0.2
560 24 17 0 0 0.24
561 33 26 0 0 0.33
562 30 31 0 0 0.3
563 27 35 0 0 0.27
564 22 24 0 0 0.22
565 24 19 0 0 0.24
566 24 17 0 0 0.24
567 16 17 0 0 0.16
568 12 16 0 0 0.12
569 14 22 0 0 0.14
570 18 20 0 0 0.18
571 23 13 0 0 0.23
572 21 14 0 0 0.21
573 22 17 0 0 0.22
574 18 21 0 0 0.18
575 15 25 0 0 0.15
576 17 22 0 0 0.17
577 21 15 0 0 0.21
578 23 18 0 0 0.23
579 25 19 0 0 0.25
580 17 26 0 0 0.17
581 19 25 0 0 0.19
582 25 22 0 0 0.25
583 32 22 0 0 0.32
584 28 22 0 0 0.28
585 31 31 0 0 0.31
586 29 28 0 0 0.29
587 29 29 0 0 0.29
588 25 27 0 0 0.25
589 25 31 0 0 0.25
590 31 26 0 0 0.31
591 36 29 0 0 0.36
592 29 39 0 0 0.29
593 32 46 0 0 0.32
594 30 29 0 0 0.3
595 36 25 0 0 0.36
596 32 30 0 0 0.32
597 21 38 0 0 0.21
598 24 33 0 0 0.24
599 37 25 0 0 0.37
600 39 22 0 0 0.39
601 32 32 0 0 0.32
602 25 33 0 0 0.25
603 30 34 0 0 0.3
604 35 26 0 0 0.35
605 33 29 0 0 0.33
606 23 34 0 0 0.23
607 26 42 0 0 0.26
608 31 30 0 0 0.31
609 42 18 0 0 0.42
610 37 22 0 0 0.37
611 21 37 0 0 0.21
612 17 44 0 0 0.17
613 26 24 0 0 0.26
614 33 15 0 0 0.33
615 32 15 0 0 0.32
616 20 24 0 0 0.2
617 15 31 0 0 0.15
618 16 33 0 0 0.16
619 28 23 0 0 0.28
620 39 17 0 0 0.39
621 30 18 0 0 0.3
622 21 31 0 0 0.21
623 18 35 0 0 0.18
624 26 28 0 0 0.26
625 34 23 0 0 0.34
626 24 28 0 0 0.24
627 22 36 0 0 0.22
628 24 29 0 0 0.24
629 32 22 0 0 0.32
630 30 17 0 0 0.3
631 21 26 0 0 0.21
632 20 32 0 0 0.2
633 21 30 0 0 0.21
634 25 23 0 0 0.25
635 31 15 0 0 0.31
636 27 19 0 0 0.27
637 17 27 0 0 0.17
638 15 30 0 0 0.15
639 14 26 0 0 0.14
640 31 17 0 0 0.31
641 22 12 0 0 0.22
642 19 11 0 0 0.19
643 12 15 0 0 0.12
644 11 19 0 0 0.11
645 13 21 0 0 0.13
646 20 21 0 0 0.2
647 27 18 0 0 0.27
648 19 20 0 0 0.19
649 23 25 0 0 0.23
650 24 24 0 0 0.24
651 27 26 0 0 0.27
652 25 26 0 0 0.25
653 33 34 0 0 0.33
654 33 23 0 0 0.33
655 28 27 0 0 0.28
656 19 29 0 0 0.19
657 25 29 0 0 0.25
658 28 29 0 0 0.28
659 33 22 0 0 0.33
660 33 24 0 0 0.33
661 23 28 0 0 0.23
662 22 37 0 0 0.22
663 24 34 0 0 0.24
664 32 18 0 0 0.32
665 36 11 0 0 0.36
666 21 17 0 0 0.21
667 16 25 0 0 0.16
668 15 37 0 0 0.15
669 19 25 0 0 0.19
670 33 14 0 0 0.33
671 33 15 0 0 0.33
672 18 18 0 0 0.18
673 17 33 0 0 0.17
674 16 37 0 0 0.16
675 29 20 0 0 0.29
676 29 16 0 0 0.29
677 27 18 0 0 0.27
678 20 26 0 0 0.2
679 16 32 0 0 0.16
680 18 24 0 0 0.18
681 26 12 0 0 0.26
682 22 13 0 0 0.22
683 19 20 0 0 0.19
684 18 28 0 0 0.18
685 22 27 0 0 0.22
686 19 29 0 0 0.19
687 31 23 0 0 0.31
688 34 21 0 0 0.34
689 25 31 0 0 0.25
690 24 28 0 0 0.24
691 29 28 0 0 0.29
692 28 27 0 0 0.28
693 34 20 0 0 0.34
694 29 26 0 0 0.29
695 19 27 0 0 0.19
696 21 23 0 0 0.21
697 23 19 0 0 0.23
698 29 26 0 0 0.29
699 33 28 0 0 0.33
700 29 31 0 0 0.29
701 23 26 0 0 0.23
702 24 28 0 0 0.24
703 36 22 0 0 0.36
704 29 20 0 0 0.29
705 24 26 0 0 0.24
706 21 28 0 0 0.21
707 22 30 0 0 0.22
708 23 21 0 0 0.23
709 33 25 0 0 0.33
710 29 27 0 0 0.29
711 27 34 0 0 0.27
712 25 21 0 0 0.25
713 37 24 0 0 0.37
714 25 28 0 0 0.25
715 20 35 0 0 0.2
716 18 28 0 0 0.18
717 18 22 0 0 0.18
718 28 16 0 0 0.28
719 30 11 0 0 0.3
720 25 16 0 0 0.25
721 13 27 0 0 0.13
722 14 29 0 0 0.14
723 13 13 0 0 0.13
724 19 18 0 0 0.19
725 21 19 0 0 0.21
726 26 18 0 0 0.26
727 24 16 0 0 0.24
728 23 28 0 0 0.23
729 24 39 0 0 0.24
730 37 24 0 0 0.37
731 32 23 0 0 0.32
732 31 24 0 0 0.31
733 16 27 0 0 0.16
734 14 33 0 0 0.14
735 23 25 0 0 0.23
736 27 14 0 0 0.27
737 26 15 0 0 0.26
738 23 27 0 0 0.23
739 20 31 0 0 0.2
740 20 30 0 0 0.2
741 24 27 0 0 0.24
742 31 25 0 0 0.31
743 34 27 0 0 0.34
744 33 31 0 0 0.33
745 32 40 0 0 0.32
746 31 36 0 0 0.31
747 34 26 0 0 0.34
748 27 26 0 0 0.27
749 24 32 0 0 0.24
750 26 25 0 0 0.26
751 31 23 0 0 0.31
752 30 30 0 0 0.3
753 27 31 0 0 0.27
754 25 29 0 0 0.25
755 27 27 0 0 0.27
756 35 24 0 0 0.35
757 29 24 0 0 0.29
758 26 32 0 0 0.26
759 23 36 0 0 0.23
760 28 26 0 0 0.28
761 36 19 0 0 0.36
762 21 20 0 0 0.21
763 15 24 0 0 0.15
764 11 29 0 0 0.11
765 19 18 0 0 0.19
766 31 20 0 0 0.31
767 31 23 0 0 0.31
768 25 33 0 0 0.25
769 28 32 0 0 0.28
770 30 28 0 0 0.3
771 25 25 0 0 0.25
772 24 17 0 0 0.24
773 22 23 0 0 0.22
774 18 27 0 0 0.18
775 19 19 0 0 0.19
776 19 19 0 0 0.19
777 17 20 0 0 0.17
778 20 17 0 0 0.2
779 21 14 0 0 0.21
780 28 13 0 0 0.28
781 12 14 0 0 0.12
782 15 21 0 0 0.15
783 15 22 0 0 0.15
784 23 25 0 0 0.23
785 27 19 0 0 0.27
786 27 25 0 0 0.27
787 25 25 0 0 0.25
788 25 34 0 0 0.25
789 33 24 0 0 0.33
790 32 29 0 0 0.32
791 33 24 0 0 0.33
792 26 23 0 0 0.26
793 23 31 0 0 0.23
794 28 26 0 0 0.28
795 23 22 0 0 0.23
796 24 20 0 0 0.24
797 20 18 0 0 0.2
798 28 17 0 0 0.28
799 22 24 0 0 0.22
800 20 28 0 0 0.2
801 20 30 0 0 0.2
802 26 25 0 0 0.26
803 37 17 0 0 0.37
804 34 22 0 0 0.34
805 25 37 0 0 0.25
806 23 37 0 0 0.23
807 30 26 0 0 0.3
808 35 23 0 0 0.35
809 31 27 0 0 0.31
810 23 32 0 0 0.23
811 18 37 0 0 0.18
812 21 23 0 0 0.21
813 29 19 0 0 0.29
814 31 19 0 0 0.31
815 19 28 0 0 0.19
816 11 31 0 0 0.11
817 15 21 0 0 0.15
818 23 10 0 0 0.23
819 29 11 0 0 0.29
820 22 17 0 0 0.22
821 12 19 0 0 0.12
822 14 27 0 0 0.14
823 21 23 0 0 0.21
824 26 13 0 0 0.26
825 29 13 0 0 0.29
826 23 19 0 0 0.23
827 23 24 0 0 0.23
828 15 23 0 0 0.15
829 12 30 0 0 0.12
830 22 26 0 0 0.22
831 33 16 0 0 0.33
832 29 14 0 0 0.29
833 19 22 0 0 0.19
834 16 27 0 0 0.16
835 13 37 0 0 0.13
836 29 30 0 0 0.29
837 43 14 0 0 0.43
838 33 19 0 0 0.33
839 20 29 0 0 0.2
840 10 37 0 0 0.1
841 11 30 0 0 0.11
842 28 15 0 0 0.28
843 41 12 0 0 0.41
844 19 21 0 0 0.19
845 16 27 0 0 0.16
846 20 31 0 0 0.2
847 21 25 0 0 0.21
848 20 19 0 0 0.2
849 21 14 0 0 0.21
850 27 15 0 0 0.27
851 22 21 0 0 0.22
852 18 26 0 0 0.18
853 22 25 0 0 0.22
854 30 26 0 0 0.3
855 32 21 0 0 0.32
856 29 30 0 0 0.29
857 26 38 0 0 0.26
858 32 35 0 0 0.32
859 29 23 0 0 0.29
860 29 20 0 0 0.29
861 25 31 0 0 0.25
862 24 37 0 0 0.24
863 27 31 0 0 0.27
864 34 26 0 0 0.34
865 33 23 0 0 0.33
866 30 27 0 0 0.3
867 24 34 0 0 0.24
868 30 38 0 0 0.3
869 40 26 0 0 0.4
870 39 27 0 0 0.39
871 28 29 0 0 0.28
872 21 28 0 0 0.21
873 27 27 0 0 0.27
874 33 35 0 0 0.33
875 36 30 0 0 0.36
876 31 31 0 0 0.31
877 27 28 0 0 0.27
878 32 33 0 0 0.32
879 31 34 0 0 0.31
880 34 32 0 0 0.34
881 30 21 0 0 0.3
882 33 27 0 0 0.33
883 20 32 0 0 0.2
884 20 27 0 0 0.2
885 22 22 0 0 0.22
886 31 22 0 0 0.31
887 30 22 0 0 0.3
888 22 24 0 0 0.22
889 27 26 0 0 0.27
890 19 25 0 0 0.19
891 24 21 0 0 0.24
892 30 32 0 0 0.3
893 21 24 0 0 0.21
894 34 24 0 0 0.34
895 38 31 0 0 0.38
896 33 38 0 0 0.33
897 24 35 0 0 0.24
898 23 28 0 0 0.23
899 30 23 0 0 0.3
900 31 17 0 0 0.31
901 27 19 0 0 0.27
902 18 27 0 0 0.18
903 18 40 0 0 0.18
904 28 20 0 0 0.28
905 33 17 0 0 0.33
906 24 26 0 0 0.24
907 21 24 0 0 0.21
908 20 24 0 0 0.2
909 13 20 0 0 0.13
910 20 14 0 0 0.2
911 26 15 0 0 0.26
912 20 13 0 0 0.2
913 14 12 0 0 0.14
914 7 20 0 0 0.07
915 9 20 0 0 0.09
916 15 18 0 0 0.15
917 23 15 0 0 0.23
918 23 13 0 0 0.23
919 21 16 0 0 0.21
920 23 24 0 0 0.23
921 20 30 0 0 0.2
922 16 27 0 0 0.16
923 18 18 0 0 0.18
924 23 16 0 0 0.23
925 28 25 0 0 0.28
926 22 30 0 0 0.22
927 25 31 0 0 0.25
928 23 28 0 0 0.23
929 30 20 0 0 0.3
930 30 20 0 0 0.3
931 28 24 0 0 0.28
932 20 42 0 0 0.2
933 25 37 0 0 0.25
934 37 23 0 0 0.37
935 43 24 0 0 0.43
936 36 36 0 0 0.36
937 23 43 0 0 0.23
938 24 40 0 0 0.24
939 36 25 0 0 0.36
940 39 23 0 0 0.39
941 31 35 0 0 0.31
942 22 36 0 0 0.22
943 28 29 0 0 0.28
944 32 33 0 0 0.32
945 31 31 0 0 0.31
946 33 32 0 0 0.33
947 38 29 0 0 0.38
948 34 31 0 0 0.34
949 32 32 0 0 0.32
950 22 27 0 0 0.22
951 21 26 0 0 0.21
952 17 28 0 0 0.17
953 15 25 0 0 0.15
954 21 17 0 0 0.21
955 18 8 0 0 0.18
956 13 3 0 0 0.13
957 6 5 0 0 0.06
958 9 10 0 0 0.09
959 10 18 0 0 0.1
960 15 13 0 0 0.15
961 22 17 0 0 0.22
962 23 21 0 0 0.23
963 22 23 0 0 0.22
964 16 31 0 0 0.16
965 20 32 0 0 0.2
966 29 19 0 0 0.29
967 32 20 0 0 0.32
968 27 18 0 0 0.27
969 19 23 0 0 0.19
970 20 31 0 0 0.2
971 23 33 0 0 0.23
972 31 24 0 0 0.31
973 33 21 0 0 0.33
974 27 30 0 0 0.27
975 21 41 0 0 0.21
976 22 27 0 0 0.22
977 27 21 0 0 0.27
978 29 16 0 0 0.29
979 24 28 0 0 0.24
980 25 36 0 0 0.25
981 36 33 0 0 0.36
982 39 34 0 0 0.39
983 37 33 0 0 0.37
984 29 40 0 0 0.29
985 32 37 0 0 0.32
986 34 28 0 0 0.34
987 35 31 0 0 0.35
988 25 31 0 0 0.25
989 29 33 0 0 0.29
990 36 29 0 0 0.36
991 33 25 0 0 0.33
992 22 31 0 0 0.22
993 21 35 0 0 0.21
994 25 31 0 0 0.25
995 27 22 0 0 0.27
996 38 20 0 0 0.38
997 25 26 0 0 0.25
998 23 37 0 0 0.23
999 25 32 0 0 0.25
1000 29 22 0 0 0.29
1001 37 21 0 0 0.37
1002 34 29 0 0 0.34
1003 25 39 0 0 0.25
1004 28 39 0 0 0.28
1005 36 21 0 0 0.36
1006 39 20 0 0 0.39
1007 30 21 0 0 0.3
1008 25 27 0 0 0.25
1009 21 23 0 0 0.21
1010 26 24 0 0 0.26
1011 23 27 0 0 0.23
1012 23 37 0 0 0.23
1013 29 22 0 0 0.29
1014 28 19 0 0 0.28
1015 30 22 0 0 0.3
1016 21 31 0 0 0.21
1017 19 31 0 0 0.19
1018 20 28 0 0 0.2
1019 24 20 0 0 0.24
1020 29 18 0 0 0.29
1021 31 22 0 0 0.31
1022 25 25 0 0 0.25
1023 23 34 0 0 0.23
1024 20 31 0 0 0.2
1025 24 27 0 0 0.24
1026 33 24 0 0 0.33
1027 39 31 0 0 0.39
1028 26 42 0 0 0.26
1029 24 34 0 0 0.24
1030 26 23 0 0 0.26
1031 31 23 0 0 0.31
1032 30 22 0 0 0.3
1033 22 20 0 0 0.22
1034 13 26 0 0 0.13
1035 19 29 0 0 0.19
1036 28 20 0 0 0.28
1037 36 23 0 0 0.36
1038 25 24 0 0 0.25
1039 24 40 0 0 0.24
1040 22 26 0 0 0.22
1041 28 23 0 0 0.28
1042 28 17 0 0 0.28
1043 22 23 0 0 0.22
1044 19 28 0 0 0.19
1045 16 26 0 0 0.16
1046 19 26 0 0 0.19
1047 33 18 0 0 0.33
1048 27 20 0 0 0.27
1049 29 27 0 0 0.29
1050 25 32 0 0 0.25
1051 26 38 0 0 0.26
1052 35 31 0 0 0.35
1053 34 32 0 0 0.34
1054 33 29 0 0 0.33
1055 25 34 0 0 0.25
1056 23 38 0 0 0.23
1057 26 31 0 0 0.26
1058 29 22 0 0 0.29
1059 28 26 0 0 0.28
1060 26 30 0 0 0.26
1061 34 37 0 0 0.34
1062 32 33 0 0 0.32
1063 32 27 0 0 0.32
1064 31 28 0 0 0.31
1065 32 29 0 0 0.32
1066 29 28 0 0 0.29
1067 33 30 0 0 0.33
1068 28 22 0 0 0.28
1069 27 22 0 0 0.27
1070 22 31 0 0 0.22
1071 24 36 0 0 0.24
1072 33 28 0 0 0.33
1073 40 24 0 0 0.4
1074 34 33 0 0 0.34
1075 27 39 0 0 0.27
1076 32 33 0 0 0.32
1077 33 27 0 0 0.33
1078 39 24 0 0 0.39
1079 30 30 0 0 0.3
1080 23 31 0 0 0.23
1081 22 31 0 0 0.22
1082 31 27 0 0 0.31
1083 43 20 0 0 0.43
1084 35 29 0 0 0.35
1085 20 44 0 0 0.2
1086 23 38 0 0 0.23
1087 38 22 0 0 0.38
1088 39 25 0 0 0.39
1089 27 31 0 0 0.27
1090 20 38 0 0 0.2
1091 23 32 0 0 0.23
1092 30 25 0 0 0.3
1093 27 20 0 0 0.27
1094 29 25 0 0 0.29
1095 20 28 0 0 0.2
1096 19 33 0 0 0.19
1097 25 28 0 0 0.25
1098 38 22 0 0 0.38
1099 33 31 0 0 0.33
1100 27 33 0 0 0.27
1101 28 28 0 0 0.28
1102 28 35 0 0 0.28
1103 30 30 0 0 0.3
1104 34 27 0 0 0.34
1105 34 28 0 0 0.34
1106 26 40 0 0 0.26
1107 26 34 0 0 0.26
1108 29 19 0 0 0.29
1109 31 20 0 0 0.31
1110 19 25 0 0 0.19
1111 17 32 0 0 0.17
1112 22 22 0 0 0.22
1113 34 20 0 0 0.34
1114 36 25 0 0 0.36
1115 24 33 0 0 0.24
1116 20 27 0 0 0.2
1117 17 25 0 0 0.17
1118 24 24 0 0 0.24
1119 29 20 0 0 0.29
1120 38 25 0 0 0.38
1121 25 37 0 0 0.25
1122 23 35 0 0 0.23
1123 25 31 0 0 0.25
1124 34 18 0 0 0.34
1125 36 19 0 0 0.36
1126 28 39 0 0 0.28
1127 26 46 0 0 0.26
1128 31 34 0 0 0.31
1129 45 23 0 0 0.45
1130 35 25 0 0 0.35
1131 20 36 0 0 0.2
1132 18 36 0 0 0.18
1133 23 28 0 0 0.23
1134 38 18 0 0 0.38
1135 39 20 0 0 0.39
1136 22 31 0 0 0.22
1137 16 40 0 0 0.16
1138 23 28 0 0 0.23
1139 30 17 0 0 0.3
1140 28 17 0 0 0.28
1141 23 34 0 0 0.23
1142 19 28 0 0 0.19
1143 27 26 0 0 0.27
1144 35 18 0 0 0.35
1145 35 21 0 0 0.35
1146 25 32 0 0 0.25
1147 20 41 0 0 0.2
1148 26 30 0 0 0.26
1149 39 16 0 0 0.39
1150 33 19 0 0 0.33
1151 19 27 0 0 0.19
1152 19 34 0 0 0.19
1153 26 27 0 0 0.26
1154 35 21 0 0 0.35
1155 31 25 0 0 0.31
1156 27 35 0 0 0.27
1157 25 34 0 0 0.25
1158 29 30 0 0 0.29
1159 34 24 0 0 0.34
1160 25 26 0 0 0.25
1161 21 23 0 0 0.21
1162 24 30 0 0 0.24
1163 29 28 0 0 0.29
1164 33 32 0 0 0.33
1165 33 31 0 0 0.33
1166 35 31 0 0 0.35
1167 29 33 0 0 0.29
1168 31 36 0 0 0.31
1169 39 35 0 0 0.39
1170 38 33 0 0 0.38
1171 32 32 0 0 0.32
1172 28 31 0 0 0.28
1173 27 32 0 0 0.27
1174 24 43 0 0 0.24
1175 29 35 0 0 0.29
1176 36 21 0 0 0.36
1177 35 21 0 0 0.35
1178 22 25 0 0 0.22
1179 29 36 0 0 0.29
1180 33 31 0 0 0.33
1181 34 31 0 0 0.34
1182 33 29 0 0 0.33
1183 28 38 0 0 0.28
1184 29 35 0 0 0.29
1185 32 24 0 0 0.32
1186 31 23 0 0 0.31
1187 24 25 0 0 0.24
1188 21 28 0 0 0.21
1189 22 22 0 0 0.22
1190 20 23 0 0 0.2
1191 25 21 0 0 0.25
1192 26 25 0 0 0.26
1193 20 29 0 0 0.2
1194 20 23 0 0 0.2
1195 29 19 0 0 0.29
1196 26 20 0 0 0.26
1197 22 23 0 0 0.22
1198 23 26 0 0 0.23
1199 24 30 0 0 0.24
1200 29 35 0 0 0.29
1201 33 19 0 0 0.33
1202 38 21 0 0 0.38
1203 27 26 0 0 0.27
1204 20 33 0 0 0.2
1205 26 40 0 0 0.26
1206 27 27 0 0 0.27
1207 37 23 0 0 0.37
1208 34 26 0 0 0.34
1209 25 32 0 0 0.25
1210 22 36 0 0 0.22
1211 28 31 0 0 0.28
1212 33 23 0 0 0.33
1213 28 18 0 0 0.28
1214 22 23 0 0 0.22
1215 23 30 0 0 0.23
1216 25 27 0 0 0.25
1217 21 20 0 0 0.21
1218 24 16 0 0 0.24
1219 26 18 0 0 0.26
1220 21 22 0 0 0.21
1221 19 28 0 0 0.19
1222 19 29 0 0 0.19
1223 30 24 0 0 0.3
1224 31 25 0 0 0.31
1225 25 29 0 0 0.25
1226 23 29 0 0 0.23
1227 24 32 0 0 0.24
1228 33 24 0 0 0.33
1229 29 23 0 0 0.29
1230 26 25 0 0 0.26
1231 26 31 0 0 0.26
1232 30 26 0 0 0.3
1233 35 34 0 0 0.35
1234 25 35 0 0 0.25
1235 29 32 0 0 0.29
1236 28 31 0 0 0.28
1237 30 29 0 0 0.3
1238 29 30 0 0 0.29
1239 24 32 0 0 0.24
1240 33 26 0 0 0.33
1241 35 24 0 0 0.35
1242 29 26 0 0 0.29
1243 26 33 0 0 0.26
1244 29 37 0 0 0.29
1245 31 28 0 0 0.31
1246 33 27 0 0 0.33
1247 40 26 0 0 0.4
1248 27 37 0 0 0.27
1249 29 42 0 0 0.29
1250 38 31 0 0 0.38
1251 39 30 0 0 0.39
1252 29 31 0 0 0.29
1253 33 32 0 0 0.33
1254 32 35 0 0 0.32
1255 29 31 0 0 0.29
1256 33 20 0 0 0.33
1257 29 21 0 0 0.29
1258 26 26 0 0 0.26
1259 23 29 0 0 0.23
1260 24 29 0 0 0.24
1261 27 29 0 0 0.27
1262 35 26 0 0 0.35
1263 35 32 0 0 0.35
1264 32 39 0 0 0.32
1265 38 35 0 0 0.38
1266 38 36 0 0 0.38
1267 27 36 0 0 0.27
1268 26 35 0 0 0.26
1269 32 26 0 0 0.32
1270 36 24 0 0 0.36
1271 21 30 0 0 0.21
1272 21 38 0 0 0.21
1273 23 27 0 0 0.23
1274 35 23 0 0 0.35
1275 34 22 0 0 0.34
1276 36 27 0 0 0.36
1277 21 36 0 0 0.21
1278 17 31 0 0 0.17
1279 27 25 0 0 0.27
1280 36 20 0 0 0.36
1281 29 18 0 0 0.29
1282 26 25 0 0 0.26
1283 21 33 0 0 0.21
1284 27 28 0 0 0.27
1285 31 27 0 0 0.31
1286 37 22 0 0 0.37
1287 36 36 0 0 0.36
1288 22 39 0 0 0.22
1289 29 34 0 0 0.29
1290 33 23 0 0 0.33
1291 35 24 0 0 0.35
1292 30 26 0 0 0.3
1293 27 33 0 0 0.27
1294 24 36 0 0 0.24
1295 27 27 0 0 0.27
1296 42 22 0 0 0.42
1297 37 25 0 0 0.37
1298 19 23 0 0 0.19
1299 8 27 0 0 0.08
1300 11 27 0 0 0.11
1301 18 18 0 0 0.18
1302 27 18 0 0 0.27
1303 35 23 0 0 0.35
1304 27 26 0 0 0.27
1305 18 38 0 0 0.18
1306 20 35 0 0 0.2
1307 29 15 0 0 0.29
1308 33 14 0 0 0.33
1309 22 24 0 0 0.22
1310 17 35 0 0 0.17
1311 22 29 0 0 0.22
1312 29 23 0 0 0.29
1313 31 22 0 0 0.31
1314 31 29 0 0 0.31
1315 31 32 0 0 0.31
1316 32 32 0 0 0.32
1317 32 27 0 0 0.32
1318 34 25 0 0 0.34
1319 20 30 0 0 0.2
1320 23 24 0 0 0.23
1321 26 18 0 0 0.26
1322 21 20 0 0 0.21
1323 23 27 0 0 0.23
1324 19 21 0 0 0.19
1325 24 16 0 0 0.24
1326 18 18 0 0 0.18
1327 15 25 0 0 0.15
1328 14 23 0 0 0.14
1329 23 18 0 0 0.23
1330 24 18 0 0 0.24
1331 23 20 0 0 0.23
1332 21 24 0 0 0.21
1333 25 24 0 0 0.25
1334 29 23 0 0 0.29
1335 24 27 0 0 0.24
1336 27 27 0 0 0.27
1337 34 33 0 0 0.34
1338 27 28 0 0 0.27
1339 25 32 0 0 0.25
1340 30 29 0 0 0.3
1341 38 23 0 0 0.38
1342 25 27 0 0 0.25
1343 16 34 0 0 0.16
1344 20 25 0 0 0.2
1345 22 16 0 0 0.22
1346 28 18 0 0 0.28
1347 26 27 0 0 0.26
1348 15 29 0 0 0.15
1349 19 16 0 0 0.19
1350 17 22 0 0 0.17
1351 24 14 0 0 0.24
1352 28 19 0 0 0.28
1353 27 28 0 0 0.27
1354 27 31 0 0 0.27
1355 36 26 0 0 0.36
1356 37 29 0 0 0.37
1357 32 42 0 0 0.32
1358 24 36 0 0 0.24
1359 25 28 0 0 0.25
1360 29 18 0 0 0.29
1361 29 17 0 0 0.29
1362 21 24 0 0 0.21
1363 17 32 0 0 0.17
1364 18 28 0 0 0.18
1365 31 24 0 0 0.31
1366 31 23 0 0 0.31
1367 28 27 0 0 0.28
1368 19 27 0 0 0.19
1369 22 25 0 0 0.22
1370 30 28 0 0 0.3
1371 29 27 0 0 0.29
1372 28 34 0 0 0.28
1373 25 27 0 0 0.25
1374 31 27 0 0 0.31
1375 35 31 0 0 0.35
1376 35 29 0 0 0.35
1377 27 36 0 0 0.27
1378 23 41 0 0 0.23
1379 34 25 0 0 0.34
1380 37 16 0 0 0.37
1381 23 23 0 0 0.23
1382 19 36 0 0 0.19
1383 21 34 0 0 0.21
1384 26 24 0 0 0.26
1385 35 22 0 0 0.35
1386 25 23 0 0 0.25
1387 23 22 0 0 0.23
1388 18 21 0 0 0.18
1389 16 22 0 0 0.16
1390 21 22 0 0 0.21
1391 29 27 0 0 0.29
1392 35 23 0 0 0.35
1393 32 26 0 0 0.32
1394 22 38 0 0 0.22
1395 18 39 0 0 0.18
1396 23 21 0 0 0.23
1397 34 14 0 0 0.34
1398 30 20 0 0 0.3
1399 24 36 0 0 0.24
1400 24 42 0 0 0.24
1401 28 28 0 0 0.28
1402 46 23 0 0 0.46
1403 36 31 0 0 0.36
1404 28 45 0 0 0.28
1405 29 42 0 0 0.29
1406 39 26 0 0 0.39
1407 35 24 0 0 0.35
1408 29 25 0 0 0.29
1409 22 29 0 0 0.22
1410 29 35 0 0 0.29
1411 32 29 0 0 0.32
1412 34 22 0 0 0.34
1413 26 20 0 0 0.26
1414 25 24 0 0 0.25
1415 21 32 0 0 0.21
1416 24 29 0 0 0.24
1417 38 16 0 0 0.38
1418 32 16 0 0 0.32
1419 23 25 0 0 0.23
1420 16 32 0 0 0.16
1421 14 30 0 0 0.14
1422 19 18 0 0 0.19
1423 24 17 0 0 0.24
1424 25 19 0 0 0.25
1425 19 21 0 0 0.19
1426 20 21 0 0 0.2
1427 17 16 0 0 0.17
1428 14 14 0 0 0.14
1429 13 17 0 0 0.13
1430 15 20 0 0 0.15
1431 24 23 0 0 0.24
1432 24 19 0 0 0.24
1433 21 21 0 0 0.21
1434 20 17 0 0 0.2
1435 22 21 0 0 0.22
1436 18 20 0 0 0.18
1437 25 21 0 0 0.25
1438 23 21 0 0 0.23
1439 26 23 0 0 0.26
1440 22 19 0 0 0.22
1441 23 25 0 0 0.23
1442 20 21 0 0 0.2
1443 21 21 0 0 0.21
1444 26 22 0 0 0.26
1445 26 30 0 0 0.26
1446 26 29 0 0 0.26
1447 32 29 0 0 0.32
1448 28 27 0 0 0.28
1449 21 28 0 0 0.21
1450 18 20 0 0 0.18
1451 13 21 0 0 0.13
1452 16 27 0 0 0.16
1453 19 17 0 0 0.19
1454 26 19 0 0 0.26
1455 25 17 0 0 0.25
1456 21 14 0 0 0.21
1457 15 20 0 0 0.15
1458 20 18 0 0 0.2
1459 15 16 0 0 0.15
1460 16 18 0 0 0.16
1461 16 21 0 0 0.16
1462 16 13 0 0 0.16
1463 14 13 0 0 0.14
1464 14 12 0 0 0.14
1465 11 17 0 0 0.11
1466 10 21 0 0 0.1
1467 17 15 0 0 0.17
1468 13 14 0 0 0.13
1469 16 10 0 0 0.16
1470 15 7 0 0 0.15
1471 9 12 0 0 0.09
1472 11 15 0 0 0.11
1473 12 12 0 0 0.12
1474 8 14 0 0 0.08
1475 10 9 0 0 0.1
1476 12 6 0 0 0.12
1477 13 8 0 0 0.13
1478 9 12 0 0 0.09
1479 11 23 0 0 0.11
1480 15 21 0 0 0.15
1481 22 15 0 0 0.22
1482 19 12 0 0 0.19
1483 16 12 0 0 0.16
1484 14 12 0 0 0.14
1485 17 22 0 0 0.17
1486 20 21 0 0 0.2
1487 24 21 0 0 0.24
1488 23 27 0 0 0.23
1489 18 26 0 0 0.18
1490 22 23 0 0 0.22
1491 21 21 0 0 0.21
1492 25 16 0 0 0.25
1493 28 20 0 0 0.28
1494 19 20 0 0 0.19
1495 14 25 0 0 0.14
1496 19 22 0 0 0.19
1497 20 15 0 0 0.2
1498 20 12 0 0 0.2
1499 15 17 0 0 0.15
1500 13 19 0 0 0.13
1501 16 22 0 0 0.16
1502 27 19 0 0 0.27
1503 27 13 0 0 0.27
1504 20 23 0 0 0.2
1505 21 36 0 0 0.21
1506 27 31 0 0 0.27
1507 35 29 0 0 0.35
1508 31 29 0 0 0.31
1509 28 38 0 0 0.28
1510 28 37 0 0 0.28
1511 36 24 0 0 0.36
1512 42 30 0 0 0.42
1513 30 40 0 0 0.3
1514 34 41 0 0 0.34
1515 38 29 0 0 0.38
1516 46 26 0 0 0.46
1517 32 35 0 0 0.32
1518 22 39 0 0 0.22
1519 26 33 0 0 0.26
1520 30 28 0 0 0.3
1521 38 25 0 0 0.38
1522 32 25 0 0 0.32
1523 27 34 0 0 0.27
1524 27 32 0 0 0.27
1525 21 29 0 0 0.21
1526 30 29 0 0 0.3
1527 33 24 0 0 0.33
1528 30 29 0 0 0.3
1529 26 28 0 0 0.26
1530 30 31 0 0 0.3
1531 31 24 0 0 0.31
1532 31 22 0 0 0.31
1533 26 30 0 0 0.26
1534 19 31 0 0 0.19
1535 19 27 0 0 0.19
1536 26 24 0 0 0.26
1537 30 22 0 0 0.3
1538 30 25 0 0 0.3
1539 24 26 0 0 0.24
1540 30 23 0 0 0.3
1541 30 32 0 0 0.3
1542 25 29 0 0 0.25
1543 28 31 0 0 0.28
1544 29 32 0 0 0.29
1545 29 36 0 0 0.29
1546 35 38 0 0 0.35
1547 36 31 0 0 0.36
1548 37 29 0 0 0.37
1549 35 39 0 0 0.35
1550 27 41 0 0 0.27
1551 29 33 0 0 0.29
1552 33 20 0 0 0.33
1553 31 23 0 0 0.31
1554 19 30 0 0 0.19
1555 27 25 0 0 0.27
1556 32 23 0 0 0.32
1557 27 33 0 0 0.27
1558 23 29 0 0 0.23
1559 28 26 0 0 0.28
1560 37 22 0 0 0.37
1561 25 30 0 0 0.25
1562 16 38 0 0 0.16
1563 27 30 0 0 0.27
1564 37 22 0 0 0.37
1565 34 20 0 0 0.34
1566 25 28 0 0 0.25
1567 21 34 0 0 0.21
1568 27 30 0 0 0.27
1569 30 25 0 0 0.3
1570 24 27 0 0 0.24
1571 22 20 0 0 0.22
1572 28 27 0 0 0.28
1573 33 33 0 0 0.33
1574 31 34 0 0 0.31
1575 29 35 0 0 0.29
1576 29 30 0 0 0.29
1577 30 27 0 0 0.3
1578 30 30 0 0 0.3
1579 32 33 0 0 0.32
1580 35 30 0 0 0.35
1581 34 29 0 0 0.34
1582 25 38 0 0 0.25
1583 26 38 0 0 0.26
1584 34 26 0 0 0.34
1585 32 26 0 0 0.32
1586 35 23 0 0 0.35
1587 28 32 0 0 0.28
1588 23 33 0 0 0.23
1589 30 32 0 0 0.3
1590 39 29 0 0 0.39
1591 31 34 0 0 0.31
1592 28 37 0 0 0.28
1593 32 38 0 0 0.32
1594 35 36 0 0 0.35
1595 47 36 0 0 0.47
1596 36 39 0 0 0.36
1597 36 38 0 0 0.36
1598 35 37 0 0 0.35
1599 36 34 0 0 0.36
1600 33 27 0 0 0.33
1601 33 30 0 0 0.33
1602 38 26 0 0 0.38
1603 30 33 0 0 0.3
1604 25 31 0 0 0.25
1605 29 28 0 0 0.29
1606 37 26 0 0 0.37
1607 34 24 0 0 0.34
1608 26 28 0 0 0.26
1609 18 36 0 0 0.18
1610 23 35 0 0 0.23
1611 29 21 0 0 0.29
1612 38 21 0 0 0.38
1613 35 31 0 0 0.35
1614 25 38 0 0 0.25
1615 26 36 0 0 0.26
1616 38 28 0 0 0.38
1617 41 22 0 0 0.41
1618 27 26 0 0 0.27
1619 23 31 0 0 0.23
1620 22 35 0 0 0.22
1621 33 24 0 0 0.33
1622 30 19 0 0 0.3
1623 30 21 0 0 0.3
1624 21 28 0 0 0.21
1625 26 32 0 0 0.26
1626 27 30 0 0 0.27
1627 31 26 0 0 0.31
1628 27 22 0 0 0.27
1629 29 32 0 0 0.29
1630 26 34 0 0 0.26
1631 26 25 0 0 0.26
1632 29 21 0 0 0.29
1633 25 26 0 0 0.25
1634 25 30 0 0 0.25
1635 25 29 0 0 0.25
1636 31 30 0 0 0.31
1637 29 32 0 0 0.29
1638 30 37 0 0 0.3
1639 34 32 0 0 0.34
1640 43 32 0 0 0.43
1641 34 31 0 0 0.34
1642 27 45 0 0 0.27
1643 32 31 0 0 0.32
1644 35 19 0 0 0.35
1645 31 22 0 0 0.31
1646 24 32 0 0 0.24
1647 21 35 0 0 0.21
1648 28 29 0 0 0.28
1649 39 21 0 0 0.39
1650 28 19 0 0 0.28
1651 20 28 0 0 0.2
1652 16 33 0 0 0.16
1653 22 22 0 0 0.22
1654 29 18 0 0 0.29
1655 30 23 0 0 0.3
1656 28 33 0 0 0.28
1657 26 32 0 0 0.26
1658 31 26 0 0 0.31
1659 32 26 0 0 0.32
1660 29 28 0 0 0.29
1661 26 34 0 0 0.26
1662 29 31 0 0 0.29
1663 26 32 0 0 0.26
1664 23 24 0 0 0.23
1665 23 20 0 0 0.23
1666 25 21 0 0 0.25
1667 22 25 0 0 0.22
1668 20 25 0 0 0.2
1669 24 25 0 0 0.24
1670 31 20 0 0 0.31
1671 34 26 0 0 0.34
1672 27 29 0 0 0.27
1673 25 41 0 0 0.25
1674 23 32 0 0 0.23
1675 35 27 0 0 0.35
1676 38 25 0 0 0.38
1677 31 42 0 0 0.31
1678 27 36 0 0 0.27
1679 34 30 0 0 0.34
1680 34 31 0 0 0.34
1681 29 32 0 0 0.29
1682 27 29 0 0 0.27
1683 28 30 0 0 0.28
1684 32 33 0 0 0.32
1685 30 36 0 0 0.3
1686 33 30 0 0 0.33
1687 32 32 0 0 0.32
1688 27 27 0 0 0.27
1689 29 24 0 0 0.29
1690 27 30 0 0 0.27
1691 25 28 0 0 0.25
1692 30 29 0 0 0.3
1693 33 32 0 0 0.33
1694 33 36 0 0 0.33
1695 30 36 0 0 0.3
1696 34 26 0 0 0.34
1697 31 28 0 0 0.31
1698 23 28 0 0 0.23
1699 22 36 0 0 0.22
1700 27 33 0 0 0.27
1701 40 31 0 0 0.4
1702 31 36 0 0 0.31
1703 25 41 0 0 0.25
1704 20 29 0 0 0.2
1705 23 27 0 0 0.23
1706 29 24 0 0 0.29
1707 37 26 0 0 0.37
1708 32 34 0 0 0.32
1709 25 31 0 0 0.25
1710 30 27 0 0 0.3
1711 36 34 0 0 0.36
1712 32 33 0 0 0.32
1713 35 27 0 0 0.35
1714 32 22 0 0 0.32
1715 24 28 0 0 0.24
1716 25 30 0 0 0.25
1717 22 29 0 0 0.22
1718 23 22 0 0 0.23
1719 28 18 0 0 0.28
1720 28 18 0 0 0.28
1721 24 25 0 0 0.24
1722 19 34 0 0 0.19
1723 22 31 0 0 0.22
1724 25 18 0 0 0.25
1725 34 21 0 0 0.34
1726 28 30 0 0 0.28
1727 24 43 0 0 0.24
1728 29 30 0 0 0.29
1729 39 20 0 0 0.39
1730 36 21 0 0 0.36
1731 25 35 0 0 0.25
1732 20 37 0 0 0.2
1733 26 34 0 0 0.26
1734 37 29 0 0 0.37
1735 33 27 0 0 0.33
1736 31 28 0 0 0.31
1737 30 36 0 0 0.3
1738 37 35 0 0 0.37
1739 31 29 0 0 0.31
1740 29 28 0 0 0.29
1741 25 33 0 0 0.25
1742 30 24 0 0 0.3
1743 30 14 0 0 0.3
1744 18 18 0 0 0.18
1745 20 29 0 0 0.2
1746 22 31 0 0 0.22
1747 33 25 0 0 0.33
1748 29 21 0 0 0.29
1749 23 25 0 0 0.23
1750 23 27 0 0 0.23
1751 23 30 0 0 0.23
1752 24 21 0 0 0.24
1753 29 20 0 0 0.29
1754 26 23 0 0 0.26
1755 22 24 0 0 0.22
1756 21 34 0 0 0.21
1757 34 32 0 0 0.34
1758 31 22 0 0 0.31
1759 27 22 0 0 0.27
1760 21 25 0 0 0.21
1761 21 27 0 0 0.21
1762 21 26 0 0 0.21
1763 28 30 0 0 0.28
1764 31 32 0 0 0.31
1765 31 29 0 0 0.31
1766 23 27 0 0 0.23
1767 26 30 0 0 0.26
1768 27 29 0 0 0.27
1769 39 20 0 0 0.39
1770 32 25 0 0 0.32
1771 26 33 0 0 0.26
1772 30 43 0 0 0.3
1773 40 33 0 0 0.4
1774 47 25 0 0 0.47
1775 36 30 0 0 0.36
1776 24 43 0 0 0.24
1777 30 40 0 0 0.3
1778 41 28 0 0 0.41
1779 41 22 0 0 0.41
1780 27 21 0 0 0.27
1781 17 34 0 0 0.17
1782 17 36 0 0 0.17
1783 26 23 0 0 0.26
1784 35 14 0 0 0.35
1785 29 16 0 0 0.29
1786 27 30 0 0 0.27
1787 20 40 0 0 0.2
1788 22 36 0 0 0.22
1789 32 20 0 0 0.32
1790 40 23 0 0 0.4
1791 20 28 0 0 0.2
1792 15 42 0 0 0.15
1793 27 25 0 0 0.27
1794 40 19 0 0 0.4
1795 35 27 0 0 0.35
1796 26 39 0 0 0.26
1797 30 39 0 0 0.3
1798 38 28 0 0 0.38
1799 38 29 0 0 0.38
1800 28 30 0 0 0.28
1801 21 38 0 0 0.21
1802 25 32 0 0 0.25
1803 32 20 0 0 0.32
1804 33 20 0 0 0.33
1805 28 32 0 0 0.28
1806 27 36 0 0 0.27
1807 28 32 0 0 0.28
1808 34 22 0 0 0.34
1809 29 20 0 0 0.29
1810 21 27 0 0 0.21
1811 20 28 0 0 0.2
1812 24 24 0 0 0.24
1813 22 20 0 0 0.22
1814 19 25 0 0 0.19
1815 20 19 0 0 0.2
1816 19 19 0 0 0.19
1817 26 17 0 0 0.26
1818 26 14 0 0 0.26
1819 18 18 0 0 0.18
1820 10 17 0 0 0.1
1821 5 15 0 0 0.05
1822 8 17 0 0 0.08
1823 12 13 0 0 0.12
1824 16 13 0 0 0.16
1825 17 13 0 0 0.17
1826 20 14 0 0 0.2
1827 13 17 0 0 0.13
1828 19 18 0 0 0.19
1829 18 23 0 0 0.18
1830 21 20 0 0 0.21
1831 24 19 0 0 0.24
1832 20 25 0 0 0.2
1833 21 25 0 0 0.21
1834 28 21 0 0 0.28
1835 19 19 0 0 0.19
1836 25 22 0 0 0.25
1837 19 25 0 0 0.19
1838 16 22 0 0 0.16
1839 16 21 0 0 0.16
1840 17 13 0 0 0.17
1841 14 7 0 0 0.14
1842 15 9 0 0 0.15
1843 12 11 0 0 0.12
1844 12 15 0 0 0.12
1845 14 14 0 0 0.14
1846 12 14 0 0 0.12
1847 14 19 0 0 0.14
1848 20 17 0 0 0.2
1849 22 13 0 0 0.22
1850 19 15 0 0 0.19
1851 19 27 0 0 0.19
1852 14 29 0 0 0.14
1853 21 17 0 0 0.21
1854 21 16 0 0 0.21
1855 22 22 0 0 0.22
1856 23 20 0 0 0.23
1857 28 21 0 0 0.28
1858 23 30 0 0 0.23
1859 31 34 0 0 0.31
1860 39 24 0 0 0.39
1861 41 28 0 0 0.41
1862 28 37 0 0 0.28
1863 27 37 0 0 0.27
1864 31 29 0 0 0.31
1865 35 25 0 0 0.35
1866 33 21 0 0 0.33
1867 27 28 0 0 0.27
1868 21 30 0 0 0.21
1869 25 31 0 0 0.25
1870 27 25 0 0 0.27
1871 38 27 0 0 0.38
1872 34 29 0 0 0.34
1873 29 38 0 0 0.29
1874 28 40 0 0 0.28
1875 33 34 0 0 0.33
1876 33 23 0 0 0.33
1877 26 30 0 0 0.26
1878 24 29 0 0 0.24
1879 17 27 0 0 0.17
1880 22 17 0 0 0.22
1881 21 18 0 0 0.21
1882 22 16 0 0 0.22
1883 22 18 0 0 0.22
1884 15 27 0 0 0.15
1885 26 21 0 0 0.26
1886 24 22 0 0 0.24
1887 26 22 0 0 0.26
1888 20 27 0 0 0.2
1889 14 27 0 0 0.14
1890 18 22 0 0 0.18
1891 23 20 0 0 0.23
1892 24 22 0 0 0.24
1893 32 22 0 0 0.32
1894 32 23 0 0 0.32
1895 21 26 0 0 0.21
1896 18 33 0 0 0.18
1897 24 26 0 0 0.24
1898 36 23 0 0 0.36
1899 30 27 0 0 0.3
1900 23 34 0 0 0.23
1901 18 34 0 0 0.18
1902 28 22 0 0 0.28
1903 41 16 0 0 0.41
1904 26 20 0 0 0.26
1905 15 25 0 0 0.15
1906 12 41 0 0 0.12
1907 13 22 0 0 0.13
1908 23 16 0 0 0.23
1909 22 10 0 0 0.22
1910 25 16 0 0 0.25
1911 22 20 0 0 0.22
1912 23 32 0 0 0.23
1913 18 31 0 0 0.18
1914 23 28 0 0 0.23
1915 34 18 0 0 0.34
1916 29 22 0 0 0.29
1917 18 29 0 0 0.18
1918 22 39 0 0 0.22
1919 22 27 0 0 0.22
1920 34 21 0 0 0.34
1921 33 19 0 0 0.33
1922 23 35 0 0 0.23
1923 28 31 0 0 0.28
1924 34 26 0 0 0.34
1925 34 25 0 0 0.34
1926 31 34 0 0 0.31
1927 32 39 0 0 0.32
1928 28 31 0 0 0.28
1929 41 26 0 0 0.41
1930 33 24 0 0 0.33
1931 27 27 0 0 0.27
1932 20 27 0 0 0.2
1933 15 26 0 0 0.15
1934 16 31 0 0 0.16
1935 28 23 0 0 0.28
1936 32 19 0 0 0.32
1937 28 18 0 0 0.28
1938 18 33 0 0 0.18
1939 14 28 0 0 0.14
1940 22 22 0 0 0.22
1941 28 11 0 0 0.28
1942 27 13 0 0 0.27
1943 12 21 0 0 0.12
1944 6 27 0 0 0.06
1945 10 22 0 0 0.1
1946 26 11 0 0 0.26
1947 38 8 0 0 0.38
1948 27 19 0 0 0.27
1949 9 32 0 0 0.09
1950 11 33 0 0 0.11
1951 12 15 0 0 0.12
1952 15 11 0 0 0.15
1953 25 8 0 0 0.25
1954 22 14 0 0 0.22
1955 12 20 0 0 0.12
1956 9 20 0 0 0.09
1957 16 19 0 0 0.16
1958 27 13 0 0 0.27
1959 27 18 0 0 0.27
1960 18 25 0 0 0.18
1961 14 26 0 0 0.14
1962 14 23 0 0 0.14
1963 23 17 0 0 0.23
1964 28 16 0 0 0.28
1965 22 18 0 0 0.22
1966 15 24 0 0 0.15
1967 15 24 0 0 0.15
1968 19 22 0 0 0.19
1969 21 19 0 0 0.21
1970 26 12 0 0 0.26
1971 18 20 0 0 0.18
1972 15 23 0 0 0.15
1973 20 21 0 0 0.2
1974 22 25 0 0 0.22
1975 29 28 0 0 0.29
1976 31 28 0 0 0.31
1977 28 24 0 0 0.28
1978 22 27 0 0 0.22
1979 26 30 0 0 0.26
1980 31 29 0 0 0.31
1981 25 33 0 0 0.25
1982 28 31 0 0 0.28
1983 30 23 0 0 0.3
1984 27 24 0 0 0.27
1985 25 26 0 0 0.25
1986 26 39 0 0 0.26
1987 29 35 0 0 0.29
1988 34 29 0 0 0.34
1989 27 32 0 0 0.27
1990 32 26 0 0 0.32
1991 33 20 0 0 0.33
1992 27 25 0 0 0.27
1993 19 36 0 0 0.19
1994 21 32 0 0 0.21
1995 28 20 0 0 0.28
1996 27 20 0 0 0.27
1997 25 29 0 0 0.25
1998 21 29 0 0 0.21
1999 27 34 0 0 0.27
2000 32 23 0 0 0.32
2001 35 30 0 0 0.35
2002 27 41 0 0 0.27
2003 31 40 0 0 0.31
2004 33 33 0 0 0.33
2005 41 23 0 0 0.41
2006 27 29 0 0 0.27
2007 24 36 0 0 0.24
2008 29 30 0 0 0.29
2009 32 24 0 0 0.32
2010 25 22 0 0 0.25
2011 23 31 0 0 0.23
2012 24 37 0 0 0.24
2013 32 28 0 0 0.32
2014 44 21 0 0 0.44
2015 34 31 0 0 0.34
2016 27 44 0 0 0.27
2017 32 39 0 0 0.32
2018 44 28 0 0 0.44
2019 38 24 0 0 0.38
2020 32 36 0 0 0.32
2021 23 37 0 0 0.23
2022 32 31 0 0 0.32
2023 40 23 0 0 0.4
2024 26 29 0 0 0.26
2025 22 40 0 0 0.22
2026 31 33 0 0 0.31
2027 36 26 0 0 0.36
2028 42 26 0 0 0.42
2029 32 38 0 0 0.32
2030 29 44 0 0 0.29
2031 34 32 0 0 0.34
2032 41 30 0 0 0.41
2033 40 29 0 0 0.4
2034 32 38 0 0 0.32
2035 29 30 0 0 0.29
2036 35 38 0 0 0.35
2037 31 30 0 0 0.31
2038 29 38 0 0 0.29
2039 28 29 0 0 0.28
2040 28 28 0 0 0.28
2041 31 25 0 0 0.31
2042 31 34 0 0 0.31
2043 32 38 0 0 0.32
2044 40 31 0 0 0.4
2045 45 28 0 0 0.45
2046 34 38 0 0 0.34
2047 24 47 0 0 0.24
2048 30 37 0 0 0.3
2049 38 29 0 0 0.38
2050 37 31 0 0 0.37
2051 32 28 0 0 0.32
2052 24 31 0 0 0.24
2053 22 23 0 0 0.22
2054 25 24 0 0 0.25
2055 21 23 0 0 0.21
2056 17 18 0 0 0.17
2057 19 21 0 0 0.19
2058 17 21 0 0 0.17
2059 24 16 0 0 0.24
2060 20 17 0 0 0.2
2061 21 14 0 0 0.21
2062 19 24 0 0 0.19
2063 14 23 0 0 0.14
2064 18 24 0 0 0.18
2065 22 24 0 0 0.22
2066 26 25 0 0 0.26
2067 23 23 0 0 0.23
2068 20 27 0 0 0.2
2069 34 19 0 0 0.34
2070 31 21 0 0 0.31
2071 25 31 0 0 0.25
2072 26 45 0 0 0.26
2073 30 21 0 0 0.3
2074 37 18 0 0 0.37
2075 22 23 0 0 0.22
2076 26 31 0 0 0.26
2077 20 31 0 0 0.2
2078 33 28 0 0 0.33
2079 37 22 0 0 0.37
2080 32 30 0 0 0.32
2081 22 36 0 0 0.22
2082 24 33 0 0 0.24
2083 36 21 0 0 0.36
2084 36 23 0 0 0.36
2085 22 31 0 0 0.22
2086 18 39 0 0 0.18
2087 30 27 0 0 0.3
2088 35 25 0 0 0.35
2089 32 25 0 0 0.32
2090 30 27 0 0 0.3
2091 29 28 0 0 0.29
2092 32 35 0 0 0.32
2093 28 37 0 0 0.28
2094 36 26 0 0 0.36
2095 39 24 0 0 0.39
2096 29 29 0 0 0.29
2097 27 41 0 0 0.27
2098 33 31 0 0 0.33
2099 36 21 0 0 0.36
2100 31 20 0 0 0.31
2101 22 32 0 0 0.22
2102 25 37 0 0 0.25
2103 23 27 0 0 0.23
2104 34 23 0 0 0.34
2105 28 26 0 0 0.28
2106 26 37 0 0 0.26
2107 27 38 0 0 0.27
2108 35 28 0 0 0.35
2109 33 23 0 0 0.33
2110 26 27 0 0 0.26
2111 23 33 0 0 0.23
2112 31 30 0 0 0.31
2113 30 25 0 0 0.3
2114 30 22 0 0 0.3
2115 25 28 0 0 0.25
2116 23 36 0 0 0.23
2117 29 32 0 0 0.29
2118 38 30 0 0 0.38
2119 35 31 0 0 0.35
2120 32 28 0 0 0.32
2121 28 33 0 0 0.28
2122 28 32 0 0 0.28
2123 29 26 0 0 0.29
2124 37 31 0 0 0.37
2125 30 35 0 0 0.3
2126 27 26 0 0 0.27
2127 25 27 0 0 0.25
2128 28 28 0 0 0.28
2129 27 30 0 0 0.27
2130 32 36 0 0 0.32
2131 34 29 0 0 0.34
2132 34 29 0 0 0.34
2133 36 39 0 0 0.36
2134 30 40 0 0 0.3
2135 37 32 0 0 0.37
2136 35 27 0 0 0.35
2137 33 26 0 0 0.33
2138 30 29 0 0 0.3
2139 27 36 0 0 0.27
2140 31 35 0 0 0.31
2141 28 22 0 0 0.28
2142 34 22 0 0 0.34
2143 27 31 0 0 0.27
2144 26 39 0 0 0.26
2145 24 28 0 0 0.24
2146 30 25 0 0 0.3
2147 40 28 0 0 0.4
2148 29 36 0 0 0.29
2149 23 35 0 0 0.23
2150 27 28 0 0 0.27
2151 21 24 0 0 0.21
2152 20 23 0 0 0.2
2153 26 19 0 0 0.26
2154 25 20 0 0 0.25
2155 26 28 0 0 0.26
2156 17 33 0 0 0.17
2157 19 21 0 0 0.19
2158 27 20 0 0 0.27
2159 31 20 0 0 0.31
2160 19 25 0 0 0.19
2161 24 27 0 0 0.24
2162 27 23 0 0 0.27
2163 29 23 0 0 0.29
2164 18 25 0 0 0.18
2165 21 26 0 0 0.21
2166 27 28 0 0 0.27
2167 30 22 0 0 0.3
2168 28 22 0 0 0.28
2169 26 28 0 0 0.26
2170 25 30 0 0 0.25
2171 29 27 0 0 0.29
2172 30 30 0 0 0.3
2173 33 22 0 0 0.33
2174 24 25 0 0 0.24
2175 17 31 0 0 0.17
2176 18 34 0 0 0.18
2177 23 25 0 0 0.23
2178 30 16 0 0 0.3
2179 34 11 0 0 0.34
2180 24 19 0 0 0.24
2181 14 30 0 0 0.14
2182 13 36 0 0 0.13
2183 22 23 0 0 0.22
2184 27 19 0 0 0.27
2185 37 13 0 0 0.37
2186 32 19 0 0 0.32
2187 16 28 0 0 0.16
2188 19 32 0 0 0.19
2189 19 27 0 0 0.19
2190 20 23 0 0 0.2
2191 33 17 0 0 0.33
2192 35 15 0 0 0.35
2193 21 22 0 0 0.21
2194 20 37 0 0 0.2
2195 21 38 0 0 0.21
2196 30 23 0 0 0.3
2197 37 19 0 0 0.37
2198 31 22 0 0 0.31
2199 23 32 0 0 0.23
2200 24 31 0 0 0.24
2201 23 24 0 0 0.23
2202 27 24 0 0 0.27
2203 29 28 0 0 0.29
2204 30 29 0 0 0.3
2205 27 26 0 0 0.27
2206 33 27 0 0 0.33
2207 36 29 0 0 0.36
2208 28 30 0 0 0.28
2209 25 34 0 0 0.25
2210 33 36 0 0 0.33
2211 34 30 0 0 0.34
2212 34 24 0 0 0.34
2213 33 27 0 0 0.33
2214 18 35 0 0 0.18
2215 22 29 0 0 0.22
2216 28 23 0 0 0.28
2217 37 29 0 0 0.37
2218 33 31 0 0 0.33
2219 23 34 0 0 0.23
2220 24 27 0 0 0.24
2221 32 25 0 0 0.32
2222 32 25 0 0 0.32
2223 26 26 0 0 0.26
2224 23 31 0 0 0.23
2225 25 27 0 0 0.25
2226 30 29 0 0 0.3
2227 31 27 0 0 0.31
2228 30 28 0 0 0.3
2229 23 22 0 0 0.23
2230 22 25 0 0 0.22
2231 24 28 0 0 0.24
2232 34 32 0 0 0.34
2233 33 30 0 0 0.33
2234 31 29 0 0 0.31
2235 25 32 0 0 0.25
2236 26 32 0 0 0.26
2237 28 26 0 0 0.28
2238 34 33 0 0 0.34
2239 30 29 0 0 0.3
2240 35 31 0 0 0.35
2241 31 33 0 0 0.31
2242 32 37 0 0 0.32
2243 34 31 0 0 0.34
2244 32 26 0 0 0.32
2245 26 22 0 0 0.26
2246 24 23 0 0 0.24
2247 22 29 0 0 0.22
2248 28 32 0 0 0.28
2249 35 25 0 0 0.35
2250 33 23 0 0 0.33
2251 25 30 0 0 0.25
2252 23 40 0 0 0.23
2253 26 29 0 0 0.26
2254 36 20 0 0 0.36
2255 36 23 0 0 0.36
2256 25 31 0 0 0.25
2257 19 33 0 0 0.19
2258 20 23 0 0 0.2
2259 27 16 0 0 0.27
2260 27 16 0 0 0.27
2261 22 20 0 0 0.22
2262 24 24 0 0 0.24
2263 26 23 0 0 0.26
2264 20 27 0 0 0.2
2265 24 27 0 0 0.24
2266 22 23 0 0 0.22
2267 17 32 0 0 0.17
2268 23 20 0 0 0.23
2269 29 17 0 0 0.29
2270 33 18 0 0 0.33
2271 28 31 0 0 0.28
2272 25 45 0 0 0.25
2273 32 29 0 0 0.32
2274 39 18 0 0 0.39
2275 30 14 0 0 0.3
2276 22 29 0 0 0.22
2277 12 36 0 0 0.12
2278 15 30 0 0 0.15
2279 28 11 0 0 0.28
2280 23 7 0 0 0.23
2281 21 12 0 0 0.21
2282 16 18 0 0 0.16
2283 11 32 0 0 0.11
2284 12 30 0 0 0.12
2285 19 15 0 0 0.19
2286 22 18 0 0 0.22
2287 22 19 0 0 0.22
2288 20 14 0 0 0.2
2289 17 21 0 0 0.17
2290 22 19 0 0 0.22
2291 22 22 0 0 0.22
2292 22 25 0 0 0.22
2293 28 22 0 0 0.28
2294 24 18 0 0 0.24
2295 28 26 0 0 0.28
2296 20 24 0 0 0.2
2297 21 32 0 0 0.21
2298 25 25 0 0 0.25
2299 38 25 0 0 0.38
2300 34 29 0 0 0.34
2301 26 40 0 0 0.26
2302 26 34 0 0 0.26
2303 31 25 0 0 0.31
2304 36 24 0 0 0.36
2305 32 30 0 0 0.32
2306 22 33 0 0 0.22
2307 27 42 0 0 0.27
2308 39 30 0 0 0.39
2309 40 22 0 0 0.4
2310 39 28 0 0 0.39
2311 21 29 0 0 0.21
2312 19 36 0 0 0.19
2313 25 26 0 0 0.25
2314 39 20 0 0 0.39
2315 40 24 0 0 0.4
2316 19 31 0 0 0.19
2317 14 31 0 0 0.14
2318 14 25 0 0 0.14
2319 20 18 0 0 0.2
2320 27 20 0 0 0.27
2321 28 17 0 0 0.28
2322 22 20 0 0 0.22
2323 16 27 0 0 0.16
2324 18 23 0 0 0.18
2325 26 18 0 0 0.26
2326 24 16 0 0 0.24
2327 22 20 0 0 0.22
2328 12 23 0 0 0.12
2329 16 28 0 0 0.16
2330 22 23 0 0 0.22
2331 33 19 0 0 0.33
2332 24 20 0 0 0.24
2333 21 30 0 0 0.21
2334 21 37 0 0 0.21
2335 26 29 0 0 0.26
2336 31 23 0 0 0.31
2337 33 25 0 0 0.33
2338 24 37 0 0 0.24
2339 22 30 0 0 0.22
2340 26 20 0 0 0.26
2341 25 21 0 0 0.25
2342 25 20 0 0 0.25
2343 30 29 0 0 0.3
2344 22 28 0 0 0.22
2345 26 30 0 0 0.26
2346 30 25 0 0 0.3
2347 33 30 0 0 0.33
2348 25 27 0 0 0.25
2349 21 30 0 0 0.21
2350 25 27 0 0 0.25
2351 33 19 0 0 0.33
2352 30 22 0 0 0.3
2353 21 26 0 0 0.21
2354 16 26 0 0 0.16
2355 18 23 0 0 0.18
2356 19 19 0 0 0.19
2357 21 16 0 0 0.21
2358 27 20 0 0 0.27
2359 29 27 0 0 0.29
2360 25 34 0 0 0.25
2361 22 29 0 0 0.22
2362 24 25 0 0 0.24
2363 22 18 0 0 0.22
2364 21 20 0 0 0.21
2365 26 29 0 0 0.26
2366 25 30 0 0 0.25
2367 25 27 0 0 0.25
2368 27 25 0 0 0.27
2369 26 17 0 0 0.26
2370 33 17 0 0 0.33
2371 23 26 0 0 0.23
2372 13 39 0 0 0.13
2373 17 29 0 0 0.17
2374 32 15 0 0 0.32
2375 34 21 0 0 0.34
2376 20 34 0 0 0.2
2377 23 43 0 0 0.23
2378 34 31 0 0 0.34
2379 42 22 0 0 0.42
2380 36 26 0 0 0.36
2381 18 39 0 0 0.18
2382 18 38 0 0 0.18
2383 25 21 0 0 0.25
2384 34 14 0 0 0.34
2385 22 17 0 0 0.22
2386 19 27 0 0 0.19
2387 17 29 0 0 0.17
2388 19 33 0 0 0.19
2389 28 25 0 0 0.28
2390 32 19 0 0 0.32
2391 33 19 0 0 0.33
2392 21 25 0 0 0.21
2393 17 40 0 0 0.17
2394 22 28 0 0 0.22
2395 39 18 0 0 0.39
2396 36 18 0 0 0.36
2397 16 28 0 0 0.16
2398 16 37 0 0 0.16
2399 19 32 0 0 0.19
2400 27 19 0 0 0.27
2401 28 11 0 0 0.28
2402 24 17 0 0 0.24
2403 13 21 0 0 0.13
2404 19 24 0 0 0.19
2405 22 32 0 0 0.22
2406 30 26 0 0 0.3
2407 37 25 0 0 0.37
2408 23 26 0 0 0.23
2409 24 33 0 0 0.24
2410 30 24 0 0 0.3
2411 35 22 0 0 0.35
2412 32 22 0 0 0.32
2413 23 37 0 0 0.23
2414 18 41 0 0 0.18
2415 29 27 0 0 0.29
2416 35 16 0 0 0.35
2417 29 18 0 0 0.29
2418 19 21 0 0 0.19
2419 11 25 0 0 0.11
2420 8 24 0 0 0.08
2421 13 14 0 0 0.13
2422 26 14 0 0 0.26
2423 19 11 0 0 0.19
2424 23 12 0 0 0.23
2425 17 19 0 0 0.17
2426 16 29 0 0 0.16
2427 21 27 0 0 0.21
2428 30 23 0 0 0.3
2429 20 22 0 0 0.2
2430 24 23 0 0 0.24
2431 24 23 0 0 0.24
2432 24 24 0 0 0.24
2433 20 27 0 0 0.2
2434 22 27 0 0 0.22
2435 26 30 0 0 0.26
2436 37 29 0 0 0.37
2437 36 32 0 0 0.36
2438 31 34 0 0 0.31
2439 30 35 0 0 0.3
2440 33 26 0 0 0.33
2441 30 32 0 0 0.3
2442 26 30 0 0 0.26
2443 28 30 0 0 0.28
2444 32 30 0 0 0.32
2445 33 25 0 0 0.33
2446 30 27 0 0 0.3
2447 17 25 0 0 0.17
2448 19 32 0 0 0.19
2449 27 24 0 0 0.27
2450 36 25 0 0 0.36
2451 31 22 0 0 0.31
2452 25 27 0 0 0.25
2453 23 31 0 0 0.23
2454 27 31 0 0 0.27
2455 32 26 0 0 0.32
2456 34 28 0 0 0.34
2457 31 36 0 0 0.31
2458 30 45 0 0 0.3
2459 31 29 0 0 0.31
2460 43 28 0 0 0.43
2461 39 29 0 0 0.39
2462 29 31 0 0 0.29
2463 25 27 0 0 0.25
2464 34 27 0 0 0.34
2465 25 14 0 0 0.25
2466 24 33 0 0 0.24
2467 23 33 0 0 0.23
2468 30 28 0 0 0.3
2469 34 30 0 0 0.34
2470 38 35 0 0 0.38
2471 34 36 0 0 0.34
2472 34 31 0 0 0.34
2473 31 37 0 0 0.31
2474 35 36 0 0 0.35
2475 35 31 0 0 0.35
2476 37 31 0 0 0.37
2477 35 35 0 0 0.35
2478 42 35 0 0 0.42
2479 31 38 0 0 0.31
2480 43 41 0 0 0.43
2481 40 38 0 0 0.4
2482 38 32 0 0 0.38
2483 41 33 0 0 0.41
2484 38 45 0 0 0.38
2485 32 45 0 0 0.32
2486 37 33 0 0 0.37
2487 47 34 0 0 0.47
2488 33 41 0 0 0.33
2489 33 40 0 0 0.33
2490 35 29 0 0 0.35
2491 34 32 0 0 0.34
2492 29 27 0 0 0.29
2493 26 29 0 0 0.26
2494 32 29 0 0 0.32
2495 25 22 0 0 0.25
2496 30 27 0 0 0.3
2497 22 31 0 0 0.22
2498 25 32 0 0 0.25
2499 32 32 0 0 0.32
2500 32 32 0 0 0.32
2501 36 31 0 0 0.36
2502 33 34 0 0 0.33
2503 30 31 0 0 0.3
2504 31 28 0 0 0.31
2505 30 30 0 0 0.3
2506 32 22 0 0 0.32
2507 28 25 0 0 0.28
2508 20 32 0 0 0.2
2509 21 38 0 0 0.21
2510 28 21 0 0 0.28
2511 37 23 0 0 0.37
2512 28 24 0 0 0.28
2513 24 33 0 0 0.24
2514 18 29 0 0 0.18
2515 26 21 0 0 0.26
2516 32 18 0 0 0.32
2517 23 22 0 0 0.23
2518 19 21 0 0 0.19
2519 19 27 0 0 0.19
2520 17 21 0 0 0.17
2521 17 20 0 0 0.17
2522 23 17 0 0 0.23
2523 29 19 0 0 0.29
2524 17 19 0 0 0.17
2525 16 23 0 0 0.16
2526 21 18 0 0 0.21
2527 20 20 0 0 0.2
2528 28 23 0 0 0.28
2529 24 22 0 0 0.24
2530 27 24 0 0 0.27
2531 25 35 0 0 0.25
2532 36 30 0 0 0.36
2533 37 31 0 0 0.37
2534 29 27 0 0 0.29
2535 21 29 0 0 0.21
2536 26 27 0 0 0.26
2537 34 29 0 0 0.34
2538 37 33 0 0 0.37
2539 32 32 0 0 0.32
2540 33 34 0 0 0.33
2541 35 37 0 0 0.35
2542 40 36 0 0 0.4
2543 33 34 0 0 0.33
2544 34 40 0 0 0.34
2545 37 33 0 0 0.37
2546 39 34 0 0 0.39
2547 32 33 0 0 0.32
2548 22 28 0 0 0.22
2549 26 25 0 0 0.26
2550 24 23 0 0 0.24
2551 25 23 0 0 0.25
2552 27 25 0 0 0.27
2553 31 29 0 0 0.31
2554 39 26 0 0 0.39
2555 32 31 0 0 0.32
2556 26 42 0 0 0.26
2557 38 39 0 0 0.38
2558 36 26 0 0 0.36
2559 33 24 0 0 0.33
2560 30 24 0 0 0.3
2561 28 30 0 0 0.28
2562 27 36 0 0 0.27
2563 24 30 0 0 0.24
2564 27 24 0 0 0.27
2565 32 28 0 0 0.32
2566 33 28 0 0 0.33
2567 28 32 0 0 0.28
2568 31 34 0 0 0.31
2569 38 32 0 0 0.38
2570 40 29 0 0 0.4
2571 33 29 0 0 0.33
2572 26 40 0 0 0.26
2573 29 36 0 0 0.29
2574 29 28 0 0 0.29
2575 31 23 0 0 0.31
2576 31 24 0 0 0.31
2577 21 30 0 0 0.21
2578 23 35 0 0 0.23
2579 27 29 0 0 0.27
2580 35 26 0 0 0.35
2581 36 30 0 0 0.36
2582 34 31 0 0 0.34
2583 24 36 0 0 0.24
2584 25 29 0 0 0.25
2585 29 28 0 0 0.29
2586 31 22 0 0 0.31
2587 25 34 0 0 0.25
2588 21 36 0 0 0.21
2589 27 21 0 0 0.27
2590 37 14 0 0 0.37
2591 33 22 0 0 0.33
2592 18 27 0 0 0.18
2593 14 26 0 0 0.14
2594 14 22 0 0 0.14
2595 20 14 0 0 0.2
2596 27 15 0 0 0.27
2597 25 19 0 0 0.25
2598 13 21 0 0 0.13
2599 15 24 0 0 0.15
2600 18 25 0 0 0.18
2601 22 24 0 0 0.22
2602 24 23 0 0 0.24
2603 29 19 0 0 0.29
2604 31 26 0 0 0.31
2605 24 28 0 0 0.24
2606 19 32 0 0 0.19
2607 23 31 0 0 0.23
2608 33 25 0 0 0.33
2609 43 28 0 0 0.43
2610 31 25 0 0 0.31
2611 23 34 0 0 0.23
2612 26 38 0 0 0.26
2613 31 29 0 0 0.31
2614 30 25 0 0 0.3
2615 28 25 0 0 0.28
2616 31 33 0 0 0.31
2617 28 26 0 0 0.28
2618 32 32 0 0 0.32
2619 32 26 0 0 0.32
2620 31 34 0 0 0.31
2621 30 32 0 0 0.3
2622 30 36 0 0 0.3
2623 41 34 0 0 0.41
2624 36 29 0 0 0.36
2625 22 26 0 0 0.22
2626 23 25 0 0 0.23
2627 26 31 0 0 0.26
2628 27 27 0 0 0.27
2629 25 26 0 0 0.25
2630 28 24 0 0 0.28
2631 35 28 0 0 0.35
2632 34 31 0 0 0.34
2633 30 30 0 0 0.3
2634 28 37 0 0 0.28
2635 27 38 0 0 0.27
2636 31 22 0 0 0.31
2637 35 19 0 0 0.35
2638 29 19 0 0 0.29
2639 20 30 0 0 0.2
2640 18 42 0 0 0.18
2641 27 26 0 0 0.27
2642 41 20 0 0 0.41
2643 27 23 0 0 0.27
2644 22 41 0 0 0.22
2645 17 35 0 0 0.17
2646 24 20 0 0 0.24
2647 28 11 0 0 0.28
2648 31 21 0 0 0.31
2649 18 23 0 0 0.18
2650 15 33 0 0 0.15
2651 15 25 0 0 0.15
2652 26 18 0 0 0.26
2653 26 13 0 0 0.26
2654 15 17 0 0 0.15
2655 14 22 0 0 0.14
2656 14 26 0 0 0.14
2657 24 16 0 0 0.24
2658 25 12 0 0 0.25
2659 28 16 0 0 0.28
2660 19 17 0 0 0.19
2661 9 18 0 0 0.09
2662 6 25 0 0 0.06
2663 9 20 0 0 0.09
2664 16 10 0 0 0.16
2665 20 8 0 0 0.2
2666 20 9 0 0 0.2
2667 16 15 0 0 0.16
2668 14 18 0 0 0.14
2669 17 19 0 0 0.17
2670 18 19 0 0 0.18
2671 15 18 0 0 0.15
2672 10 16 0 0 0.1
2673 17 14 0 0 0.17
2674 22 19 0 0 0.22
2675 18 22 0 0 0.18
2676 16 17 0 0 0.16
2677 26 18 0 0 0.26
2678 27 21 0 0 0.27
2679 19 23 0 0 0.19
2680 21 31 0 0 0.21
2681 28 21 0 0 0.28
2682 28 19 0 0 0.28
2683 26 21 0 0 0.26
2684 25 24 0 0 0.25
2685 22 29 0 0 0.22
2686 20 28 0 0 0.2
2687 25 16 0 0 0.25
2688 25 20 0 0 0.25
2689 23 22 0 0 0.23
2690 19 24 0 0 0.19
2691 24 25 0 0 0.24
2692 23 28 0 0 0.23
2693 28 22 0 0 0.28
2694 31 28 0 0 0.31
2695 26 28 0 0 0.26
2696 20 27 0 0 0.2
2697 28 25 0 0 0.28
2698 31 23 0 0 0.31
2699 26 33 0 0 0.26
2700 18 38 0 0 0.18
2701 22 28 0 0 0.22
2702 31 20 0 0 0.31
2703 42 17 0 0 0.42
2704 28 26 0 0 0.28
2705 21 44 0 0 0.21
2706 30 44 0 0 0.3
2707 44 24 0 0 0.44
2708 38 24 0 0 0.38
2709 20 32 0 0 0.2
2710 21 40 0 0 0.21
2711 30 27 0 0 0.3
2712 41 23 0 0 0.41
2713 37 23 0 0 0.37
2714 22 28 0 0 0.22
2715 15 33 0 0 0.15
2716 19 27 0 0 0.19
2717 30 16 0 0 0.3
2718 34 22 0 0 0.34
2719 25 35 0 0 0.25
2720 17 34 0 0 0.17
2721 25 29 0 0 0.25
2722 29 18 0 0 0.29
2723 33 16 0 0 0.33
2724 18 27 0 0 0.18
2725 20 34 0 0 0.2
2726 30 30 0 0 0.3
2727 37 25 0 0 0.37
2728 40 25 0 0 0.4
2729 29 35 0 0 0.29
2730 31 42 0 0 0.31
2731 36 30 0 0 0.36
2732 37 25 0 0 0.37
2733 32 25 0 0 0.32
2734 23 32 0 0 0.23
2735 20 29 0 0 0.2
2736 21 25 0 0 0.21
2737 27 16 0 0 0.27
2738 23 20 0 0 0.23
2739 29 23 0 0 0.29
2740 19 26 0 0 0.19
2741 19 33 0 0 0.19
2742 18 24 0 0 0.18
2743 28 17 0 0 0.28
2744 27 17 0 0 0.27
2745 30 23 0 0 0.3
2746 29 31 0 0 0.29
2747 21 32 0 0 0.21
2748 21 32 0 0 0.21
2749 28 21 0 0 0.28
2750 23 18 0 0 0.23
2751 24 25 0 0 0.24
2752 19 31 0 0 0.19
2753 25 29 0 0 0.25
2754 26 20 0 0 0.26
2755 22 18 0 0 0.22
2756 27 20 0 0 0.27
2757 27 21 0 0 0.27
2758 20 27 0 0 0.2
2759 22 31 0 0 0.22
2760 25 27 0 0 0.25
2761 28 21 0 0 0.28
2762 33 20 0 0 0.33
2763 23 27 0 0 0.23
2764 22 33 0 0 0.22
2765 26 29 0 0 0.26
2766 34 26 0 0 0.34
2767 32 20 0 0 0.32
2768 24 25 0 0 0.24
2769 16 31 0 0 0.16
2770 24 30 0 0 0.24
2771 31 15 0 0 0.31
2772 31 23 0 0 0.31
2773 22 29 0 0 0.22
2774 21 36 0 0 0.21
2775 31 32 0 0 0.31
2776 43 23 0 0 0.43
2777 32 29 0 0 0.32
2778 20 39 0 0 0.2
2779 23 35 0 0 0.23
2780 27 21 0 0 0.27
2781 34 18 0 0 0.34
2782 30 25 0 0 0.3
2783 19 32 0 0 0.19
2784 23 37 0 0 0.23
2785 38 26 0 0 0.38
2786 36 24 0 0 0.36
2787 24 30 0 0 0.24
2788 26 36 0 0 0.26
2789 33 31 0 0 0.33
2790 41 24 0 0 0.41
2791 30 25 0 0 0.3
2792 27 39 0 0 0.27
2793 24 35 0 0 0.24
2794 25 31 0 0 0.25
2795 32 24 0 0 0.32
2796 33 23 0 0 0.33
2797 27 38 0 0 0.27
2798 24 35 0 0 0.24
2799 30 30 0 0 0.3
2800 33 23 0 0 0.33
2801 31 32 0 0 0.31
2802 31 34 0 0 0.31
2803 29 28 0 0 0.29
2804 28 27 0 0 0.28
2805 28 25 0 0 0.28
2806 30 32 0 0 0.3
2807 22 27 0 0 0.22
2808 27 29 0 0 0.27
2809 27 23 0 0 0.27
2810 23 30 0 0 0.23
2811 25 27 0 0 0.25
2812 24 25 0 0 0.24
2813 31 26 0 0 0.31
2814 32 28 0 0 0.32
2815 22 35 0 0 0.22
2816 25 35 0 0 0.25
2817 33 20 0 0 0.33
2818 30 16 0 0 0.3
2819 28 28 0 0 0.28
2820 24 24 0 0 0.24
2821 21 32 0 0 0.21
2822 27 24 0 0 0.27
2823 32 21 0 0 0.32
2824 21 26 0 0 0.21
2825 18 28 0 0 0.18
2826 20 32 0 0 0.2
2827 29 27 0 0 0.29
2828 30 19 0 0 0.3
2829 26 21 0 0 0.26
2830 13 16 0 0 0.13
2831 14 23 0 0 0.14
2832 13 18 0 0 0.13
2833 9 11 0 0 0.09
2834 12 10 0 0 0.12
2835 15 12 0 0 0.15
2836 20 16 0 0 0.2
2837 17 22 0 0 0.17
2838 23 27 0 0 0.23
2839 24 26 0 0 0.24
2840 26 27 0 0 0.26
2841 28 28 0 0 0.28
2842 30 25 0 0 0.3
2843 20 29 0 0 0.2
2844 24 25 0 0 0.24
2845 23 22 0 0 0.23
2846 29 22 0 0 0.29
2847 24 23 0 0 0.24
2848 26 27 0 0 0.26
2849 30 28 0 0 0.3
2850 34 30 0 0 0.34
2851 31 32 0 0 0.31
2852 28 25 0 0 0.28
2853 28 22 0 0 0.28
2854 22 31 0 0 0.22
2855 27 37 0 0 0.27
2856 42 30 0 0 0.42
2857 39 35 0 0 0.39
2858 34 34 0 0 0.34
2859 35 35 0 0 0.35
2860 31 36 0 0 0.31
2861 30 28 0 0 0.3
2862 29 27 0 0 0.29
2863 35 27 0 0 0.35
2864 35 31 0 0 0.35
2865 31 40 0 0 0.31
2866 28 29 0 0 0.28
2867 32 24 0 0 0.32
2868 32 27 0 0 0.32
2869 30 27 0 0 0.3
2870 22 31 0 0 0.22
2871 19 29 0 0 0.19
2872 28 24 0 0 0.28
2873 38 17 0 0 0.38
2874 26 25 0 0 0.26
2875 14 32 0 0 0.14
2876 18 29 0 0 0.18
2877 30 18 0 0 0.3
2878 33 14 0 0 0.33
2879 26 24 0 0 0.26
2880 21 30 0 0 0.21
2881 18 28 0 0 0.18
2882 24 27 0 0 0.24
2883 32 20 0 0 0.32
2884 40 21 0 0 0.4
2885 24 31 0 0 0.24
2886 19 42 0 0 0.19
2887 26 28 0 0 0.26
2888 33 26 0 0 0.33
2889 40 31 0 0 0.4
2890 32 38 0 0 0.32
2891 28 38 0 0 0.28
2892 38 34 0 0 0.38
2893 38 29 0 0 0.38
2894 29 34 0 0 0.29
2895 22 35 0 0 0.22
2896 18 30 0 0 0.18
2897 29 23 0 0 0.29
2898 31 22 0 0 0.31
2899 37 27 0 0 0.37
2900 31 36 0 0 0.31
2901 29 39 0 0 0.29
2902 28 30 0 0 0.28
2903 33 32 0 0 0.33
2904 41 30 0 0 0.41
2905 29 25 0 0 0.29
2906 20 27 0 0 0.2
2907 20 26 0 0 0.2
2908 26 23 0 0 0.26
2909 32 22 0 0 0.32
2910 26 24 0 0 0.26
2911 20 25 0 0 0.2
2912 17 21 0 0 0.17
2913 17 27 0 0 0.17
2914 27 23 0 0 0.27
2915 26 20 0 0 0.26
2916 26 19 0 0 0.26
2917 15 20 0 0 0.15
2918 15 20 0 0 0.15
2919 20 22 0 0 0.2
2920 20 17 0 0 0.2
2921 22 17 0 0 0.22
2922 19 19 0 0 0.19
2923 24 20 0 0 0.24
2924 20 23 0 0 0.2
2925 23 20 0 0 0.23
2926 25 30 0 0 0.25
2927 20 39 0 0 0.2
2928 24 25 0 0 0.24
2929 29 24 0 0 0.29
2930 33 23 0 0 0.33
2931 26 23 0 0 0.26
2932 26 29 0 0 0.26
2933 25 29 0 0 0.25
2934 26 24 0 0 0.26
2935 26 21 0 0 0.26
2936 27 28 0 0 0.27
2937 28 33 0 0 0.28
2938 27 31 0 0 0.27
2939 27 31 0 0 0.27
2940 28 30 0 0 0.28
2941 34 25 0 0 0.34
2942 32 29 0 0 0.32
2943 30 30 0 0 0.3
2944 29 30 0 0 0.29
2945 29 30 0 0 0.29
2946 28 24 0 0 0.28
2947 21 26 0 0 0.21
2948 19 29 0 0 0.19
2949 23 21 0 0 0.23
2950 31 26 0 0 0.31
2951 34 29 0 0 0.34
2952 33 32 0 0 0.33
2953 28 37 0 0 0.28
2954 28 39 0 0 0.28
2955 28 28 0 0 0.28
2956 31 16 0 0 0.31
2957 24 23 0 0 0.24
2958 19 35 0 0 0.19
2959 18 35 0 0 0.18
2960 20 23 0 0 0.2
2961 22 15 0 0 0.22
2962 20 7 0 0 0.2
2963 18 8 0 0 0.18
2964 19 10 0 0 0.19
2965 12 19 0 0 0.12
2966 16 29 0 0 0.16
2967 22 21 0 0 0.22
2968 28 15 0 0 0.28
2969 26 17 0 0 0.26
2970 19 22 0 0 0.19
2971 15 29 0 0 0.15
2972 23 30 0 0 0.23
2973 27 22 0 0 0.27
2974 32 19 0 0 0.32
2975 27 22 0 0 0.27
2976 19 26 0 0 0.19
2977 25 30 0 0 0.25
2978 29 33 0 0 0.29
2979 31 24 0 0 0.31
2980 32 25 0 0 0.32
2981 28 27 0 0 0.28
2982 21 29 0 0 0.21
2983 37 28 0 0 0.37
2984 35 28 0 0 0.35
2985 29 37 0 0 0.29
2986 35 40 0 0 0.35
2987 36 23 0 0 0.36
2988 29 28 0 0 0.29
2989 24 37 0 0 0.24
2990 25 38 0 0 0.25
2991 31 27 0 0 0.31
2992 32 25 0 0 0.32
2993 27 34 0 0 0.27
2994 25 40 0 0 0.25
2995 30 31 0 0 0.3
2996 27 24 0 0 0.27
2997 31 22 0 0 0.31
2998 25 29 0 0 0.25
2999 27 30 0 0 0.27
3000 26 26 0 0 0.26
3001 27 27 0 0 0.27
3002 30 26 0 0 0.3
3003 31 28 0 0 0.31
3004 32 33 0 0 0.32
3005 25 35 0 0 0.25
3006 33 25 0 0 0.33
3007 33 30 0 0 0.33
3008 23 33 0 0 0.23
3009 22 37 0 0 0.22
3010 30 24 0 0 0.3
3011 32 27 0 0 0.32
3012 27 29 0 0 0.27
3013 26 41 0 0 0.26
3014 37 37 0 0 0.37
3015 37 29 0 0 0.37
3016 35 33 0 0 0.35
3017 25 33 0 0 0.25
3018 26 35 0 0 0.26
3019 37 25 0 0 0.37
3020 35 27 0 0 0.35
3021 29 38 0 0 0.29
3022 22 40 0 0 0.22
3023 27 28 0 0 0.27
3024 27 22 0 0 0.27
3025 21 29 0 0 0.21
3026 32 19 0 0 0.32
3027 32 24 0 0 0.32
3028 29 34 0 0 0.29
3029 21 37 0 0 0.21
3030 18 28 0 0 0.18
3031 24 24 0 0 0.24
3032 30 22 0 0 0.3
3033 28 26 0 0 0.28
3034 28 28 0 0 0.28
3035 29 26 0 0 0.29
3036 30 29 0 0 0.3
3037 32 25 0 0 0.32
3038 30 28 0 0 0.3
3039 27 37 0 0 0.27
3040 32 27 0 0 0.32
3041 38 23 0 0 0.38
3042 29 28 0 0 0.29
3043 23 35 0 0 0.23
3044 25 33 0 0 0.25
3045 34 31 0 0 0.34
3046 36 30 0 0 0.36
3047 31 28 0 0 0.31
3048 24 35 0 0 0.24
3049 25 27 0 0 0.25
3050 29 23 0 0 0.29
3051 35 25 0 0 0.35
3052 25 31 0 0 0.25
3053 21 36 0 0 0.21
3054 23 33 0 0 0.23
3055 29 16 0 0 0.29
3056 29 11 0 0 0.29
3057 31 23 0 0 0.31
3058 19 32 0 0 0.19
3059 23 26 0 0 0.23
3060 25 23 0 0 0.25
3061 26 27 0 0 0.26
3062 23 23 0 0 0.23
3063 18 18 0 0 0.18
3064 20 23 0 0 0.2
3065 23 28 0 0 0.23
3066 24 20 0 0 0.24
3067 30 21 0 0 0.3
3068 22 31 0 0 0.22
3069 18 32 0 0 0.18
3070 21 27 0 0 0.21
3071 29 20 0 0 0.29
3072 46 16 0 0 0.46
3073 29 24 0 0 0.29
3074 17 44 0 0 0.17
3075 18 38 0 0 0.18
3076 30 22 0 0 0.3
3077 39 16 0 0 0.39
3078 37 25 0 0 0.37
3079 17 39 0 0 0.17
3080 15 43 0 0 0.15
3081 20 18 0 0 0.2
3082 29 14 0 0 0.29
3083 30 18 0 0 0.3
3084 20 21 0 0 0.2
3085 15 34 0 0 0.15
3086 23 35 0 0 0.23
3087 36 22 0 0 0.36
3088 42 21 0 0 0.42
3089 27 27 0 0 0.27
3090 18 39 0 0 0.18
3091 23 29 0 0 0.23
3092 31 26 0 0 0.31
3093 25 19 0 0 0.25
3094 28 21 0 0 0.28
3095 22 29 0 0 0.22
3096 23 28 0 0 0.23
3097 27 20 0 0 0.27
3098 29 22 0 0 0.29
3099 21 23 0 0 0.21
3100 23 26 0 0 0.23
3101 26 20 0 0 0.26
3102 31 23 0 0 0.31
3103 28 26 0 0 0.28
3104 24 30 0 0 0.24
3105 25 31 0 0 0.25
3106 30 27 0 0 0.3
3107 34 26 0 0 0.34
3108 27 30 0 0 0.27
3109 27 29 0 0 0.27
3110 39 18 0 0 0.39
3111 39 20 0 0 0.39
3112 23 28 0 0 0.23
3113 19 29 0 0 0.19
3114 24 29 0 0 0.24
3115 36 22 0 0 0.36
3116 34 23 0 0 0.34
3117 24 29 0 0 0.24
3118 18 37 0 0 0.18
3119 28 29 0 0 0.28
3120 39 27 0 0 0.39
3121 36 33 0 0 0.36
3122 27 41 0 0 0.27
3123 27 40 0 0 0.27
3124 29 28 0 0 0.29
3125 32 21 0 0 0.32
3126 39 20 0 0 0.39
3127 32 38 0 0 0.32
3128 18 39 0 0 0.18
3129 23 33 0 0 0.23
3130 40 21 0 0 0.4
3131 34 24 0 0 0.34
3132 26 31 0 0 0.26
3133 23 34 0 0 0.23
3134 27 23 0 0 0.27
3135 36 17 0 0 0.36
3136 25 23 0 0 0.25
3137 17 30 0 0 0.17
3138 16 22 0 0 0.16
3139 19 15 0 0 0.19
3140 23 17 0 0 0.23
3141 21 22 0 0 0.21
3142 24 32 0 0 0.24
3143 30 23 0 0 0.3
3144 36 20 0 0 0.36
3145 24 26 0 0 0.24
3146 24 33 0 0 0.24
3147 25 29 0 0 0.25
3148 28 29 0 0 0.28
3149 30 28 0 0 0.3
3150 39 31 0 0 0.39
3151 39 31 0 0 0.39
3152 31 34 0 0 0.31
3153 23 36 0 0 0.23
3154 34 33 0 0 0.34
3155 38 30 0 0 0.38
3156 36 33 0 0 0.36
3157 29 38 0 0 0.29
3158 32 33 0 0 0.32
3159 30 27 0 0 0.3
3160 28 27 0 0 0.28
3161 34 28 0 0 0.34
3162 27 29 0 0 0.27
3163 32 35 0 0 0.32
3164 33 35 0 0 0.33
3165 30 34 0 0 0.3
3166 31 29 0 0 0.31
3167 25 26 0 0 0.25
3168 29 28 0 0 0.29
3169 27 32 0 0 0.27
3170 27 26 0 0 0.27
3171 25 22 0 0 0.25
3172 32 21 0 0 0.32
3173 21 28 0 0 0.21
3174 23 35 0 0 0.23
3175 27 35 0 0 0.27
3176 36 31 0 0 0.36
3177 33 27 0 0 0.33
3178 39 26 0 0 0.39
3179 30 28 0 0 0.3
3180 24 35 0 0 0.24
3181 30 38 0 0 0.3
3182 39 29 0 0 0.39
3183 34 25 0 0 0.34
3184 29 28 0 0 0.29
3185 29 28 0 0 0.29
3186 27 30 0 0 0.27
3187 23 27 0 0 0.23
3188 30 26 0 0 0.3
3189 32 22 0 0 0.32
3190 23 24 0 0 0.23
3191 21 29 0 0 0.21
3192 21 26 0 0 0.21
3193 17 24 0 0 0.17
3194 27 21 0 0 0.27
3195 31 22 0 0 0.31
3196 26 24 0 0 0.26
3197 24 37 0 0 0.24
3198 26 33 0 0 0.26
3199 36 23 0 0 0.36
3200 39 20 0 0 0.39
3201 27 32 0 0 0.27
3202 18 37 0 0 0.18
3203 23 36 0 0 0.23
3204 33 22 0 0 0.33
3205 29 21 0 0 0.29
3206 30 21 0 0 0.3
3207 25 32 0 0 0.25
3208 24 34 0 0 0.24
3209 33 36 0 0 0.33
3210 38 28 0 0 0.38
3211 36 35 0 0 0.36
3212 25 36 0 0 0.25
3213 26 32 0 0 0.26
3214 29 24 0 0 0.29
3215 33 22 0 0 0.33
3216 31 33 0 0 0.31
3217 31 29 0 0 0.31
3218 31 28 0 0 0.31
3219 25 30 0 0 0.25
3220 29 35 0 0 0.29
3221 30 34 0 0 0.3
3222 34 28 0 0 0.34
3223 39 28 0 0 0.39
3224 29 34 0 0 0.29
3225 33 31 0 0 0.33
3226 32 29 0 0 0.32
3227 26 37 0 0 0.26
3228 29 33 0 0 0.29
3229 38 28 0 0 0.38
3230 37 28 0 0 0.37
3231 26 32 0 0 0.26
3232 19 40 0 0 0.19
3233 34 28 0 0 0.34
3234 40 22 0 0 0.4
3235 29 29 0 0 0.29
3236 16 35 0 0 0.16
3237 25 32 0 0 0.25
3238 39 23 0 0 0.39
3239 32 24 0 0 0.32
3240 25 24 0 0 0.25
3241 23 26 0 0 0.23
3242 29 25 0 0 0.29
3243 30 21 0 0 0.3
3244 26 23 0 0 0.26
3245 27 28 0 0 0.27
3246 29 32 0 0 0.29
3247 30 35 0 0 0.3
3248 26 32 0 0 0.26
3249 38 26 0 0 0.38
3250 33 25 0 0 0.33
3251 26 30 0 0 0.26
3252 20 37 0 0 0.2
3253 26 34 0 0 0.26
3254 29 23 0 0 0.29
3255 38 18 0 0 0.38
3256 26 24 0 0 0.26
3257 21 30 0 0 0.21
3258 17 30 0 0 0.17
3259 29 21 0 0 0.29
3260 34 14 0 0 0.34
3261 21 26 0 0 0.21
3262 17 26 0 0 0.17
3263 20 32 0 0 0.2
3264 26 18 0 0 0.26
3265 34 18 0 0 0.34
3266 21 23 0 0 0.21
3267 17 29 0 0 0.17
3268 25 29 0 0 0.25
3269 31 28 0 0 0.31
3270 33 29 0 0 0.33
3271 33 30 0 0 0.33
3272 31 30 0 0 0.31
3273 30 37 0 0 0.3
3274 25 31 0 0 0.25
3275 29 20 0 0 0.29
3276 26 24 0 0 0.26
3277 26 39 0 0 0.26
3278 20 34 0 0 0.2
3279 33 21 0 0 0.33
3280 34 16 0 0 0.34
3281 23 21 0 0 0.23
3282 25 20 0 0 0.25
3283 16 22 0 0 0.16
3284 13 28 0 0 0.13
3285 29 23 0 0 0.29
3286 30 25 0 0 0.3
3287 33 34 0 0 0.33
3288 25 32 0 0 0.25
3289 23 34 0 0 0.23
3290 26 30 0 0 0.26
3291 42 22 0 0 0.42
3292 34 26 0 0 0.34
3293 29 36 0 0 0.29
3294 28 31 0 0 0.28
3295 36 29 0 0 0.36
3296 30 28 0 0 0.3
3297 33 30 0 0 0.33
3298 30 33 0 0 0.3
3299 25 27 0 0 0.25
3300 30 25 0 0 0.3
3301 28 24 0 0 0.28
3302 26 35 0 0 0.26
3303 25 40 0 0 0.25
3304 34 34 0 0 0.34
3305 39 28 0 0 0.39
3306 29 31 0 0 0.29
3307 25 35 0 0 0.25
3308 26 24 0 0 0.26
3309 22 21 0 0 0.22
3310 19 22 0 0 0.19
3311 22 22 0 0 0.22
3312 21 13 0 0 0.21
3313 18 17 0 0 0.18
3314 13 19 0 0 0.13
3315 15 15 0 0 0.15
3316 16 20 0 0 0.16
3317 26 24 0 0 0.26
3318 25 23 0 0 0.25
3319 27 26 0 0 0.27
3320 28 32 0 0 0.28
3321 26 36 0 0 0.26
3322 32 26 0 0 0.32
3323 33 20 0 0 0.33
3324 29 26 0 0 0.29
3325 22 30 0 0 0.22
3326 16 29 0 0 0.16
3327 15 22 0 0 0.15
3328 26 22 0 0 0.26
3329 32 19 0 0 0.32
3330 31 27 0 0 0.31
3331 28 28 0 0 0.28
3332 28 30 0 0 0.28
3333 32 33 0 0 0.32
3334 28 39 0 0 0.28
3335 30 33 0 0 0.3
3336 37 26 0 0 0.37
3337 36 26 0 0 0.36
3338 32 39 0 0 0.32
3339 23 36 0 0 0.23
3340 29 33 0 0 0.29
3341 29 20 0 0 0.29
3342 32 20 0 0 0.32
3343 24 25 0 0 0.24
3344 25 31 0 0 0.25
3345 28 26 0 0 0.28
3346 30 27 0 0 0.3
3347 26 22 0 0 0.26
3348 28 27 0 0 0.28
3349 26 34 0 0 0.26
3350 29 29 0 0 0.29
3351 37 26 0 0 0.37
3352 35 30 0 0 0.35
3353 29 34 0 0 0.29
3354 28 43 0 0 0.28
3355 36 28 0 0 0.36
3356 33 19 0 0 0.33
3357 22 25 0 0 0.22
3358 22 41 0 0 0.22
3359 31 34 0 0 0.31
3360 40 26 0 0 0.4
3361 32 22 0 0 0.32
3362 23 33 0 0 0.23
3363 24 32 0 0 0.24
3364 29 31 0 0 0.29
3365 40 28 0 0 0.4
3366 39 33 0 0 0.39
3367 33 37 0 0 0.33
3368 26 41 0 0 0.26
3369 34 28 0 0 0.34
3370 37 21 0 0 0.37
3371 30 29 0 0 0.3
3372 19 38 0 0 0.19
3373 27 34 0 0 0.27
3374 36 22 0 0 0.36
3375 32 23 0 0 0.32
3376 29 33 0 0 0.29
3377 25 36 0 0 0.25
3378 29 33 0 0 0.29
3379 33 24 0 0 0.33
3380 35 25 0 0 0.35
3381 30 27 0 0 0.3
3382 20 27 0 0 0.2
3383 17 27 0 0 0.17
3384 18 31 0 0 0.18
3385 23 16 0 0 0.23
3386 29 19 0 0 0.29
3387 25 17 0 0 0.25
3388 25 21 0 0 0.25
3389 18 21 0 0 0.18
3390 15 23 0 0 0.15
3391 20 22 0 0 0.2
3392 24 22 0 0 0.24
3393 24 18 0 0 0.24
3394 28 19 0 0 0.28
3395 22 26 0 0 0.22
3396 15 35 0 0 0.15
3397 22 31 0 0 0.22
3398 32 16 0 0 0.32
3399 37 15 0 0 0.37
3400 31 26 0 0 0.31
3401 17 39 0 0 0.17
3402 15 41 0 0 0.15
3403 29 19 0 0 0.29
3404 35 15 0 0 0.35
3405 30 19 0 0 0.3
3406 15 29 0 0 0.15
3407 19 34 0 0 0.19
3408 22 24 0 0 0.22
3409 35 21 0 0 0.35
3410 37 21 0 0 0.37
3411 21 34 0 0 0.21
3412 18 36 0 0 0.18
3413 23 27 0 0 0.23
3414 32 20 0 0 0.32
3415 26 20 0 0 0.26
3416 21 26 0 0 0.21
3417 20 25 0 0 0.2
3418 23 28 0 0 0.23
3419 27 24 0 0 0.27
3420 32 27 0 0 0.32
3421 28 27 0 0 0.28
3422 21 25 0 0 0.21
3423 25 29 0 0 0.25
3424 23 34 0 0 0.23
3425 27 29 0 0 0.27
3426 33 21 0 0 0.33
3427 35 17 0 0 0.35
3428 24 22 0 0 0.24
3429 24 30 0 0 0.24
3430 21 27 0 0 0.21
3431 24 30 0 0 0.24
3432 30 24 0 0 0.3
3433 34 23 0 0 0.34
3434 24 25 0 0 0.24
3435 27 28 0 0 0.27
3436 23 30 0 0 0.23
3437 20 37 0 0 0.2
3438 27 24 0 0 0.27
3439 28 25 0 0 0.28
3440 34 29 0 0 0.34
3441 27 34 0 0 0.27
3442 30 37 0 0 0.3
3443 28 29 0 0 0.28
3444 34 33 0 0 0.34
3445 34 22 0 0 0.34
3446 31 19 0 0 0.31
3447 27 23 0 0 0.27
3448 24 35 0 0 0.24
3449 21 30 0 0 0.21
3450 26 22 0 0 0.26
3451 32 18 0 0 0.32
3452 20 17 0 0 0.2
3453 16 28 0 0 0.16
3454 21 28 0 0 0.21
3455 28 18 0 0 0.28
3456 28 15 0 0 0.28
3457 20 23 0 0 0.2
3458 17 30 0 0 0.17
3459 26 31 0 0 0.26
3460 35 22 0 0 0.35
3461 33 31 0 0 0.33
3462 30 34 0 0 0.3
3463 30 29 0 0 0.3
3464 33 33 0 0 0.33
3465 38 30 0 0 0.38
3466 35 25 0 0 0.35
3467 28 34 0 0 0.28
3468 30 34 0 0 0.3
3469 32 29 0 0 0.32
3470 31 19 0 0 0.31
3471 31 25 0 0 0.31
3472 23 41 0 0 0.23
3473 24 43 0 0 0.24
3474 33 27 0 0 0.33
3475 44 21 0 0 0.44
3476 33 27 0 0 0.33
3477 21 34 0 0 0.21
3478 22 35 0 0 0.22
3479 37 28 0 0 0.37
3480 36 23 0 0 0.36
3481 30 27 0 0 0.3
3482 28 31 0 0 0.28
3483 18 34 0 0 0.18
3484 21 27 0 0 0.21
3485 35 24 0 0 0.35
3486 33 24 0 0 0.33
3487 28 29 0 0 0.28
3488 22 35 0 0 0.22
3489 21 37 0 0 0.21
3490 33 26 0 0 0.33
3491 30 24 0 0 0.3
3492 24 29 0 0 0.24
3493 28 23 0 0 0.28
3494 28 23 0 0 0.28
3495 21 31 0 0 0.21
3496 24 36 0 0 0.24
3497 33 28 0 0 0.33
3498 38 23 0 0 0.38
3499 34 25 0 0 0.34
3500 30 26 0 0 0.3
3501 22 30 0 0 0.22
3502 18 27 0 0 0.18
3503 22 24 0 0 0.22
3504 31 25 0 0 0.31
3505 30 26 0 0 0.3
3506 23 28 0 0 0.23
3507 23 34 0 0 0.23
3508 24 30 0 0 0.24
3509 39 25 0 0 0.39
3510 40 30 0 0 0.4
3511 24 34 0 0 0.24
3512 30 33 0 0 0.3
3513 33 27 0 0 0.33
3514 34 28 0 0 0.34
3515 31 29 0 0 0.31
3516 30 29 0 0 0.3
3517 32 33 0 0 0.32
3518 30 34 0 0 0.3
3519 30 36 0 0 0.3
3520 28 29 0 0 0.28
3521 30 30 0 0 0.3
3522 31 26 0 0 0.31
3523 25 36 0 0 0.25
3524 31 36 0 0 0.31
3525 32 24 0 0 0.32
3526 35 28 0 0 0.35
3527 29 37 0 0 0.29
3528 29 36 0 0 0.29
3529 34 32 0 0 0.34
3530 31 32 0 0 0.31
3531 24 31 0 0 0.24
3532 30 26 0 0 0.3
3533 27 26 0 0 0.27
3534 18 28 0 0 0.18
3535 23 31 0 0 0.23
3536 26 18 0 0 0.26
3537 29 13 0 0 0.29
3538 25 20 0 0 0.25
3539 22 27 0 0 0.22
3540 18 28 0 0 0.18
3541 26 32 0 0 0.26
3542 29 25 0 0 0.29
3543 31 22 0 0 0.31
3544 27 20 0 0 0.27
3545 27 25 0 0 0.27
3546 22 32 0 0 0.22
3547 19 30 0 0 0.19
3548 28 24 0 0 0.28
3549 32 21 0 0 0.32
3550 26 22 0 0 0.26
3551 17 20 0 0 0.17
3552 18 28 0 0 0.18
3553 23 27 0 0 0.23
3554 27 23 0 0 0.27
3555 31 18 0 0 0.31
3556 23 21 0 0 0.23
3557 22 23 0 0 0.22
3558 21 28 0 0 0.21
3559 32 25 0 0 0.32
3560 28 26 0 0 0.28
3561 30 28 0 0 0.3
3562 27 28 0 0 0.27
3563 24 32 0 0 0.24
3564 24 19 0 0 0.24
3565 25 23 0 0 0.25
3566 27 31 0 0 0.27
3567 23 30 0 0 0.23
3568 26 27 0 0 0.26
3569 27 26 0 0 0.27
3570 25 24 0 0 0.25
3571 25 30 0 0 0.25
3572 22 30 0 0 0.22
3573 33 28 0 0 0.33
3574 34 35 0 0 0.34
3575 34 36 0 0 0.34
3576 35 44 0 0 0.35
3577 34 35 0 0 0.34
3578 30 31 0 0 0.3
3579 28 29 0 0 0.28
3580 29 25 0 0 0.29
3581 27 18 0 0 0.27
3582 22 25 0 0 0.22
3583 14 31 0 0 0.14
3584 12 29 0 0 0.12
3585 17 14 0 0 0.17
3586 17 8 0 0 0.17
3587 19 10 0 0 0.19
3588 14 12 0 0 0.14
3589 17 19 0 0 0.17
3590 15 19 0 0 0.15
3591 17 16 0 0 0.17
3592 11 19 0 0 0.11
3593 13 15 0 0 0.13
3594 17 11 0 0 0.17
3595 15 17 0 0 0.15
3596 20 18 0 0 0.2
3597 22 17 0 0 0.22
3598 14 18 0 0 0.14
3599 23 19 0 0 0.23
3600 15 17 0 0 0.15
3601 17 14 0 0 0.17
3602 13 13 0 0 0.13
3603 11 15 0 0 0.11
3604 11 16 0 0 0.11
3605 15 13 0 0 0.15
3606 26 15 0 0 0.26
3607 26 23 0 0 0.26
3608 21 23 0 0 0.21
3609 21 27 0 0 0.21
3610 19 22 0 0 0.19
3611 22 22 0 0 0.22
3612 22 25 0 0 0.22
3613 22 31 0 0 0.22
3614 33 30 0 0 0.33
3615 21 19 0 0 0.21
3616 16 26 0 0 0.16
3617 21 28 0 0 0.21
3618 39 22 0 0 0.39
3619 32 30 0 0 0.32
3620 27 40 0 0 0.27
3621 32 39 0 0 0.32
3622 40 30 0 0 0.4
3623 39 31 0 0 0.39
3624 29 28 0 0 0.29
3625 19 30 0 0 0.19
3626 22 27 0 0 0.22
3627 23 19 0 0 0.23
3628 26 18 0 0 0.26
3629 28 18 0 0 0.28
3630 22 23 0 0 0.22
3631 18 28 0 0 0.18
3632 20 27 0 0 0.2
3633 23 23 0 0 0.23
3634 26 10 0 0 0.26
3635 26 12 0 0 0.26
3636 20 15 0 0 0.2
3637 13 21 0 0 0.13
3638 7 31 0 0 0.07
3639 11 25 0 0 0.11
3640 25 10 0 0 0.25
3641 36 12 0 0 0.36
3642 29 24 0 0 0.29
3643 18 35 0 0 0.18
3644 16 39 0 0 0.16
3645 25 24 0 0 0.25
3646 33 17 0 0 0.33
3647 31 19 0 0 0.31
3648 23 25 0 0 0.23
3649 18 34 0 0 0.18
3650 22 29 0 0 0.22
3651 33 20 0 0 0.33
3652 36 21 0 0 0.36
3653 23 27 0 0 0.23
3654 19 35 0 0 0.19
3655 21 28 0 0 0.21
3656 29 24 0 0 0.29
3657 34 16 0 0 0.34
3658 31 28 0 0 0.31
3659 19 39 0 0 0.19
3660 23 33 0 0 0.23
3661 33 22 0 0 0.33
3662 33 17 0 0 0.33
3663 28 24 0 0 0.28
3664 17 39 0 0 0.17
3665 23 34 0 0 0.23
3666 26 21 0 0 0.26
3667 35 19 0 0 0.35
3668 24 21 0 0 0.24
3669 20 36 0 0 0.2
3670 23 38 0 0 0.23
3671 38 23 0 0 0.38
3672 43 19 0 0 0.43
3673 25 26 0 0 0.25
3674 12 34 0 0 0.12
3675 13 34 0 0 0.13
3676 30 17 0 0 0.3
3677 34 12 0 0 0.34
3678 29 18 0 0 0.29
3679 22 27 0 0 0.22
3680 20 37 0 0 0.2
3681 24 31 0 0 0.24
3682 26 23 0 0 0.26
3683 27 25 0 0 0.27
3684 22 22 0 0 0.22
3685 19 27 0 0 0.19
3686 23 23 0 0 0.23
3687 22 21 0 0 0.22
3688 31 26 0 0 0.31
3689 34 20 0 0 0.34
3690 27 26 0 0 0.27
3691 20 29 0 0 0.2
3692 22 32 0 0 0.22
3693 28 26 0 0 0.28
3694 36 24 0 0 0.36
3695 26 27 0 0 0.26
3696 26 28 0 0 0.26
3697 23 31 0 0 0.23
3698 29 25 0 0 0.29
3699 30 18 0 0 0.3
3700 26 24 0 0 0.26
3701 19 24 0 0 0.19
3702 24 21 0 0 0.24
3703 23 26 0 0 0.23
3704 34 31 0 0 0.34
3705 31 26 0 0 0.31
3706 26 29 0 0 0.26
3707 29 38 0 0 0.29
3708 34 31 0 0 0.34
3709 29 26 0 0 0.29
3710 25 31 0 0 0.25
3711 28 35 0 0 0.28
3712 27 26 0 0 0.27
3713 31 26 0 0 0.31
3714 26 27 0 0 0.26
3715 25 30 0 0 0.25
3716 23 30 0 0 0.23
3717 27 29 0 0 0.27
3718 34 21 0 0 0.34
3719 33 27 0 0 0.33
3720 23 27 0 0 0.23
3721 25 33 0 0 0.25
3722 28 33 0 0 0.28
3723 30 30 0 0 0.3
3724 36 25 0 0 0.36
3725 30 34 0 0 0.3
3726 25 34 0 0 0.25
3727 25 33 0 0 0.25
3728 23 22 0 0 0.23
3729 21 21 0 0 0.21
3730 22 23 0 0 0.22
3731 24 17 0 0 0.24
3732 21 21 0 0 0.21
3733 21 20 0 0 0.21
3734 27 19 0 0 0.27
3735 25 26 0 0 0.25
3736 20 33 0 0 0.2
3737 26 31 0 0 0.26
3738 31 32 0 0 0.31
3739 39 24 0 0 0.39
3740 38 26 0 0 0.38
3741 24 32 0 0 0.24
3742 21 35 0 0 0.21
3743 26 21 0 0 0.26
3744 28 13 0 0 0.28
3745 25 15 0 0 0.25
3746 16 16 0 0 0.16
3747 16 24 0 0 0.16
3748 16 26 0 0 0.16
3749 25 26 0 0 0.25
3750 35 22 0 0 0.35
3751 32 19 0 0 0.32
3752 23 30 0 0 0.23
3753 21 40 0 0 0.21
3754 29 33 0 0 0.29
3755 36 21 0 0 0.36
3756 36 28 0 0 0.36
3757 27 35 0 0 0.27
3758 33 36 0 0 0.33
3759 25 29 0 0 0.25
3760 26 35 0 0 0.26
3761 26 26 0 0 0.26
3762 35 24 0 0 0.35
3763 25 32 0 0 0.25
3764 29 36 0 0 0.29
3765 33 29 0 0 0.33
3766 36 26 0 0 0.36
3767 26 22 0 0 0.26
3768 27 30 0 0 0.27
3769 23 33 0 0 0.23
3770 27 35 0 0 0.27
3771 34 25 0 0 0.34
3772 31 32 0 0 0.31
3773 25 32 0 0 0.25
3774 24 34 0 0 0.24
3775 34 25 0 0 0.34
3776 35 25 0 0 0.35
3777 30 29 0 0 0.3
3778 24 32 0 0 0.24
3779 24 27 0 0 0.24
3780 21 22 0 0 0.21
3781 16 16 0 0 0.16
3782 16 16 0 0 0.16
3783 18 18 0 0 0.18
3784 13 15 0 0 0.13
3785 23 13 0 0 0.23
3786 17 18 0 0 0.17
3787 14 16 0 0 0.14
3788 12 17 0 0 0.12
3789 14 17 0 0 0.14
3790 23 16 0 0 0.23
3791 30 22 0 0 0.3
3792 25 34 0 0 0.25
3793 20 38 0 0 0.2
3794 29 26 0 0 0.29
3795 33 17 0 0 0.33
3796 26 25 0 0 0.26
3797 22 26 0 0 0.22
3798 19 23 0 0 0.19
3799 26 28 0 0 0.26
3800 32 31 0 0 0.32
3801 37 31 0 0 0.37
3802 33 32 0 0 0.33
3803 30 39 0 0 0.3
3804 42 29 0 0 0.42
3805 34 21 0 0 0.34
3806 27 30 0 0 0.27
3807 21 27 0 0 0.21
3808 29 29 0 0 0.29
3809 35 25 0 0 0.35
3810 44 29 0 0 0.44
3811 32 33 0 0 0.32
3812 27 37 0 0 0.27
3813 22 39 0 0 0.22
3814 32 25 0 0 0.32
3815 43 27 0 0 0.43
3816 29 27 0 0 0.29
3817 22 36 0 0 0.22
3818 28 34 0 0 0.28
3819 35 29 0 0 0.35
3820 38 28 0 0 0.38
3821 33 27 0 0 0.33
3822 26 30 0 0 0.26
3823 25 28 0 0 0.25
3824 27 28 0 0 0.27
3825 27 29 0 0 0.27
3826 26 29 0 0 0.26
3827 32 31 0 0 0.32
3828 36 24 0 0 0.36
3829 32 29 0 0 0.32
3830 23 30 0 0 0.23
3831 25 35 0 0 0.25
3832 33 26 0 0 0.33
3833 27 24 0 0 0.27
3834 25 25 0 0 0.25
3835 22 34 0 0 0.22
3836 29 27 0 0 0.29
3837 36 29 0 0 0.36
3838 32 29 0 0 0.32
3839 21 33 0 0 0.21
3840 28 32 0 0 0.28
3841 29 26 0 0 0.29
3842 31 23 0 0 0.31
3843 26 22 0 0 0.26
3844 24 26 0 0 0.24
3845 22 28 0 0 0.22
3846 24 20 0 0 0.24
3847 33 23 0 0 0.33
3848 28 22 0 0 0.28
3849 22 33 0 0 0.22
3850 23 38 0 0 0.23
3851 28 22 0 0 0.28
3852 36 20 0 0 0.36
3853 29 26 0 0 0.29
3854 24 32 0 0 0.24
3855 18 37 0 0 0.18
3856 20 32 0 0 0.2
3857 29 20 0 0 0.29
3858 31 21 0 0 0.31
3859 32 19 0 0 0.32
3860 26 25 0 0 0.26
3861 20 31 0 0 0.2
3862 21 28 0 0 0.21
3863 25 28 0 0 0.25
3864 21 19 0 0 0.21
3865 23 16 0 0 0.23
3866 17 13 0 0 0.17
3867 17 18 0 0 0.17
3868 23 22 0 0 0.23
3869 27 21 0 0 0.27
3870 24 27 0 0 0.24
3871 27 30 0 0 0.27
3872 27 18 0 0 0.27
3873 26 18 0 0 0.26
3874 20 27 0 0 0.2
3875 16 36 0 0 0.16
3876 30 29 0 0 0.3
3877 29 28 0 0 0.29
3878 33 22 0 0 0.33
3879 24 32 0 0 0.24
3880 18 32 0 0 0.18
3881 24 26 0 0 0.24
3882 31 17 0 0 0.31
3883 36 17 0 0 0.36
3884 24 32 0 0 0.24
3885 16 37 0 0 0.16
3886 20 25 0 0 0.2
3887 27 11 0 0 0.27
3888 23 15 0 0 0.23
3889 23 17 0 0 0.23
3890 13 27 0 0 0.13
3891 13 23 0 0 0.13
3892 15 16 0 0 0.15
3893 20 10 0 0 0.2
3894 18 21 0 0 0.18
3895 21 26 0 0 0.21
3896 25 26 0 0 0.25
3897 25 26 0 0 0.25
3898 16 19 0 0 0.16
3899 19 23 0 0 0.19
3900 23 14 0 0 0.23
3901 20 13 0 0 0.2
3902 19 14 0 0 0.19
3903 21 22 0 0 0.21
3904 13 27 0 0 0.13
3905 15 19 0 0 0.15
3906 16 10 0 0 0.16
3907 21 7 0 0 0.21
3908 16 10 0 0 0.16
3909 10 17 0 0 0.1
3910 5 20 0 0 0.05
3911 5 17 0 0 0.05
3912 9 9 0 0 0.09
3913 13 8 0 0 0.13
3914 13 5 0 0 0.13
3915 17 6 0 0 0.17
3916 14 7 0 0 0.14
3917 13 10 0 0 0.13
3918 9 9 0 0 0.09
3919 2 12 0 0 0.02
3920 3 16 0 0 0.03
3921 1 17 0 0 0.01
3922 3 14 0 0 0.03
3923 5 4 0 0 0.05
3924 17 3 0 0 0.17
3925 21 5 0 0 0.21
3926 18 9 0 0 0.18
3927 12 14 0 0 0.12
3928 12 16 0 0 0.12
3929 20 15 0 0 0.2
3930 13 22 0 0 0.13
3931 17 35 0 0 0.17
3932 25 23 0 0 0.25
3933 29 19 0 0 0.29
3934 27 22 0 0 0.27
3935 24 31 0 0 0.24
3936 25 35 0 0 0.25
3937 32 24 0 0 0.32
3938 37 24 0 0 0.37
3939 27 36 0 0 0.27
3940 22 37 0 0 0.22
3941 30 30 0 0 0.3
3942 38 27 0 0 0.38
3943 42 30 0 0 0.42
3944 28 40 0 0 0.28
3945 25 39 0 0 0.25
3946 29 38 0 0 0.29
3947 37 21 0 0 0.37
3948 38 23 0 0 0.38
3949 25 31 0 0 0.25
3950 20 44 0 0 0.2
3951 39 30 0 0 0.39
3952 48 22 0 0 0.48
3953 29 26 0 0 0.29
3954 21 33 0 0 0.21
3955 26 35 0 0 0.26
3956 32 20 0 0 0.32
3957 27 16 0 0 0.27
3958 27 23 0 0 0.27
3959 22 21 0 0 0.22
3960 20 22 0 0 0.2
3961 22 26 0 0 0.22
3962 29 31 0 0 0.29
3963 37 29 0 0 0.37
3964 38 28 0 0 0.38
3965 28 28 0 0 0.28
3966 26 31 0 0 0.26
3967 27 36 0 0 0.27
3968 31 33 0 0 0.31
3969 41 28 0 0 0.41
3970 40 25 0 0 0.4
3971 34 34 0 0 0.34
3972 29 40 0 0 0.29
3973 30 33 0 0 0.3
3974 33 32 0 0 0.33
3975 32 31 0 0 0.32
3976 38 32 0 0 0.38
3977 34 33 0 0 0.34
3978 32 35 0 0 0.32
3979 34 37 0 0 0.34
3980 36 33 0 0 0.36
3981 31 31 0 0 0.31
3982 35 35 0 0 0.35
3983 26 29 0 0 0.26
3984 26 28 0 0 0.26
3985 32 22 0 0 0.32
3986 25 26 0 0 0.25
3987 23 28 0 0 0.23
3988 28 28 0 0 0.28
3989 27 27 0 0 0.27
3990 24 30 0 0 0.24
3991 21 27 0 0 0.21
3992 36 29 0 0 0.36
3993 36 22 0 0 0.36
3994 33 32 0 0 0.33
3995 27 36 0 0 0.27
3996 25 39 0 0 0.25
3997 27 19 0 0 0.27
3998 36 19 0 0 0.36
3999 27 26 0 0 0.27
4000 23 35 0 0 0.23
4001 21 28 0 0 0.21
4002 32 23 0 0 0.32
4003 28 21 0 0 0.28
4004 27 24 0 0 0.27
4005 19 30 0 0 0.19
4006 24 30 0 0 0.24
4007 25 34 0 0 0.25
4008 31 24 0 0 0.31
4009 33 22 0 0 0.33
4010 20 31 0 0 0.2
4011 24 32 0 0 0.24
4012 30 32 0 0 0.3
4013 37 31 0 0 0.37
4014 42 24 0 0 0.42
4015 35 35 0 0 0.35
4016 26 41 0 0 0.26
4017 28 38 0 0 0.28
4018 34 24 0 0 0.34
4019 34 23 0 0 0.34
4020 30 33 0 0 0.3
4021 22 40 0 0 0.22
4022 32 31 0 0 0.32
4023 37 24 0 0 0.37
4024 42 28 0 0 0.42
4025 28 35 0 0 0.28
4026 25 36 0 0 0.25
4027 23 24 0 0 0.23
4028 27 18 0 0 0.27
4029 25 21 0 0 0.25
4030 22 30 0 0 0.22
4031 22 23 0 0 0.22
4032 14 22 0 0 0.14
4033 15 21 0 0 0.15
4034 16 21 0 0 0.16
4035 19 19 0 0 0.19
4036 21 17 0 0 0.21
4037 19 9 0 0 0.19
4038 16 12 0 0 0.16
4039 14 20 0 0 0.14
4040 12 25 0 0 0.12
4041 20 16 0 0 0.2
4042 20 17 0 0 0.2
4043 27 13 0 0 0.27
4044 24 21 0 0 0.24
4045 13 33 0 0 0.13
4046 13 31 0 0 0.13
4047 19 18 0 0 0.19
4048 34 10 0 0 0.34
4049 27 14 0 0 0.27
4050 12 28 0 0 0.12
4051 15 37 0 0 0.15
4052 22 31 0 0 0.22
4053 37 16 0 0 0.37
4054 32 15 0 0 0.32
4055 19 22 0 0 0.19
4056 19 33 0 0 0.19
4057 17 27 0 0 0.17
4058 27 21 0 0 0.27
4059 29 17 0 0 0.29
4060 25 20 0 0 0.25
4061 18 24 0 0 0.18
4062 18 34 0 0 0.18
4063 21 25 0 0 0.21
4064 28 16 0 0 0.28
4065 28 12 0 0 0.28
4066 25 20 0 0 0.25
4067 15 26 0 0 0.15
4068 14 28 0 0 0.14
4069 15 21 0 0 0.15
4070 17 13 0 0 0.17
4071 22 14 0 0 0.22
4072 26 15 0 0 0.26
4073 15 18 0 0 0.15
4074 16 24 0 0 0.16
4075 15 23 0 0 0.15
4076 23 14 0 0 0.23
4077 19 3 0 0 0.19
4078 15 4 0 0 0.15
4079 9 10 0 0 0.09
4080 5 10 0 0 0.05
4081 7 22 0 0 0.07
4082 5 11 0 0 0.05
4083 8 4 0 0 0.08
4084 14 2 0 0 0.14
4085 10 2 0 0 0.1
4086 7 5 0 0 0.07
4087 6 5 0 0 0.06
4088 1 6 0 0 0.01
4089 0 9 0 0 0
4090 0 9 0 0 0
4091 0 6 0 0 0
4092 0 5 0 0 0
4093 0 0 0 0 0
4094 0 0 0 0 0
4095 0 0 0 0 0
4096 0 0 0 0 0
4097 0 0 0 0 0
4098 0 0 0 0 0
4099 0 0 0 0 0
4100 0 0 0 0 0
4101 0 0 0 0 0
4102 0 0 0 0 0
4103 0 0 0 0 0
