1 331 21 28 0.148036
2 326 11 17 0.0858896
3 294 3 3 0.0204082
4 291 10 0 0.0343643
5 365 10 1 0.030137
6 314 11 3 0.044586
7 274 10 4 0.0510949
8 295 12 9 0.0711864
9 317 8 7 0.0473186
10 284 6 16 0.0774648
11 271 10 10 0.0738007
12 270 14 16 0.111111
13 244 12 15 0.110656
14 267 15 28 0.161049
15 290 14 19 0.113793
16 272 14 14 0.102941
17 255 22 14 0.141176
18 243 20 18 0.156379
19 261 20 17 0.141762
20 255 21 24 0.176471
21 267 20 17 0.138577
22 250 17 17 0.136
23 274 23 22 0.164234
24 238 14 21 0.147059
25 252 24 16 0.15873
26 253 17 17 0.134387
27 227 16 15 0.136564
28 244 22 21 0.17623
29 252 18 16 0.134921
30 234 18 20 0.162393
31 197 17 17 0.172589
32 215 16 20 0.167442
33 208 22 26 0.230769
34 227 14 15 0.127753
35 212 22 21 0.20283
36 226 15 23 0.168142
37 209 18 12 0.143541
38 190 21 24 0.236842
39 204 19 16 0.171569
40 196 21 20 0.209184
41 210 19 18 0.17619
42 240 24 26 0.208333
43 202 16 15 0.153465
44 230 22 24 0.2
45 238 21 11 0.134454
46 205 21 19 0.195122
47 210 16 24 0.190476
48 214 15 17 0.149533
49 224 17 23 0.178571
50 203 28 13 0.20197
51 215 21 18 0.181395
52 187 11 21 0.171123
53 221 21 26 0.21267
54 207 26 16 0.202899
55 231 23 22 0.194805
56 232 13 20 0.142241
57 180 17 17 0.188889
58 187 17 15 0.171123
59 172 22 14 0.209302
60 166 25 21 0.277108
61 207 6 26 0.154589
62 160 12 19 0.19375
63 168 27 15 0.25
64 169 21 16 0.218935
65 169 23 15 0.224852
66 135 11 16 0.2
67 134 13 19 0.238806
68 147 15 18 0.22449
69 176 20 19 0.221591
70 172 27 20 0.273256
71 202 14 21 0.173267
72 184 16 22 0.206522
73 198 16 17 0.166667
74 148 20 13 0.222973
75 149 18 14 0.214765
76 171 19 23 0.245614
77 182 20 28 0.263736
78 203 22 14 0.17734
79 166 26 21 0.283133
80 239 21 21 0.175732
81 186 18 22 0.215054
82 203 13 22 0.172414
83 171 16 17 0.192982
84 168 23 21 0.261905
85 166 27 15 0.253012
86 195 20 19 0.2
87 183 20 21 0.224044
88 180 15 28 0.238889
89 189 20 14 0.179894
90 168 20 16 0.214286
91 170 21 17 0.223529
92 176 14 18 0.181818
93 165 17 21 0.230303
94 182 16 22 0.208791
95 158 17 11 0.177215
96 157 26 16 0.267516
97 165 16 11 0.163636
98 162 15 21 0.222222
99 158 16 23 0.246835
100 213 19 28 0.220657
101 184 22 18 0.217391
102 193 20 13 0.170984
103 167 21 20 0.245509
104 172 15 21 0.209302
105 199 16 24 0.201005
106 190 25 16 0.215789
107 189 27 16 0.227513
108 213 24 19 0.201878
109 206 15 26 0.199029
110 212 17 20 0.174528
111 192 20 13 0.171875
112 152 23 17 0.263158
113 201 19 25 0.218905
114 221 15 27 0.190045
115 187 14 24 0.203209
116 169 23 12 0.207101
117 156 27 14 0.262821
118 181 18 23 0.226519
119 167 10 20 0.179641
120 156 18 17 0.224359
121 169 24 15 0.230769
122 157 12 16 0.178344
123 149 19 14 0.221477
124 166 17 19 0.216867
125 149 16 20 0.241611
126 173 20 16 0.208092
127 185 14 21 0.189189
128 182 15 19 0.186813
129 161 20 16 0.223602
130 170 22 15 0.217647
131 159 25 19 0.27673
132 171 18 17 0.204678
133 195 19 22 0.210256
134 176 17 23 0.227273
135 177 15 19 0.19209
136 158 15 20 0.221519
137 174 23 13 0.206897
138 163 18 21 0.239264
139 168 16 23 0.232143
140 187 23 20 0.229947
141 203 18 13 0.152709
142 208 22 17 0.1875
143 174 17 18 0.201149
144 164 20 22 0.256098
145 215 24 25 0.227907
146 226 25 16 0.181416
147 237 16 21 0.156118
148 214 25 31 0.261682
149 239 22 20 0.175732
150 248 23 20 0.173387
151 189 19 20 0.206349
152 237 21 24 0.189873
153 230 12 16 0.121739
154 191 21 14 0.183246
155 166 24 13 0.222892
156 149 15 15 0.201342
157 166 16 28 0.26506
158 213 14 27 0.192488
159 185 18 14 0.172973
160 151 20 10 0.198675
161 124 19 12 0.25
162 131 18 17 0.267176
163 158 13 24 0.234177
164 158 15 20 0.221519
165 158 24 16 0.253165
166 160 21 21 0.2625
167 179 15 15 0.167598
168 138 18 14 0.231884
169 166 16 28 0.26506
170 184 16 21 0.201087
171 176 20 14 0.193182
172 136 24 15 0.286765
173 180 20 18 0.211111
174 147 15 19 0.231293
175 168 15 31 0.27381
176 186 24 14 0.204301
177 161 26 9 0.217391
178 219 19 21 0.182648
179 181 11 25 0.198895
180 183 18 28 0.251366
181 192 20 13 0.171875
182 176 25 10 0.198864
183 191 23 21 0.230366
184 170 12 30 0.247059
185 217 18 28 0.211982
186 205 34 10 0.214634
187 225 25 14 0.173333
188 194 13 21 0.175258
189 152 15 27 0.276316
190 198 17 19 0.181818
191 167 22 15 0.221557
192 208 24 17 0.197115
193 181 13 26 0.21547
194 190 18 22 0.210526
195 172 18 16 0.197674
196 162 22 18 0.246914
197 151 22 9 0.205298
198 155 20 21 0.264516
199 173 9 28 0.213873
200 176 13 25 0.215909
201 162 20 10 0.185185
202 141 23 7 0.212766
203 151 22 8 0.198675
204 133 15 16 0.233083
205 124 11 24 0.282258
206 149 5 20 0.167785
207 102 8 11 0.186275
208 95 17 15 0.336842
209 109 16 11 0.247706
210 114 20 11 0.27193
211 122 16 12 0.229508
212 120 12 22 0.283333
213 132 17 19 0.272727
214 134 17 15 0.238806
215 155 22 18 0.258065
216 163 20 16 0.220859
217 161 19 23 0.26087
218 173 15 20 0.202312
219 151 23 14 0.245033
220 148 16 19 0.236486
221 167 20 20 0.239521
222 159 13 19 0.201258
223 153 9 18 0.176471
224 136 19 17 0.264706
225 150 27 15 0.28
226 177 25 14 0.220339
227 199 14 26 0.201005
228 174 14 20 0.195402
229 167 12 15 0.161677
230 133 26 10 0.270677
231 146 19 10 0.19863
232 123 8 16 0.195122
233 113 11 28 0.345133
234 138 9 22 0.224638
235 118 12 6 0.152542
236 100 22 6 0.28
237 101 16 7 0.227723
238 99 11 11 0.222222
239 107 12 19 0.28972
240 96 7 19 0.270833
241 96 9 12 0.21875
242 94 10 9 0.202128
243 75 10 10 0.266667
244 68 16 11 0.397059
245 122 24 14 0.311475
246 153 21 17 0.248366
247 162 21 24 0.277778
248 192 18 18 0.1875
249 194 21 18 0.201031
250 167 23 16 0.233533
251 191 18 25 0.225131
252 195 9 18 0.138462
253 161 13 21 0.21118
254 140 24 16 0.285714
255 158 21 13 0.21519
256 132 13 15 0.212121
257 133 15 16 0.233083
258 138 14 16 0.217391
259 133 18 18 0.270677
260 151 15 13 0.18543
261 145 16 18 0.234483
262 147 21 18 0.265306
263 153 18 21 0.254902
264 152 15 17 0.210526
265 172 24 15 0.226744
266 156 19 15 0.217949
267 151 11 23 0.225166
268 148 18 24 0.283784
269 182 18 18 0.197802
270 170 25 15 0.235294
271 181 19 19 0.209945
272 190 19 19 0.2
273 167 12 19 0.185629
274 168 22 20 0.25
275 162 16 13 0.179012
276 194 28 23 0.262887
277 183 17 18 0.191257
278 189 14 18 0.169312
279 149 10 23 0.221477
280 177 25 23 0.271186
281 162 26 11 0.228395
282 199 21 15 0.180905
283 156 13 21 0.217949
284 171 12 25 0.216374
285 151 14 18 0.211921
286 149 22 9 0.208054
287 143 29 10 0.272727
288 146 14 18 0.219178
289 147 9 26 0.238095
290 155 12 23 0.225806
291 166 22 15 0.222892
292 179 25 11 0.201117
293 154 19 17 0.233766
294 128 14 17 0.242188
295 160 9 21 0.1875
296 120 11 16 0.225
297 118 14 16 0.254237
298 124 32 8 0.322581
299 147 26 14 0.272109
300 167 8 31 0.233533
301 158 7 24 0.196203
302 139 15 16 0.223022
303 156 34 13 0.301282
304 177 27 15 0.237288
305 202 11 34 0.222772
306 201 18 26 0.218905
307 192 23 14 0.192708
308 177 33 14 0.265537
309 227 20 24 0.193833
310 182 8 29 0.203297
311 211 14 26 0.189573
312 191 14 12 0.136126
313 148 27 7 0.22973
314 145 22 8 0.206897
315 126 17 13 0.238095
316 130 11 18 0.223077
317 155 15 30 0.290323
318 157 15 13 0.178344
319 149 18 18 0.241611
320 155 20 12 0.206452
321 146 20 23 0.294521
322 193 19 17 0.186528
323 197 21 27 0.243655
324 205 23 23 0.22439
325 206 22 22 0.213592
326 231 32 21 0.229437
327 259 16 20 0.138996
328 233 17 26 0.184549
329 212 20 20 0.188679
330 198 31 23 0.272727
331 252 25 24 0.194444
332 261 19 25 0.168582
333 224 18 22 0.178571
334 230 25 16 0.178261
335 202 27 21 0.237624
336 226 18 21 0.172566
337 222 15 26 0.184685
338 224 19 26 0.200893
339 203 22 18 0.197044
340 213 27 14 0.192488
341 219 22 13 0.159817
342 172 15 26 0.238372
343 185 11 22 0.178378
344 194 21 23 0.226804
345 160 24 11 0.21875
346 177 18 14 0.180791
347 157 10 19 0.184713
348 144 16 21 0.256944
349 149 14 19 0.221477
350 152 16 13 0.190789
351 127 32 14 0.362205
352 199 17 20 0.18593
353 159 14 24 0.238994
354 172 15 25 0.232558
355 178 17 12 0.162921
356 187 24 13 0.197861
357 174 21 19 0.229885
358 194 23 20 0.221649
359 169 13 20 0.195266
360 173 15 16 0.179191
361 152 20 23 0.282895
362 193 18 20 0.196891
363 167 28 19 0.281437
364 206 17 23 0.194175
365 209 15 18 0.157895
366 154 17 15 0.207792
367 147 18 16 0.231293
368 148 17 15 0.216216
369 160 14 19 0.20625
370 151 17 20 0.245033
371 178 25 18 0.241573
372 170 24 14 0.223529
373 174 21 22 0.247126
374 187 14 30 0.235294
375 205 18 18 0.17561
376 186 24 14 0.204301
377 174 19 14 0.189655
378 178 14 15 0.162921
379 130 13 22 0.269231
380 149 13 22 0.234899
381 162 17 18 0.216049
382 138 17 13 0.217391
383 142 29 13 0.295775
384 168 23 21 0.261905
385 165 17 31 0.290909
386 203 13 22 0.172414
387 173 21 13 0.196532
388 169 33 19 0.307692
389 195 17 30 0.241026
390 193 15 23 0.196891
391 218 29 20 0.224771
392 218 24 14 0.174312
393 230 20 11 0.134783
394 176 15 22 0.210227
395 169 11 25 0.213018
396 172 20 18 0.22093
397 168 19 12 0.184524
398 153 18 12 0.196078
399 143 18 18 0.251748
400 134 16 21 0.276119
401 143 10 15 0.174825
402 124 11 10 0.169355
403 89 9 12 0.235955
404 73 9 10 0.260274
405 83 17 16 0.39759
406 117 19 19 0.324786
407 148 19 13 0.216216
408 142 21 18 0.274648
409 153 17 16 0.215686
410 145 16 24 0.275862
411 185 19 24 0.232432
412 188 18 17 0.18617
413 161 25 15 0.248447
414 180 26 14 0.222222
415 204 11 30 0.20098
416 187 15 32 0.251337
417 188 14 9 0.12234
418 146 26 13 0.267123
419 146 23 12 0.239726
420 180 17 23 0.222222
421 173 15 27 0.242775
422 206 19 22 0.199029
423 199 28 12 0.201005
424 205 25 17 0.204878
425 230 16 23 0.169565
426 197 13 25 0.192893
427 167 14 21 0.209581
428 148 25 11 0.243243
429 194 24 17 0.21134
430 180 11 23 0.188889
431 131 9 22 0.236641
432 136 12 11 0.169118
433 87 19 7 0.298851
434 124 20 8 0.225806
435 116 11 15 0.224138
436 112 13 16 0.258929
437 109 8 19 0.247706
438 112 19 14 0.294643
439 122 21 9 0.245902
440 121 14 10 0.198347
441 124 13 21 0.274194
442 118 9 17 0.220339
443 135 18 20 0.281481
444 138 17 11 0.202899
445 146 23 15 0.260274
446 156 12 20 0.205128
447 133 17 17 0.255639
448 166 24 28 0.313253
449 178 15 16 0.174157
450 171 23 20 0.251462
451 150 18 17 0.233333
452 182 22 14 0.197802
453 160 15 19 0.2125
454 166 15 18 0.198795
455 148 19 23 0.283784
456 167 23 20 0.257485
457 189 24 23 0.248677
458 236 22 27 0.207627
459 239 15 19 0.142259
460 200 20 19 0.195
461 186 28 20 0.258065
462 231 22 15 0.160173
463 181 16 22 0.209945
464 183 20 28 0.262295
465 191 25 14 0.204188
466 200 25 19 0.22
467 194 19 20 0.201031
468 190 20 26 0.242105
469 216 15 22 0.171296
470 211 23 22 0.21327
471 182 26 17 0.236264
472 246 20 22 0.170732
473 206 14 19 0.160194
474 192 20 26 0.239583
475 182 17 18 0.192308
476 204 26 13 0.191176
477 178 17 16 0.185393
478 187 18 23 0.219251
479 199 18 26 0.221106
480 191 22 13 0.183246
481 180 28 18 0.255556
482 216 17 18 0.162037
483 150 19 24 0.286667
484 188 13 24 0.196809
485 174 17 21 0.218391
486 181 16 14 0.165746
487 146 24 7 0.212329
488 145 19 19 0.262069
489 126 9 14 0.18254
490 125 8 18 0.208
491 123 8 18 0.211382
492 118 15 9 0.20339
493 101 19 11 0.29703
494 136 29 12 0.301471
495 162 14 18 0.197531
496 118 8 21 0.245763
497 135 8 14 0.162963
498 91 11 14 0.274725
499 75 13 10 0.306667
500 83 9 10 0.228916
501 78 14 6 0.25641
502 71 21 7 0.394366
503 99 15 8 0.232323
504 91 7 16 0.252747
505 84 5 22 0.321429
506 125 11 22 0.264
507 121 14 15 0.239669
508 134 27 12 0.291045
509 142 25 13 0.267606
510 164 22 17 0.237805
511 165 17 23 0.242424
512 204 17 29 0.22549
513 193 24 19 0.222798
514 201 23 19 0.208955
515 217 18 18 0.165899
516 203 18 23 0.20197
517 210 14 19 0.157143
518 171 20 17 0.216374
519 181 25 15 0.220994
520 172 22 18 0.232558
521 178 17 20 0.207865
522 172 18 23 0.238372
523 218 22 22 0.201835
524 195 21 20 0.210256
525 211 20 27 0.222749
526 232 27 22 0.211207
527 235 21 19 0.170213
528 230 14 19 0.143478
529 183 14 22 0.196721
530 166 19 19 0.228916
531 177 25 20 0.254237
532 184 23 23 0.25
533 255 22 32 0.211765
534 233 18 12 0.128755
535 240 24 19 0.179167
536 191 19 13 0.167539
537 175 20 23 0.245714
538 170 21 22 0.252941
539 206 26 23 0.237864
540 220 21 19 0.181818
541 195 14 17 0.158974
542 183 26 28 0.295082
543 208 19 21 0.192308
544 204 15 15 0.147059
545 170 24 12 0.211765
546 198 16 11 0.136364
547 148 14 24 0.256757
548 112 9 17 0.232143
549 149 15 22 0.248322
550 140 19 14 0.235714
551 147 23 18 0.278912
552 155 24 17 0.264516
553 185 12 23 0.189189
554 169 19 22 0.242604
555 197 15 19 0.172589
556 183 24 16 0.218579
557 186 24 15 0.209677
558 174 9 21 0.172414
559 152 15 16 0.203947
560 133 16 13 0.218045
561 143 30 23 0.370629
562 200 21 22 0.215
563 180 16 22 0.211111
564 165 13 15 0.169697
565 139 16 15 0.223022
566 123 17 12 0.235772
567 117 11 12 0.196581
568 103 11 13 0.23301
569 94 12 19 0.329787
570 112 14 16 0.267857
571 115 17 8 0.217391
572 116 15 12 0.232759
573 135 19 15 0.251852
574 130 14 15 0.223077
575 147 11 20 0.210884
576 112 12 18 0.267857
577 107 17 12 0.271028
578 115 18 13 0.269565
579 143 21 16 0.258741
580 145 12 18 0.206897
581 117 13 17 0.25641
582 171 20 19 0.22807
583 145 22 16 0.262069
584 199 21 19 0.201005
585 188 21 21 0.223404
586 186 20 19 0.209677
587 178 18 18 0.202247
588 185 18 20 0.205405
589 156 15 22 0.237179
590 204 24 18 0.205882
591 188 22 17 0.207447
592 232 23 30 0.228448
593 233 17 23 0.171674
594 258 20 19 0.151163
595 172 20 11 0.180233
596 191 26 23 0.256545
597 206 9 20 0.140777
598 211 21 26 0.222749
599 183 23 14 0.202186
600 189 30 15 0.238095
601 204 20 22 0.205882
602 205 15 22 0.180488
603 188 18 25 0.228723
604 215 23 16 0.181395
605 197 22 22 0.22335
606 211 13 21 0.161137
607 167 21 28 0.293413
608 223 18 17 0.156951
609 194 28 11 0.201031
610 194 26 17 0.221649
611 192 11 26 0.192708
612 203 10 28 0.187192
613 179 19 17 0.201117
614 156 23 8 0.198718
615 151 25 11 0.238411
616 153 16 17 0.215686
617 129 10 23 0.255814
618 162 12 29 0.253086
619 147 20 16 0.244898
620 154 29 10 0.253247
621 180 21 12 0.183333
622 160 12 22 0.2125
623 176 14 27 0.232955
624 185 18 21 0.210811
625 182 21 15 0.197802
626 196 19 19 0.193878
627 203 14 19 0.162562
628 179 20 20 0.223464
629 174 21 12 0.189655
630 155 22 14 0.232258
631 148 15 19 0.22973
632 157 16 21 0.235669
633 179 17 26 0.240223
634 174 16 13 0.166667
635 161 25 10 0.217391
636 145 20 13 0.227586
637 128 12 20 0.25
638 130 11 24 0.269231
639 150 10 21 0.206667
640 138 24 10 0.246377
641 133 14 9 0.172932
642 110 16 7 0.209091
643 111 10 13 0.207207
644 89 8 15 0.258427
645 95 11 17 0.294737
646 114 17 17 0.298246
647 110 21 12 0.3
648 162 15 17 0.197531
649 126 18 16 0.269841
650 156 19 19 0.24359
651 190 19 17 0.189474
652 162 18 19 0.228395
653 181 25 26 0.281768
654 208 22 14 0.173077
655 176 14 18 0.181818
656 158 14 22 0.227848
657 154 15 19 0.220779
658 184 23 23 0.25
659 183 19 9 0.153005
660 172 26 19 0.261628
661 199 14 19 0.165829
662 154 15 29 0.285714
663 172 13 23 0.209302
664 194 23 11 0.175258
665 131 25 5 0.229008
666 147 17 14 0.210884
667 119 12 20 0.268908
668 171 10 29 0.22807
669 183 12 18 0.163934
670 140 27 12 0.278571
671 133 22 8 0.225564
672 144 14 14 0.194444
673 111 12 25 0.333333
674 157 13 33 0.292994
675 177 20 11 0.175141
676 159 21 12 0.207547
677 142 22 10 0.225352
678 150 15 21 0.24
679 143 12 25 0.258741
680 144 13 18 0.215278
681 116 19 6 0.215517
682 119 19 12 0.260504
683 120 15 14 0.241667
684 131 17 23 0.305344
685 162 11 15 0.160494
686 147 17 27 0.29932
687 137 22 14 0.262774
688 174 27 20 0.270115
689 173 14 19 0.190751
690 190 19 18 0.194737
691 156 20 22 0.269231
692 170 17 20 0.217647
693 176 24 11 0.198864
694 184 20 20 0.217391
695 154 13 19 0.207792
696 145 14 15 0.2
697 138 18 17 0.253623
698 141 20 18 0.269504
699 176 29 25 0.306818
700 195 15 17 0.164103
701 176 16 22 0.215909
702 158 16 21 0.234177
703 180 24 12 0.2
704 174 20 14 0.195402
705 157 13 17 0.191083
706 167 18 23 0.245509
707 161 13 23 0.223602
708 152 15 14 0.190789
709 151 26 19 0.298013
710 173 22 19 0.236994
711 172 17 24 0.238372
712 165 17 13 0.181818
713 162 30 18 0.296296
714 202 14 19 0.163366
715 172 12 26 0.22093
716 186 12 18 0.16129
717 142 12 17 0.204225
718 126 22 9 0.246032
719 153 24 7 0.202614
720 113 19 10 0.256637
721 128 12 24 0.28125
722 114 5 22 0.236842
723 124 11 13 0.193548
724 88 14 15 0.329545
725 125 21 17 0.304
726 125 20 10 0.24
727 130 18 11 0.223077
728 160 17 24 0.25625
729 155 18 32 0.322581
730 214 25 12 0.172897
731 191 19 16 0.183246
732 166 21 14 0.210843
733 169 11 20 0.183432
734 136 9 24 0.242647
735 151 18 19 0.245033
736 149 16 9 0.167785
737 133 20 11 0.233083
738 148 21 19 0.27027
739 153 15 19 0.222222
740 161 14 22 0.223602
741 168 17 22 0.232143
742 177 22 17 0.220339
743 197 26 19 0.228426
744 225 24 18 0.186667
745 216 26 31 0.263889
746 229 15 20 0.152838
747 195 22 15 0.189744
748 187 16 15 0.165775
749 162 16 23 0.240741
750 160 17 17 0.2125
751 156 22 16 0.24359
752 162 22 23 0.277778
753 194 19 20 0.201031
754 186 16 21 0.198925
755 178 18 19 0.207865
756 167 23 15 0.227545
757 191 22 20 0.219895
758 177 19 22 0.231638
759 177 16 26 0.237288
760 214 21 16 0.172897
761 146 22 13 0.239726
762 165 15 16 0.187879
763 122 10 15 0.204918
764 133 7 24 0.233083
765 132 16 13 0.219697
766 131 27 15 0.320611
767 180 24 16 0.222222
768 176 17 23 0.227273
769 192 20 20 0.208333
770 200 17 19 0.18
771 170 17 19 0.211765
772 137 16 11 0.19708
773 129 19 19 0.294574
774 152 10 18 0.184211
775 144 17 15 0.222222
776 132 10 12 0.166667
777 137 14 17 0.226277
778 110 12 9 0.190909
779 114 20 12 0.280702
780 121 21 6 0.22314
781 123 10 13 0.186992
782 82 12 16 0.341463
783 119 12 21 0.277311
784 130 15 18 0.253846
785 149 23 17 0.268456
786 134 17 17 0.253731
787 166 20 19 0.23494
788 193 16 26 0.217617
789 184 25 15 0.217391
790 203 15 18 0.162562
791 205 27 19 0.22439
792 162 14 13 0.166667
793 163 16 24 0.245399
794 148 16 15 0.209459
795 163 15 17 0.196319
796 157 18 15 0.210191
797 128 13 13 0.203125
798 124 23 13 0.290323
799 129 13 19 0.248062
800 144 17 23 0.277778
801 172 13 23 0.209302
802 174 19 20 0.224138
803 169 24 8 0.189349
804 162 26 19 0.277778
805 187 16 27 0.229947
806 216 13 26 0.180556
807 206 20 15 0.169903
808 188 23 18 0.218085
809 176 22 17 0.221591
810 191 17 20 0.193717
811 184 11 27 0.206522
812 168 14 14 0.166667
813 168 22 14 0.214286
814 142 23 13 0.253521
815 157 13 21 0.216561
816 140 7 23 0.214286
817 129 11 16 0.209302
818 102 20 6 0.254902
819 105 25 9 0.32381
820 134 18 11 0.216418
821 123 10 15 0.203252
822 96 11 22 0.34375
823 145 14 17 0.213793
824 135 19 11 0.222222
825 166 22 10 0.192771
826 131 19 16 0.267176
827 150 15 16 0.206667
828 140 9 19 0.2
829 122 8 25 0.270492
830 148 19 23 0.283784
831 138 24 10 0.246377
832 140 19 7 0.185714
833 139 18 20 0.273381
834 132 9 15 0.181818
835 139 11 32 0.309353
836 172 23 21 0.255814
837 181 31 8 0.21547
838 159 22 12 0.213836
839 193 17 22 0.202073
840 130 2 23 0.192308
841 176 10 27 0.210227
842 132 21 10 0.234848
843 140 35 10 0.321429
844 152 13 13 0.171053
845 127 15 21 0.283465
846 133 13 23 0.270677
847 164 16 20 0.219512
848 146 15 13 0.191781
849 119 15 9 0.201681
850 122 24 14 0.311475
851 146 17 16 0.226027
852 140 11 17 0.2
853 158 18 21 0.246835
854 155 19 17 0.232258
855 176 23 16 0.221591
856 162 18 18 0.222222
857 194 19 29 0.247423
858 209 18 21 0.186603
859 195 18 15 0.169231
860 163 20 13 0.202454
861 181 18 26 0.243094
862 202 17 25 0.207921
863 184 19 19 0.206522
864 200 23 15 0.19
865 180 25 15 0.222222
866 165 19 18 0.224242
867 163 16 27 0.263804
868 221 20 29 0.221719
869 213 26 14 0.187793
870 220 23 17 0.181818
871 214 16 18 0.158879
872 187 13 16 0.15508
873 149 21 24 0.302013
874 167 18 24 0.251497
875 227 29 21 0.220264
876 212 15 17 0.150943
877 201 20 18 0.189055
878 172 20 21 0.238372
879 229 24 25 0.213974
880 206 16 17 0.160194
881 217 21 13 0.156682
882 157 24 19 0.273885
883 181 11 21 0.176796
884 151 14 20 0.225166
885 147 13 16 0.197279
886 133 22 15 0.278195
887 171 22 15 0.216374
888 151 15 15 0.198675
889 162 22 21 0.265432
890 153 10 17 0.176471
891 145 20 16 0.248276
892 163 19 22 0.251534
893 181 15 17 0.176796
894 154 22 14 0.233766
895 198 30 26 0.282828
896 219 19 25 0.200913
897 243 11 22 0.135802
898 198 15 18 0.166667
899 193 21 15 0.186528
900 181 23 11 0.187845
901 152 17 13 0.197368
902 143 15 22 0.258741
903 151 13 31 0.291391
904 202 20 12 0.158416
905 144 20 13 0.229167
906 171 20 20 0.233918
907 160 15 11 0.1625
908 127 16 19 0.275591
909 115 8 14 0.191304
910 116 16 12 0.241379
911 121 18 12 0.247934
912 114 16 11 0.236842
913 93 11 9 0.215054
914 88 6 19 0.284091
915 81 7 18 0.308642
916 96 12 16 0.291667
917 111 16 13 0.261261
918 116 16 9 0.215517
919 114 17 12 0.254386
920 125 20 19 0.312
921 144 16 23 0.270833
922 154 10 18 0.181818
923 154 15 11 0.168831
924 129 19 13 0.248062
925 121 21 18 0.322314
926 175 17 20 0.211429
927 146 17 19 0.246575
928 192 17 22 0.203125
929 157 20 12 0.203822
930 174 24 14 0.218391
931 167 21 16 0.221557
932 176 14 30 0.25
933 198 18 26 0.222222
934 221 23 14 0.167421
935 188 25 19 0.234043
936 231 24 23 0.203463
937 222 15 24 0.175676
938 210 15 25 0.190476
939 204 26 17 0.210784
940 216 21 13 0.157407
941 199 24 28 0.261307
942 194 15 19 0.175258
943 181 20 17 0.20442
944 199 20 25 0.226131
945 196 24 19 0.219388
946 198 21 21 0.212121
947 212 27 19 0.216981
948 221 21 22 0.19457
949 208 19 19 0.182692
950 182 11 16 0.148352
951 168 15 16 0.184524
952 152 12 20 0.210526
953 132 7 18 0.189394
954 116 17 13 0.258621
955 110 13 2 0.136364
956 77 13 3 0.207792
957 44 4 3 0.159091
958 57 9 10 0.333333
959 67 8 16 0.358209
960 77 13 12 0.324675
961 93 18 13 0.333333
962 123 19 17 0.292683
963 126 14 13 0.214286
964 145 14 25 0.268966
965 153 14 20 0.222222
966 171 22 12 0.19883
967 144 21 14 0.243056
968 174 20 14 0.195402
969 155 12 15 0.174194
970 146 16 26 0.287671
971 167 14 25 0.233533
972 198 24 16 0.20202
973 174 22 13 0.201149
974 207 21 20 0.198068
975 179 14 29 0.240223
976 186 14 14 0.150538
977 169 21 17 0.224852
978 161 19 9 0.173913
979 161 17 23 0.248447
980 165 19 25 0.266667
981 201 28 24 0.258706
982 215 22 22 0.204651
983 233 25 20 0.193133
984 248 17 24 0.165323
985 236 21 22 0.182203
986 216 22 19 0.189815
987 201 22 18 0.199005
988 212 18 20 0.179245
989 194 18 21 0.201031
990 175 26 21 0.268571
991 192 21 15 0.1875
992 193 13 20 0.170984
993 165 14 25 0.236364
994 194 18 22 0.206186
995 159 17 12 0.18239
996 181 31 13 0.243094
997 183 18 19 0.202186
998 153 15 26 0.267974
999 202 18 22 0.19802
1000 166 17 14 0.186747
1001 169 30 15 0.266272
1002 186 22 19 0.22043
1003 232 19 28 0.202586
1004 204 14 24 0.186275
1005 206 25 14 0.18932
1006 174 19 13 0.183908
1007 180 24 17 0.227778
1008 156 13 17 0.192308
1009 170 15 20 0.205882
1010 138 12 17 0.210145
1011 168 17 24 0.244048
1012 175 15 27 0.24
1013 225 20 12 0.142222
1014 164 20 12 0.195122
1015 147 24 16 0.272109
1016 168 13 22 0.208333
1017 149 12 19 0.208054
1018 163 16 24 0.245399
1019 149 16 12 0.187919
1020 153 23 12 0.228758
1021 150 26 17 0.286667
1022 164 16 17 0.20122
1023 178 19 29 0.269663
1024 165 9 18 0.163636
1025 175 18 20 0.217143
1026 159 26 16 0.264151
1027 222 29 21 0.225225
1028 215 15 26 0.190698
1029 189 15 18 0.174603
1030 171 15 15 0.175439
1031 169 28 19 0.278107
1032 181 22 14 0.198895
1033 147 15 12 0.183673
1034 121 10 21 0.256198
1035 121 13 21 0.280992
1036 155 21 16 0.23871
1037 171 23 18 0.239766
1038 180 18 16 0.188889
1039 169 17 29 0.272189
1040 199 15 14 0.145729
1041 161 21 17 0.236025
1042 154 19 10 0.188312
1043 146 17 17 0.232877
1044 160 14 21 0.21875
1045 160 12 22 0.2125
1046 120 14 18 0.266667
1047 144 28 13 0.284722
1048 163 15 12 0.165644
1049 164 25 23 0.292683
1050 171 14 21 0.204678
1051 182 17 28 0.247253
1052 239 24 20 0.1841
1053 209 24 19 0.205742
1054 203 22 14 0.17734
1055 196 18 23 0.209184
1056 184 15 24 0.211957
1057 192 20 22 0.21875
1058 183 20 13 0.180328
1059 159 21 18 0.245283
1060 188 19 20 0.207447
1061 191 28 26 0.282723
1062 225 18 20 0.168889
1063 180 18 16 0.188889
1064 176 23 20 0.244318
1065 196 19 17 0.183673
1066 178 22 24 0.258427
1067 190 21 18 0.205263
1068 210 16 12 0.133333
1069 142 18 16 0.239437
1070 177 15 24 0.220339
1071 170 16 27 0.252941
1072 179 22 20 0.234637
1073 222 26 16 0.189189
1074 218 23 24 0.215596
1075 202 17 22 0.193069
1076 222 22 24 0.207207
1077 193 17 15 0.165803
1078 206 29 17 0.223301
1079 215 17 20 0.172093
1080 202 16 22 0.188119
1081 155 15 20 0.225806
1082 157 21 20 0.261146
1083 201 33 15 0.238806
1084 196 17 16 0.168367
1085 207 14 33 0.227053
1086 191 12 26 0.198953
1087 201 30 16 0.228856
1088 209 25 16 0.196172
1089 227 18 19 0.162996
1090 179 12 22 0.189944
1091 183 19 21 0.218579
1092 166 18 15 0.198795
1093 162 21 15 0.222222
1094 147 21 16 0.251701
1095 177 12 21 0.186441
1096 142 15 23 0.267606
1097 173 18 19 0.213873
1098 171 29 15 0.25731
1099 188 24 24 0.255319
1100 197 17 19 0.182741
1101 193 17 17 0.176166
1102 177 20 28 0.271186
1103 207 21 17 0.183575
1104 183 23 16 0.213115
1105 202 25 20 0.222772
1106 206 17 29 0.223301
1107 213 15 20 0.164319
1108 189 22 13 0.185185
1109 168 24 14 0.22619
1110 179 13 18 0.173184
1111 125 11 21 0.256
1112 145 14 17 0.213793
1113 141 27 18 0.319149
1114 169 24 17 0.242604
1115 192 15 21 0.1875
1116 161 15 16 0.192547
1117 131 11 20 0.236641
1118 147 16 18 0.231293
1119 133 20 12 0.240602
1120 180 32 21 0.294444
1121 194 15 25 0.206186
1122 213 14 23 0.173709
1123 172 15 19 0.197674
1124 162 26 13 0.240741
1125 166 25 12 0.222892
1126 219 22 34 0.255708
1127 215 15 26 0.190698
1128 224 22 21 0.191964
1129 201 30 13 0.21393
1130 223 19 16 0.156951
1131 175 13 26 0.222857
1132 174 11 22 0.189655
1133 177 17 22 0.220339
1134 161 26 9 0.217391
1135 189 32 16 0.253968
1136 197 14 18 0.162437
1137 173 12 30 0.242775
1138 172 16 17 0.19186
1139 161 22 13 0.217391
1140 138 20 11 0.224638
1141 147 17 26 0.292517
1142 180 11 20 0.172222
1143 160 17 20 0.23125
1144 198 27 11 0.191919
1145 170 25 15 0.235294
1146 194 19 24 0.221649
1147 189 11 27 0.201058
1148 194 18 21 0.201031
1149 180 23 8 0.172222
1150 176 25 18 0.244318
1151 162 10 16 0.160494
1152 149 17 31 0.322148
1153 174 15 17 0.183908
1154 173 25 16 0.236994
1155 186 23 17 0.215054
1156 194 20 26 0.237113
1157 177 16 22 0.214689
1158 200 21 20 0.205
1159 190 21 15 0.189474
1160 165 18 19 0.224242
1161 140 14 13 0.192857
1162 158 17 24 0.259494
1163 171 20 20 0.233918
1164 186 25 24 0.263441
1165 210 21 19 0.190476
1166 225 26 20 0.204444
1167 208 16 18 0.163462
1168 208 22 26 0.230769
1169 218 26 21 0.215596
1170 235 22 22 0.187234
1171 267 17 20 0.138577
1172 196 18 19 0.188776
1173 184 20 21 0.222826
1174 206 15 30 0.218447
1175 217 22 21 0.198157
1176 174 23 8 0.178161
1177 210 25 14 0.185714
1178 193 17 17 0.176166
1179 205 23 26 0.239024
1180 213 21 21 0.197183
1181 203 19 20 0.192118
1182 210 22 20 0.2
1183 209 18 28 0.220096
1184 192 17 20 0.192708
1185 203 21 17 0.187192
1186 168 22 17 0.232143
1187 165 17 14 0.187879
1188 154 15 23 0.246753
1189 157 13 14 0.171975
1190 132 19 21 0.30303
1191 130 17 14 0.238462
1192 155 23 20 0.277419
1193 150 12 20 0.213333
1194 149 16 16 0.214765
1195 129 23 13 0.27907
1196 149 20 14 0.228188
1197 173 17 17 0.196532
1198 123 17 19 0.292683
1199 153 16 22 0.248366
1200 181 22 27 0.270718
1201 220 20 10 0.136364
1202 167 28 18 0.275449
1203 220 17 18 0.159091
1204 171 12 22 0.19883
1205 220 19 32 0.231818
1206 209 13 16 0.138756
1207 173 27 16 0.248555
1208 199 23 16 0.19598
1209 223 16 20 0.161435
1210 177 14 23 0.20904
1211 172 18 20 0.22093
1212 189 22 17 0.206349
1213 168 19 11 0.178571
1214 147 17 17 0.231293
1215 145 20 22 0.289655
1216 189 17 19 0.190476
1217 181 13 15 0.154696
1218 116 19 13 0.275862
1219 120 22 14 0.3
1220 119 16 15 0.260504
1221 156 14 23 0.237179
1222 139 13 23 0.258993
1223 175 23 16 0.222857
1224 178 20 19 0.219101
1225 183 16 19 0.191257
1226 171 18 21 0.22807
1227 170 16 23 0.229412
1228 199 27 16 0.21608
1229 205 17 16 0.160976
1230 166 19 19 0.228916
1231 154 17 21 0.246753
1232 199 23 19 0.211055
1233 188 24 25 0.260638
1234 215 15 23 0.176744
1235 196 18 18 0.183673
1236 193 20 23 0.222798
1237 184 20 17 0.201087
1238 175 21 20 0.234286
1239 194 16 20 0.185567
1240 191 25 17 0.219895
1241 183 22 15 0.202186
1242 175 21 19 0.228571
1243 194 16 23 0.201031
1244 199 23 30 0.266332
1245 184 19 15 0.184783
1246 189 23 20 0.227513
1247 192 27 13 0.208333
1248 232 16 30 0.198276
1249 222 19 26 0.202703
1250 236 27 20 0.199153
1251 215 22 17 0.181395
1252 234 19 21 0.17094
1253 217 23 21 0.202765
1254 205 20 25 0.219512
1255 214 17 19 0.168224
1256 180 22 13 0.194444
1257 194 20 16 0.185567
1258 179 15 17 0.178771
1259 182 16 23 0.214286
1260 176 14 22 0.204545
1261 176 18 21 0.221591
1262 190 29 18 0.247368
1263 222 24 22 0.207207
1264 210 20 26 0.219048
1265 236 26 23 0.207627
1266 223 22 22 0.197309
1267 244 15 21 0.147541
1268 215 18 22 0.186047
1269 204 22 16 0.186275
1270 187 27 17 0.235294
1271 186 15 22 0.198925
1272 182 14 25 0.214286
1273 195 16 19 0.179487
1274 159 25 13 0.238994
1275 196 26 16 0.214286
1276 186 26 18 0.236559
1277 190 10 23 0.173684
1278 183 9 20 0.15847
1279 143 20 20 0.27972
1280 172 27 16 0.25
1281 154 18 10 0.181818
1282 171 21 18 0.22807
1283 148 11 23 0.22973
1284 222 22 23 0.202703
1285 209 17 16 0.157895
1286 163 27 18 0.276074
1287 191 23 26 0.256545
1288 201 12 25 0.18408
1289 197 19 21 0.203046
1290 207 21 15 0.173913
1291 167 22 13 0.209581
1292 183 22 18 0.218579
1293 186 16 25 0.22043
1294 208 13 23 0.173077
1295 212 19 18 0.174528
1296 185 27 15 0.227027
1297 201 27 20 0.233831
1298 169 7 8 0.0887574
1299 146 5 23 0.191781
1300 115 9 20 0.252174
1301 135 16 16 0.237037
1302 119 19 11 0.252101
1303 162 34 19 0.32716
1304 177 15 13 0.158192
1305 193 15 32 0.243523
1306 206 14 22 0.174757
1307 169 20 8 0.16568
1308 126 25 8 0.261905
1309 166 19 20 0.23494
1310 160 13 27 0.25
1311 170 14 20 0.2
1312 145 20 18 0.262069
1313 163 22 14 0.220859
1314 161 24 20 0.273292
1315 206 23 23 0.223301
1316 213 17 20 0.173709
1317 199 24 19 0.21608
1318 187 18 14 0.171123
1319 184 13 23 0.195652
1320 152 14 13 0.177632
1321 143 19 15 0.237762
1322 144 12 15 0.1875
1323 140 17 20 0.264286
1324 164 12 15 0.164634
1325 126 17 8 0.198413
1326 128 15 16 0.242188
1327 113 10 20 0.265487
1328 128 9 16 0.195312
1329 136 18 15 0.242647
1330 142 16 13 0.204225
1331 125 19 14 0.264
1332 121 17 17 0.280992
1333 155 19 18 0.23871
1334 160 21 16 0.23125
1335 171 16 20 0.210526
1336 192 19 17 0.1875
1337 199 26 27 0.266332
1338 196 13 16 0.147959
1339 174 19 23 0.241379
1340 196 19 17 0.183673
1341 194 27 17 0.226804
1342 188 13 18 0.164894
1343 191 12 25 0.193717
1344 164 13 14 0.164634
1345 115 16 14 0.26087
1346 127 22 13 0.275591
1347 155 21 19 0.258065
1348 152 9 18 0.177632
1349 141 16 12 0.198582
1350 107 13 18 0.28972
1351 123 21 12 0.268293
1352 128 22 15 0.289062
1353 144 21 22 0.298611
1354 199 22 26 0.241206
1355 177 21 14 0.19774
1356 230 24 23 0.204348
1357 234 19 30 0.209402
1358 217 12 20 0.147465
1359 195 17 18 0.179487
1360 160 21 11 0.2
1361 142 21 10 0.21831
1362 135 14 18 0.237037
1363 138 13 26 0.282609
1364 147 10 16 0.176871
1365 157 25 18 0.273885
1366 162 20 13 0.203704
1367 174 21 18 0.224138
1368 197 9 16 0.126904
1369 149 19 17 0.241611
1370 139 21 21 0.302158
1371 189 20 19 0.206349
1372 171 19 22 0.239766
1373 170 16 18 0.2
1374 193 21 18 0.202073
1375 178 24 21 0.252809
1376 236 25 19 0.186441
1377 197 14 24 0.192893
1378 225 15 30 0.2
1379 208 21 12 0.158654
1380 172 26 10 0.209302
1381 172 16 16 0.186047
1382 164 14 26 0.243902
1383 166 14 22 0.216867
1384 172 18 18 0.209302
1385 165 27 15 0.254545
1386 174 18 15 0.189655
1387 135 18 13 0.22963
1388 148 12 17 0.195946
1389 131 13 18 0.236641
1390 140 15 18 0.235714
1391 141 19 23 0.297872
1392 173 27 17 0.254335
1393 164 22 16 0.231707
1394 205 15 26 0.2
1395 186 11 27 0.204301
1396 175 15 11 0.148571
1397 148 27 9 0.243243
1398 146 25 14 0.267123
1399 197 20 29 0.248731
1400 195 12 24 0.184615
1401 203 21 21 0.206897
1402 182 32 14 0.252747
1403 268 24 24 0.179104
1404 249 16 28 0.176707
1405 242 18 29 0.194215
1406 239 24 13 0.154812
1407 191 22 15 0.193717
1408 184 17 14 0.168478
1409 165 17 22 0.236364
1410 176 21 25 0.261364
1411 210 20 20 0.190476
1412 195 23 14 0.189744
1413 161 16 13 0.180124
1414 169 18 19 0.218935
1415 187 13 23 0.192513
1416 165 13 20 0.2
1417 186 29 12 0.22043
1418 156 19 9 0.179487
1419 164 17 21 0.231707
1420 162 10 24 0.209877
1421 146 7 24 0.212329
1422 123 15 14 0.235772
1423 114 18 13 0.27193
1424 141 24 14 0.269504
1425 124 15 12 0.217742
1426 132 18 16 0.257576
1427 123 8 11 0.154472
1428 104 13 12 0.240385
1429 102 9 12 0.205882
1430 107 12 16 0.261682
1431 117 19 16 0.299145
1432 149 18 15 0.221477
1433 124 13 15 0.225806
1434 124 16 13 0.233871
1435 127 15 16 0.244094
1436 121 11 16 0.22314
1437 128 22 18 0.3125
1438 143 16 15 0.216783
1439 148 20 18 0.256757
1440 130 16 13 0.223077
1441 141 17 21 0.269504
1442 162 14 17 0.191358
1443 129 13 14 0.209302
1444 143 20 18 0.265734
1445 162 18 22 0.246914
1446 162 19 22 0.253086
1447 188 22 20 0.223404
1448 192 18 16 0.177083
1449 172 12 17 0.168605
1450 160 13 11 0.15
1451 105 11 15 0.247619
1452 119 13 21 0.285714
1453 129 15 12 0.209302
1454 115 20 14 0.295652
1455 152 22 11 0.217105
1456 121 15 7 0.181818
1457 105 10 16 0.247619
1458 103 16 14 0.291262
1459 115 9 13 0.191304
1460 102 12 14 0.254902
1461 107 12 17 0.271028
1462 143 13 10 0.160839
1463 91 13 12 0.274725
1464 84 11 10 0.25
1465 88 9 16 0.284091
1466 81 8 17 0.308642
1467 105 14 11 0.238095
1468 91 9 11 0.21978
1469 84 15 7 0.261905
1470 82 12 4 0.195122
1471 75 9 10 0.253333
1472 79 10 12 0.278481
1473 80 9 9 0.225
1474 62 7 12 0.306452
1475 61 7 6 0.213115
1476 50 11 5 0.32
1477 55 12 7 0.345455
1478 74 8 11 0.256757
1479 73 9 22 0.424658
1480 112 12 18 0.267857
1481 106 19 10 0.273585
1482 109 16 8 0.220183
1483 98 13 6 0.193878
1484 87 11 9 0.229885
1485 95 14 21 0.368421
1486 127 16 17 0.259843
1487 132 20 17 0.280303
1488 136 15 18 0.242647
1489 152 14 18 0.210526
1490 140 13 15 0.2
1491 151 15 17 0.211921
1492 128 19 11 0.234375
1493 132 22 14 0.272727
1494 159 14 14 0.176101
1495 133 8 21 0.218045
1496 118 14 18 0.271186
1497 127 16 12 0.220472
1498 106 14 7 0.198113
1499 106 14 15 0.273585
1500 112 11 16 0.241071
1501 102 14 20 0.333333
1502 107 19 14 0.308411
1503 130 19 8 0.207692
1504 142 18 21 0.274648
1505 151 15 26 0.271523
1506 195 21 23 0.225641
1507 177 26 21 0.265537
1508 204 18 16 0.166667
1509 201 21 27 0.238806
1510 210 17 22 0.185714
1511 214 26 14 0.186916
1512 201 26 19 0.223881
1513 232 20 28 0.206897
1514 243 21 25 0.1893
1515 235 24 19 0.182979
1516 230 28 15 0.186957
1517 267 18 25 0.161049
1518 212 12 22 0.160377
1519 195 17 22 0.2
1520 176 22 22 0.25
1521 198 28 17 0.227273
1522 199 21 16 0.18593
1523 170 19 25 0.258824
1524 180 18 22 0.222222
1525 178 12 18 0.168539
1526 177 24 23 0.265537
1527 182 21 14 0.192308
1528 179 21 20 0.22905
1529 187 19 17 0.192513
1530 191 21 22 0.225131
1531 188 19 20 0.207447
1532 166 21 14 0.210843
1533 167 19 24 0.257485
1534 165 10 18 0.169697
1535 142 16 20 0.253521
1536 167 18 16 0.203593
1537 176 23 15 0.215909
1538 157 21 16 0.235669
1539 173 17 19 0.208092
1540 196 22 16 0.193878
1541 170 18 22 0.235294
1542 196 17 19 0.183673
1543 166 18 25 0.259036
1544 188 20 23 0.228723
1545 200 19 24 0.215
1546 223 28 24 0.233184
1547 239 21 14 0.146444
1548 233 26 18 0.188841
1549 189 21 26 0.248677
1550 246 17 28 0.182927
1551 200 15 16 0.155
1552 185 25 13 0.205405
1553 176 21 13 0.193182
1554 176 16 24 0.227273
1555 145 19 18 0.255172
1556 170 24 19 0.252941
1557 177 14 22 0.20339
1558 191 17 22 0.204188
1559 171 16 14 0.175439
1560 168 31 18 0.291667
1561 175 14 17 0.177143
1562 174 12 30 0.241379
1563 186 20 19 0.209677
1564 170 24 15 0.229412
1565 188 25 15 0.212766
1566 157 15 15 0.191083
1567 176 15 28 0.244318
1568 169 17 19 0.213018
1569 191 23 18 0.21466
1570 153 14 16 0.196078
1571 154 16 14 0.194805
1572 157 21 19 0.254777
1573 198 27 25 0.262626
1574 206 18 21 0.18932
1575 218 19 24 0.197248
1576 211 17 18 0.165877
1577 179 19 19 0.212291
1578 202 24 21 0.222772
1579 199 23 19 0.211055
1580 232 23 21 0.189655
1581 218 18 18 0.165138
1582 195 17 26 0.220513
1583 212 15 23 0.179245
1584 211 25 16 0.194313
1585 169 19 15 0.201183
1586 218 29 16 0.206422
1587 204 13 20 0.161765
1588 181 17 24 0.226519
1589 169 20 24 0.260355
1590 195 28 22 0.25641
1591 227 18 21 0.171806
1592 220 20 24 0.2
1593 191 22 23 0.235602
1594 206 24 22 0.223301
1595 249 30 20 0.200803
1596 273 20 26 0.168498
1597 227 19 17 0.15859
1598 216 23 25 0.222222
1599 258 20 22 0.162791
1600 230 21 15 0.156522
1601 241 22 21 0.178423
1602 213 24 17 0.192488
1603 206 16 22 0.184466
1604 191 15 19 0.17801
1605 171 21 20 0.239766
1606 192 25 19 0.229167
1607 182 20 15 0.192308
1608 176 14 20 0.193182
1609 164 12 27 0.237805
1610 178 19 27 0.258427
1611 176 16 11 0.153409
1612 171 31 17 0.280702
1613 203 25 19 0.216749
1614 247 18 24 0.17004
1615 203 15 21 0.17734
1616 217 25 21 0.211982
1617 219 23 13 0.164384
1618 190 18 19 0.194737
1619 175 14 21 0.2
1620 165 13 27 0.242424
1621 181 24 15 0.21547
1622 186 18 14 0.172043
1623 164 25 16 0.25
1624 183 15 21 0.196721
1625 153 17 22 0.254902
1626 188 21 26 0.25
1627 179 17 14 0.173184
1628 189 22 18 0.21164
1629 174 21 22 0.247126
1630 201 17 20 0.18408
1631 175 17 17 0.194286
1632 173 21 16 0.213873
1633 161 17 20 0.229814
1634 153 17 20 0.24183
1635 174 18 20 0.218391
1636 184 21 22 0.233696
1637 204 20 21 0.20098
1638 225 22 23 0.2
1639 223 25 20 0.201794
1640 223 27 17 0.197309
1641 242 22 21 0.177686
1642 192 14 27 0.213542
1643 234 23 23 0.196581
1644 192 16 7 0.119792
1645 180 25 20 0.25
1646 159 15 17 0.201258
1647 185 17 26 0.232432
1648 189 15 18 0.174603
1649 181 28 15 0.237569
1650 174 19 13 0.183908
1651 153 12 22 0.222222
1652 138 11 26 0.268116
1653 164 17 16 0.20122
1654 140 22 13 0.25
1655 157 21 16 0.235669
1656 180 22 24 0.255556
1657 173 18 20 0.219653
1658 184 21 16 0.201087
1659 210 22 18 0.190476
1660 185 14 19 0.178378
1661 188 20 26 0.244681
1662 203 19 17 0.17734
1663 207 14 24 0.183575
1664 212 16 13 0.136792
1665 140 17 12 0.207143
1666 134 19 16 0.261194
1667 140 17 18 0.25
1668 165 15 20 0.212121
1669 158 18 20 0.240506
1670 180 25 16 0.227778
1671 149 20 17 0.248322
1672 218 19 23 0.192661
1673 168 14 24 0.22619
1674 217 18 23 0.18894
1675 196 22 12 0.173469
1676 194 30 21 0.262887
1677 240 17 27 0.183333
1678 226 19 20 0.172566
1679 210 22 17 0.185714
1680 204 24 21 0.220588
1681 204 17 17 0.166667
1682 165 19 18 0.224242
1683 176 16 20 0.204545
1684 200 22 24 0.23
1685 208 16 23 0.1875
1686 214 27 18 0.21028
1687 205 18 18 0.17561
1688 186 18 17 0.188172
1689 168 22 17 0.232143
1690 166 16 22 0.228916
1691 181 20 20 0.220994
1692 171 21 20 0.239766
1693 200 24 21 0.225
1694 238 21 24 0.189076
1695 214 18 24 0.196262
1696 196 21 14 0.178571
1697 183 21 18 0.213115
1698 159 13 17 0.188679
1699 194 17 30 0.242268
1700 202 18 20 0.188119
1701 189 34 21 0.291005
1702 254 19 19 0.149606
1703 231 17 25 0.181818
1704 202 13 14 0.133663
1705 164 17 19 0.219512
1706 183 21 16 0.202186
1707 187 27 17 0.235294
1708 216 24 24 0.222222
1709 207 15 17 0.154589
1710 165 24 21 0.272727
1711 188 24 25 0.260638
1712 237 20 21 0.172996
1713 204 19 16 0.171569
1714 184 20 16 0.195652
1715 174 13 20 0.189655
1716 155 20 24 0.283871
1717 168 14 18 0.190476
1718 180 20 18 0.211111
1719 132 20 12 0.242424
1720 136 24 16 0.294118
1721 151 15 15 0.198675
1722 171 15 30 0.263158
1723 156 13 19 0.205128
1724 168 21 14 0.208333
1725 152 24 13 0.243421
1726 188 22 22 0.234043
1727 226 15 29 0.19469
1728 214 17 20 0.172897
1729 220 27 14 0.186364
1730 190 24 15 0.205263
1731 192 16 25 0.213542
1732 175 12 24 0.205714
1733 183 20 23 0.234973
1734 208 25 21 0.221154
1735 192 24 16 0.208333
1736 202 21 16 0.183168
1737 191 19 26 0.235602
1738 218 25 24 0.224771
1739 258 17 16 0.127907
1740 180 19 17 0.2
1741 184 18 24 0.228261
1742 178 20 13 0.185393
1743 144 18 8 0.180556
1744 133 15 16 0.233083
1745 127 13 22 0.275591
1746 145 15 27 0.289655
1747 187 23 18 0.219251
1748 175 21 14 0.2
1749 152 14 17 0.203947
1750 156 20 21 0.262821
1751 158 14 19 0.208861
1752 154 19 14 0.214286
1753 152 24 16 0.263158
1754 155 18 17 0.225806
1755 158 12 16 0.177215
1756 149 18 29 0.315436
1757 172 24 20 0.255814
1758 202 21 15 0.178218
1759 160 15 12 0.16875
1760 172 15 21 0.209302
1761 154 14 15 0.188312
1762 156 18 21 0.25
1763 193 19 20 0.202073
1764 183 25 26 0.278689
1765 200 19 13 0.16
1766 200 16 19 0.175
1767 150 18 18 0.24
1768 155 22 23 0.290323
1769 189 26 12 0.201058
1770 171 18 19 0.216374
1771 197 19 24 0.218274
1772 219 20 31 0.232877
1773 253 24 19 0.16996
1774 238 29 16 0.189076
1775 241 20 19 0.161826
1776 227 13 29 0.185022
1777 232 20 26 0.198276
1778 214 25 18 0.200935
1779 246 26 12 0.154472
1780 190 15 13 0.147368
1781 161 13 28 0.254658
1782 158 9 25 0.21519
1783 180 20 18 0.211111
1784 144 23 7 0.208333
1785 153 24 13 0.24183
1786 160 19 23 0.2625
1787 195 16 30 0.235897
1788 227 11 20 0.136564
1789 208 25 16 0.197115
1790 194 24 11 0.180412
1791 189 18 22 0.21164
1792 158 6 27 0.208861
1793 188 22 18 0.212766
1794 180 28 12 0.222222
1795 213 26 20 0.215962
1796 198 17 23 0.20202
1797 238 22 27 0.205882
1798 206 22 17 0.18932
1799 232 22 22 0.189655
1800 183 17 16 0.180328
1801 177 16 26 0.237288
1802 173 16 19 0.202312
1803 174 25 15 0.229885
1804 166 22 13 0.210843
1805 194 23 25 0.247423
1806 206 18 22 0.194175
1807 199 18 22 0.201005
1808 183 21 15 0.196721
1809 185 18 13 0.167568
1810 164 15 22 0.22561
1811 166 13 19 0.192771
1812 172 16 16 0.186047
1813 153 15 13 0.183007
1814 123 14 20 0.276423
1815 138 16 14 0.217391
1816 117 14 14 0.239316
1817 128 22 12 0.265625
1818 124 18 11 0.233871
1819 122 14 13 0.221311
1820 115 7 12 0.165217
1821 67 4 13 0.253731
1822 65 7 15 0.338462
1823 83 8 11 0.228916
1824 87 12 11 0.264368
1825 92 14 8 0.23913
1826 98 17 11 0.285714
1827 92 9 12 0.228261
1828 111 17 16 0.297297
1829 134 15 19 0.253731
1830 137 16 12 0.20438
1831 152 19 17 0.236842
1832 131 14 19 0.251908
1833 141 16 19 0.248227
1834 141 19 14 0.234043
1835 145 13 13 0.17931
1836 132 21 16 0.280303
1837 154 14 16 0.194805
1838 121 11 17 0.231405
1839 116 10 19 0.25
1840 113 14 10 0.212389
1841 102 11 5 0.156863
1842 69 14 8 0.318841
1843 80 10 8 0.225
1844 77 11 14 0.324675
1845 99 10 11 0.212121
1846 85 12 13 0.294118
1847 85 10 15 0.294118
1848 102 18 15 0.323529
1849 108 15 7 0.203704
1850 101 18 14 0.316832
1851 115 13 21 0.295652
1852 131 11 23 0.259542
1853 144 15 11 0.180556
1854 116 17 14 0.267241
1855 131 18 16 0.259542
1856 141 19 18 0.262411
1857 170 21 14 0.205882
1858 151 16 24 0.264901
1859 181 22 25 0.259669
1860 234 28 17 0.192308
1861 186 26 18 0.236559
1862 213 19 27 0.215962
1863 213 13 21 0.159624
1864 213 22 23 0.211268
1865 207 20 12 0.154589
1866 200 24 17 0.205
1867 189 13 19 0.169312
1868 184 15 24 0.211957
1869 164 16 21 0.22561
1870 177 19 16 0.19774
1871 182 27 19 0.252747
1872 207 22 18 0.193237
1873 226 19 23 0.185841
1874 228 20 28 0.210526
1875 204 18 17 0.171569
1876 205 24 16 0.195122
1877 171 12 19 0.181287
1878 189 20 21 0.216931
1879 165 9 18 0.163636
1880 138 20 13 0.23913
1881 114 13 13 0.22807
1882 111 20 12 0.288288
1883 118 17 13 0.254237
1884 134 10 21 0.231343
1885 148 25 17 0.283784
1886 135 14 13 0.2
1887 142 22 19 0.288732
1888 143 12 18 0.20979
1889 143 9 18 0.188811
1890 135 14 17 0.22963
1891 132 18 17 0.265152
1892 140 19 17 0.257143
1893 159 25 15 0.251572
1894 168 26 16 0.25
1895 170 10 17 0.158824
1896 174 14 26 0.229885
1897 162 17 17 0.209877
1898 163 26 17 0.263804
1899 178 19 18 0.207865
1900 196 17 25 0.214286
1901 157 11 23 0.216561
1902 152 19 12 0.203947
1903 168 34 11 0.267857
1904 180 14 12 0.144444
1905 145 11 18 0.2
1906 125 6 32 0.304
1907 168 10 16 0.154762
1908 105 19 11 0.285714
1909 137 17 7 0.175182
1910 114 22 12 0.298246
1911 115 20 14 0.295652
1912 147 18 25 0.292517
1913 178 10 22 0.179775
1914 163 18 20 0.233129
1915 184 27 11 0.206522
1916 191 20 15 0.183246
1917 156 15 19 0.217949
1918 178 16 29 0.252809
1919 188 13 20 0.175532
1920 161 26 13 0.242236
1921 180 24 11 0.194444
1922 179 15 28 0.240223
1923 197 20 20 0.203046
1924 189 21 18 0.206349
1925 222 22 15 0.166667
1926 202 23 27 0.247525
1927 203 19 24 0.211823
1928 210 16 24 0.190476
1929 220 30 16 0.209091
1930 192 22 17 0.203125
1931 195 16 18 0.174359
1932 168 13 17 0.178571
1933 141 12 18 0.212766
1934 159 11 26 0.232704
1935 166 23 18 0.246988
1936 163 22 11 0.202454
1937 162 23 11 0.209877
1938 203 12 24 0.17734
1939 159 11 22 0.207547
1940 138 14 15 0.210145
1941 144 22 8 0.208333
1942 134 23 10 0.246269
1943 121 8 13 0.173554
1944 96 6 25 0.322917
1945 98 8 20 0.285714
1946 108 22 10 0.296296
1947 138 31 7 0.275362
1948 154 20 14 0.220779
1949 141 8 26 0.241135
1950 123 6 23 0.235772
1951 130 10 14 0.184615
1952 77 9 7 0.207792
1953 88 23 7 0.340909
1954 107 17 9 0.242991
1955 117 12 17 0.247863
1956 99 6 15 0.212121
1957 105 15 18 0.314286
1958 112 21 10 0.276786
1959 127 22 14 0.283465
1960 139 15 20 0.251799
1961 134 8 18 0.19403
1962 104 12 19 0.298077
1963 120 17 11 0.233333
1964 122 23 12 0.286885
1965 125 20 14 0.272
1966 118 10 19 0.245763
1967 132 12 18 0.227273
1968 131 16 19 0.267176
1969 130 14 13 0.207692
1970 118 19 7 0.220339
1971 112 14 16 0.267857
1972 117 10 17 0.230769
1973 155 18 17 0.225806
1974 133 15 20 0.263158
1975 174 24 22 0.264368
1976 196 24 21 0.229592
1977 159 19 12 0.194969
1978 155 16 21 0.23871
1979 152 20 22 0.276316
1980 185 22 20 0.227027
1981 182 14 22 0.197802
1982 185 22 20 0.227027
1983 184 22 13 0.190217
1984 180 20 17 0.205556
1985 157 16 16 0.203822
1986 169 21 34 0.325444
1987 222 19 20 0.175676
1988 233 22 17 0.167382
1989 197 18 21 0.19797
1990 181 22 13 0.19337
1991 164 22 13 0.213415
1992 183 18 18 0.196721
1993 168 13 27 0.238095
1994 182 12 21 0.181319
1995 148 19 14 0.222973
1996 158 19 13 0.202532
1997 162 22 22 0.271605
1998 165 13 17 0.181818
1999 155 19 27 0.296774
2000 197 23 15 0.192893
2001 162 24 18 0.259259
2002 224 22 30 0.232143
2003 217 19 19 0.175115
2004 218 21 23 0.201835
2005 213 26 12 0.178404
2006 224 18 21 0.174107
2007 192 15 23 0.197917
2008 217 21 21 0.193548
2009 182 21 14 0.192308
2010 179 18 15 0.184358
2011 170 17 24 0.241176
2012 152 17 27 0.289474
2013 210 24 17 0.195238
2014 206 33 11 0.213592
2015 218 20 24 0.201835
2016 195 17 31 0.246154
2017 260 19 23 0.161538
2018 231 27 17 0.190476
2019 213 21 15 0.169014
2020 201 21 25 0.228856
2021 220 15 24 0.177273
2022 179 21 20 0.22905
2023 202 28 15 0.212871
2024 208 13 19 0.153846
2025 200 18 30 0.24
2026 196 20 19 0.19898
2027 200 24 20 0.22
2028 206 26 14 0.194175
2029 298 23 30 0.177852
2030 214 14 24 0.17757
2031 247 25 22 0.190283
2032 229 22 17 0.170306
2033 247 29 22 0.206478
2034 213 15 22 0.173709
2035 254 22 20 0.165354
2036 200 18 25 0.215
2037 225 23 22 0.2
2038 192 14 21 0.182292
2039 221 23 18 0.18552
2040 170 16 16 0.188235
2041 187 24 17 0.219251
2042 179 23 26 0.273743
2043 219 23 28 0.232877
2044 234 25 17 0.179487
2045 225 31 19 0.222222
2046 245 16 24 0.163265
2047 225 13 31 0.195556
2048 195 19 19 0.194872
2049 200 27 19 0.23
2050 195 23 17 0.205128
2051 204 25 18 0.210784
2052 163 12 22 0.208589
2053 175 14 15 0.165714
2054 139 19 19 0.273381
2055 142 14 17 0.21831
2056 143 11 11 0.153846
2057 114 15 16 0.27193
2058 110 12 17 0.263636
2059 122 22 13 0.286885
2060 139 12 10 0.158273
2061 120 19 12 0.258333
2062 109 10 17 0.247706
2063 134 14 19 0.246269
2064 112 11 16 0.241071
2065 130 19 20 0.3
2066 145 18 17 0.241379
2067 154 20 16 0.233766
2068 151 12 16 0.18543
2069 166 29 14 0.259036
2070 178 19 12 0.174157
2071 203 21 27 0.236453
2072 179 12 28 0.223464
2073 216 22 16 0.175926
2074 177 21 9 0.169492
2075 164 17 19 0.219512
2076 143 17 17 0.237762
2077 192 15 26 0.213542
2078 191 23 19 0.219895
2079 197 25 18 0.218274
2080 182 19 19 0.208791
2081 203 14 27 0.20197
2082 165 15 20 0.212121
2083 191 29 14 0.225131
2084 174 22 14 0.206897
2085 181 16 23 0.21547
2086 190 11 25 0.189474
2087 179 23 20 0.240223
2088 170 21 18 0.229412
2089 178 24 15 0.219101
2090 188 18 17 0.18617
2091 204 21 21 0.205882
2092 177 18 23 0.231638
2093 208 18 28 0.221154
2094 232 23 16 0.168103
2095 190 25 15 0.210526
2096 191 22 19 0.21466
2097 201 17 30 0.233831
2098 226 20 20 0.176991
2099 193 22 13 0.181347
2100 179 15 12 0.150838
2101 194 17 27 0.226804
2102 179 17 23 0.223464
2103 206 15 18 0.160194
2104 164 27 17 0.268293
2105 177 18 16 0.19209
2106 175 21 28 0.28
2107 188 18 25 0.228723
2108 193 24 17 0.212435
2109 194 21 13 0.175258
2110 170 14 17 0.182353
2111 181 19 26 0.248619
2112 179 22 16 0.212291
2113 174 22 19 0.235632
2114 162 16 10 0.160494
2115 179 20 25 0.251397
2116 176 12 26 0.215909
2117 204 23 23 0.22549
2118 195 28 20 0.246154
2119 209 24 19 0.205742
2120 200 20 18 0.19
2121 197 19 22 0.208122
2122 188 18 23 0.218085
2123 191 19 17 0.188482
2124 197 24 22 0.233503
2125 216 20 23 0.199074
2126 219 16 12 0.127854
2127 155 17 20 0.23871
2128 168 19 21 0.238095
2129 185 22 23 0.243243
2130 177 20 24 0.248588
2131 200 21 19 0.2
2132 208 22 16 0.182692
2133 217 26 27 0.24424
2134 225 17 23 0.177778
2135 233 28 21 0.2103
2136 208 19 15 0.163462
2137 199 22 18 0.201005
2138 180 17 19 0.2
2139 195 22 29 0.261538
2140 196 17 22 0.19898
2141 195 18 14 0.164103
2142 167 24 15 0.233533
2143 173 20 24 0.254335
2144 186 16 27 0.231183
2145 202 15 19 0.168317
2146 154 19 15 0.220779
2147 199 34 22 0.281407
2148 209 15 22 0.177033
2149 218 18 23 0.188073
2150 171 18 16 0.19883
2151 185 15 17 0.172973
2152 144 16 14 0.208333
2153 142 19 11 0.211268
2154 153 18 15 0.215686
2155 155 19 21 0.258065
2156 172 13 23 0.209302
2157 147 13 12 0.170068
2158 143 23 17 0.27972
2159 147 24 14 0.258503
2160 156 11 17 0.179487
2161 148 18 22 0.27027
2162 164 18 17 0.213415
2163 151 21 15 0.238411
2164 187 10 19 0.15508
2165 157 17 20 0.235669
2166 153 15 19 0.222222
2167 152 24 16 0.263158
2168 138 19 13 0.231884
2169 180 20 22 0.233333
2170 153 16 21 0.24183
2171 176 20 18 0.215909
2172 192 20 23 0.223958
2173 182 23 13 0.197802
2174 167 15 16 0.185629
2175 155 9 19 0.180645
2176 152 13 26 0.256579
2177 164 18 18 0.219512
2178 163 19 9 0.171779
2179 133 25 6 0.233083
2180 136 20 15 0.257353
2181 126 9 20 0.230159
2182 137 10 29 0.284672
2183 173 18 18 0.208092
2184 159 17 13 0.188679
2185 172 30 10 0.232558
2186 157 21 13 0.216561
2187 150 11 21 0.213333
2188 138 11 26 0.268116
2189 171 12 20 0.187135
2190 125 18 19 0.296
2191 138 24 10 0.246377
2192 160 28 11 0.24375
2193 146 14 16 0.205479
2194 147 14 28 0.285714
2195 179 13 29 0.234637
2196 167 20 13 0.197605
2197 185 26 13 0.210811
2198 190 24 15 0.205263
2199 181 16 24 0.220994
2200 185 15 20 0.189189
2201 149 13 18 0.208054
2202 169 20 15 0.207101
2203 154 23 22 0.292208
2204 197 19 18 0.187817
2205 185 19 19 0.205405
2206 201 18 17 0.174129
2207 195 29 23 0.266667
2208 217 13 18 0.142857
2209 175 18 25 0.245714
2210 205 26 26 0.253659
2211 222 20 18 0.171171
2212 218 23 15 0.174312
2213 177 23 19 0.237288
2214 182 8 25 0.181319
2215 197 18 19 0.187817
2216 175 20 16 0.205714
2217 167 27 22 0.293413
2218 193 23 22 0.233161
2219 188 11 21 0.170213
2220 175 17 18 0.2
2221 187 23 16 0.208556
2222 184 21 16 0.201087
2223 196 17 18 0.178571
2224 158 17 25 0.265823
2225 165 16 17 0.2
2226 163 22 21 0.263804
2227 183 22 18 0.218579
2228 178 19 18 0.207865
2229 160 15 16 0.19375
2230 143 16 19 0.244755
2231 151 19 22 0.271523
2232 190 26 21 0.247368
2233 217 23 22 0.207373
2234 198 16 15 0.156566
2235 187 20 25 0.240642
2236 189 15 17 0.169312
2237 213 21 17 0.178404
2238 180 22 22 0.244444
2239 233 21 18 0.167382
2240 203 24 21 0.221675
2241 232 20 21 0.176724
2242 217 20 25 0.207373
2243 232 21 20 0.176724
2244 233 15 14 0.124464
2245 178 18 13 0.174157
2246 169 18 17 0.207101
2247 145 16 22 0.262069
2248 174 20 22 0.241379
2249 208 27 20 0.225962
2250 202 17 13 0.148515
2251 176 19 24 0.244318
2252 166 15 26 0.246988
2253 188 19 20 0.207447
2254 180 23 12 0.194444
2255 177 25 17 0.237288
2256 196 14 19 0.168367
2257 188 13 22 0.18617
2258 163 13 18 0.190184
2259 136 19 14 0.242647
2260 120 22 12 0.283333
2261 145 17 16 0.227586
2262 149 18 17 0.234899
2263 165 19 18 0.224242
2264 184 14 21 0.190217
2265 157 16 21 0.235669
2266 160 14 16 0.1875
2267 151 11 24 0.231788
2268 150 17 11 0.186667
2269 137 20 11 0.226277
2270 147 27 15 0.285714
2271 189 19 24 0.227513
2272 200 18 32 0.25
2273 220 22 18 0.181818
2274 177 21 9 0.169492
2275 169 18 8 0.153846
2276 138 18 22 0.289855
2277 160 8 27 0.21875
2278 150 8 22 0.2
2279 129 21 7 0.217054
2280 115 17 5 0.191304
2281 102 18 8 0.254902
2282 98 15 16 0.316327
2283 101 8 26 0.336634
2284 122 5 23 0.229508
2285 125 17 13 0.24
2286 118 17 12 0.245763
2287 123 20 13 0.268293
2288 107 17 7 0.224299
2289 106 15 18 0.311321
2290 126 18 17 0.277778
2291 134 15 14 0.216418
2292 144 21 25 0.319444
2293 146 17 13 0.205479
2294 152 19 14 0.217105
2295 138 19 18 0.268116
2296 162 15 19 0.209877
2297 128 13 25 0.296875
2298 176 21 21 0.238636
2299 165 26 15 0.248485
2300 214 27 22 0.228972
2301 196 12 23 0.178571
2302 207 21 25 0.222222
2303 204 17 12 0.142157
2304 180 27 19 0.255556
2305 220 19 21 0.181818
2306 201 14 24 0.189055
2307 175 21 29 0.285714
2308 246 26 17 0.174797
2309 218 24 13 0.169725
2310 225 27 19 0.204444
2311 227 10 15 0.110132
2312 179 13 27 0.223464
2313 201 15 19 0.169154
2314 168 28 16 0.261905
2315 162 27 16 0.265432
2316 215 10 22 0.148837
2317 159 8 21 0.18239
2318 138 11 21 0.231884
2319 126 15 13 0.222222
2320 129 24 16 0.310078
2321 159 23 9 0.201258
2322 148 17 14 0.209459
2323 133 13 20 0.24812
2324 148 14 18 0.216216
2325 136 21 14 0.257353
2326 130 18 11 0.223077
2327 137 17 15 0.233577
2328 128 9 19 0.21875
2329 112 13 24 0.330357
2330 145 16 19 0.241379
2331 149 26 14 0.268456
2332 176 16 11 0.153409
2333 146 16 22 0.260274
2334 187 17 25 0.224599
2335 205 17 18 0.170732
2336 159 22 16 0.238994
2337 148 26 19 0.304054
2338 190 14 24 0.2
2339 182 16 16 0.175824
2340 161 18 14 0.198758
2341 148 18 17 0.236486
2342 170 17 12 0.170588
2343 153 23 23 0.300654
2344 167 14 18 0.191617
2345 152 17 21 0.25
2346 188 21 18 0.207447
2347 205 22 22 0.214634
2348 192 14 13 0.140625
2349 180 15 22 0.205556
2350 156 17 18 0.224359
2351 154 23 13 0.233766
2352 174 21 16 0.212644
2353 171 14 17 0.181287
2354 144 9 17 0.180556
2355 133 14 20 0.255639
2356 116 13 15 0.241379
2357 123 17 12 0.235772
2358 122 22 15 0.303279
2359 152 24 20 0.289474
2360 175 18 22 0.228571
2361 169 14 21 0.207101
2362 150 18 18 0.24
2363 157 17 14 0.197452
2364 130 18 12 0.230769
2365 150 22 24 0.306667
2366 159 20 23 0.27044
2367 174 17 17 0.195402
2368 170 21 19 0.235294
2369 151 14 8 0.145695
2370 135 29 14 0.318519
2371 142 13 19 0.225352
2372 143 7 31 0.265734
2373 165 13 21 0.206061
2374 172 23 9 0.186047
2375 172 28 16 0.255814
2376 193 16 24 0.207254
2377 196 18 30 0.244898
2378 245 24 21 0.183673
2379 203 24 12 0.17734
2380 201 22 16 0.189055
2381 188 13 28 0.218085
2382 169 10 22 0.189349
2383 190 20 15 0.184211
2384 141 23 6 0.205674
2385 164 18 13 0.189024
2386 131 16 20 0.274809
2387 148 12 22 0.22973
2388 146 15 26 0.280822
2389 159 20 17 0.232704
2390 176 23 14 0.210227
2391 161 25 12 0.229814
2392 184 17 20 0.201087
2393 150 11 30 0.273333
2394 202 17 20 0.183168
2395 166 28 8 0.216867
2396 182 27 12 0.214286
2397 170 9 21 0.176471
2398 150 10 26 0.24
2399 158 16 28 0.278481
2400 172 17 11 0.162791
2401 120 23 7 0.25
2402 129 19 11 0.232558
2403 132 11 17 0.212121
2404 124 17 20 0.298387
2405 147 17 27 0.29932
2406 156 23 17 0.25641
2407 163 26 15 0.251534
2408 201 18 20 0.189055
2409 147 13 20 0.22449
2410 203 23 21 0.216749
2411 156 20 11 0.198718
2412 193 25 19 0.227979
2413 182 11 23 0.186813
2414 197 15 30 0.228426
2415 199 16 14 0.150754
2416 175 26 14 0.228571
2417 150 21 11 0.213333
2418 140 15 16 0.221429
2419 112 7 18 0.223214
2420 104 7 22 0.278846
2421 93 10 11 0.225806
2422 109 22 11 0.302752
2423 129 15 8 0.178295
2424 107 17 8 0.233645
2425 114 15 15 0.263158
2426 126 14 26 0.31746
2427 157 13 19 0.203822
2428 153 24 19 0.281046
2429 161 12 13 0.15528
2430 135 21 16 0.274074
2431 136 19 18 0.272059
2432 147 18 17 0.238095
2433 172 15 20 0.203488
2434 146 17 18 0.239726
2435 139 18 23 0.294964
2436 173 28 20 0.277457
2437 217 24 21 0.207373
2438 222 20 21 0.184685
2439 224 19 25 0.196429
2440 197 21 16 0.187817
2441 189 20 22 0.222222
2442 193 15 19 0.176166
2443 168 20 21 0.244048
2444 180 23 20 0.238889
2445 186 23 14 0.198925
2446 178 19 16 0.196629
2447 159 9 15 0.150943
2448 145 14 25 0.268966
2449 169 20 17 0.218935
2450 165 26 17 0.260606
2451 192 24 18 0.21875
2452 146 13 17 0.205479
2453 169 19 26 0.266272
2454 163 14 21 0.214724
2455 212 25 20 0.212264
2456 207 23 17 0.193237
2457 208 24 26 0.240385
2458 220 17 29 0.209091
2459 249 21 18 0.156627
2460 200 25 16 0.205
2461 223 28 21 0.219731
2462 209 16 16 0.15311
2463 190 15 20 0.184211
2464 173 23 22 0.260116
2465 187 14 10 0.128342
2466 139 18 26 0.316547
2467 162 18 25 0.265432
2468 171 18 15 0.192982
2469 187 25 23 0.256684
2470 210 23 22 0.214286
2471 244 24 26 0.204918
2472 226 19 12 0.137168
2473 239 24 31 0.230126
2474 238 19 17 0.151261
2475 234 23 23 0.196581
2476 219 22 17 0.178082
2477 236 23 27 0.211864
2478 220 26 20 0.209091
2479 246 14 24 0.154472
2480 261 30 27 0.218391
2481 254 21 22 0.169291
2482 258 20 15 0.135659
2483 231 25 21 0.199134
2484 261 22 30 0.199234
2485 282 17 25 0.148936
2486 266 23 19 0.157895
2487 238 29 22 0.214286
2488 287 20 27 0.163763
2489 228 17 16 0.144737
2490 211 26 19 0.21327
2491 197 14 17 0.15736
2492 205 25 21 0.22439
2493 180 10 16 0.144444
2494 175 26 23 0.28
2495 188 11 10 0.111702
2496 154 24 21 0.292208
2497 178 12 21 0.185393
2498 176 17 21 0.215909
2499 184 21 22 0.233696
2500 199 22 22 0.221106
2501 206 26 14 0.194175
2502 212 23 23 0.216981
2503 194 14 17 0.159794
2504 222 23 23 0.207207
2505 182 15 17 0.175824
2506 171 23 14 0.216374
2507 159 17 17 0.213836
2508 170 13 24 0.217647
2509 176 12 26 0.215909
2510 189 23 14 0.195767
2511 165 25 15 0.242424
2512 197 21 18 0.19797
2513 171 15 23 0.222222
2514 151 13 20 0.218543
2515 141 20 13 0.234043
2516 156 24 14 0.24359
2517 144 13 14 0.1875
2518 157 17 17 0.216561
2519 120 11 20 0.258333
2520 154 14 20 0.220779
2521 128 10 12 0.171875
2522 132 21 15 0.272727
2523 112 22 12 0.303571
2524 135 14 14 0.207407
2525 107 10 17 0.252336
2526 122 19 16 0.286885
2527 118 16 15 0.262712
2528 126 23 17 0.31746
2529 176 16 17 0.1875
2530 168 21 18 0.232143
2531 182 15 28 0.236264
2532 214 27 20 0.219626
2533 219 22 20 0.191781
2534 184 18 16 0.184783
2535 158 11 20 0.196203
2536 153 20 20 0.261438
2537 172 22 21 0.25
2538 197 26 26 0.263959
2539 224 18 18 0.160714
2540 214 25 22 0.219626
2541 244 23 23 0.188525
2542 229 25 25 0.218341
2543 216 15 19 0.157407
2544 215 25 29 0.251163
2545 241 23 17 0.165975
2546 230 26 23 0.213043
2547 239 16 19 0.146444
2548 191 15 17 0.167539
2549 163 18 16 0.208589
2550 195 15 17 0.164103
2551 143 21 18 0.272727
2552 164 18 16 0.207317
2553 171 21 23 0.25731
2554 190 28 18 0.242105
2555 213 17 20 0.173709
2556 185 17 32 0.264865
2557 247 26 24 0.202429
2558 241 19 14 0.136929
2559 190 20 15 0.184211
2560 191 20 16 0.188482
2561 198 21 24 0.227273
2562 180 16 24 0.222222
2563 167 18 21 0.233533
2564 152 17 14 0.203947
2565 165 23 22 0.272727
2566 198 23 18 0.207071
2567 218 18 22 0.183486
2568 209 23 24 0.22488
2569 214 24 20 0.205607
2570 224 23 18 0.183036
2571 212 20 18 0.179245
2572 196 16 32 0.244898
2573 226 19 19 0.168142
2574 205 20 20 0.195122
2575 181 19 12 0.171271
2576 194 25 19 0.226804
2577 180 10 18 0.155556
2578 174 19 26 0.258621
2579 187 20 21 0.219251
2580 208 25 18 0.206731
2581 181 26 21 0.259669
2582 224 23 18 0.183036
2583 199 14 26 0.201005
2584 192 17 16 0.171875
2585 168 21 20 0.244048
2586 181 22 13 0.19337
2587 194 11 24 0.180412
2588 179 16 28 0.24581
2589 172 17 9 0.151163
2590 159 27 10 0.232704
2591 170 22 15 0.217647
2592 160 16 21 0.23125
2593 123 5 15 0.162602
2594 131 12 20 0.244275
2595 112 16 12 0.25
2596 116 24 12 0.310345
2597 150 16 11 0.18
2598 147 11 18 0.197279
2599 103 10 18 0.271845
2600 128 15 22 0.289062
2601 139 18 19 0.266187
2602 150 16 17 0.22
2603 142 22 12 0.239437
2604 146 24 19 0.294521
2605 169 16 18 0.201183
2606 160 11 20 0.19375
2607 159 16 20 0.226415
2608 180 24 17 0.227778
2609 191 28 18 0.240838
2610 215 19 15 0.15814
2611 194 15 24 0.201031
2612 187 16 26 0.224599
2613 221 24 20 0.199095
2614 179 15 13 0.156425
2615 177 23 19 0.237288
2616 177 18 20 0.214689
2617 216 21 18 0.180556
2618 186 19 21 0.215054
2619 186 22 19 0.22043
2620 209 18 23 0.196172
2621 196 23 21 0.22449
2622 187 18 23 0.219251
2623 239 31 26 0.238494
2624 237 17 14 0.130802
2625 195 15 15 0.153846
2626 175 18 15 0.188571
2627 169 20 26 0.272189
2628 167 19 20 0.233533
2629 153 15 17 0.20915
2630 179 21 17 0.212291
2631 185 25 20 0.243243
2632 181 22 21 0.237569
2633 224 19 22 0.183036
2634 196 18 24 0.214286
2635 203 17 25 0.206897
2636 195 17 12 0.148718
2637 176 26 12 0.215909
2638 157 20 11 0.197452
2639 156 14 24 0.24359
2640 154 10 33 0.279221
2641 185 19 19 0.205405
2642 169 31 11 0.248521
2643 197 22 16 0.192893
2644 160 14 29 0.26875
2645 195 11 24 0.179487
2646 158 17 10 0.170886
2647 144 22 9 0.215278
2648 147 26 17 0.292517
2649 170 14 15 0.170588
2650 122 11 28 0.319672
2651 137 11 21 0.233577
2652 130 20 12 0.246154
2653 144 22 8 0.208333
2654 125 10 12 0.176
2655 115 11 16 0.234783
2656 112 10 23 0.294643
2657 129 18 12 0.232558
2658 114 18 8 0.22807
2659 115 23 13 0.313043
2660 146 14 12 0.178082
2661 101 6 12 0.178218
2662 93 6 22 0.301075
2663 96 6 17 0.239583
2664 88 13 9 0.25
2665 83 17 5 0.26506
2666 74 18 6 0.324324
2667 106 15 13 0.264151
2668 99 9 14 0.232323
2669 108 15 18 0.305556
2670 101 12 14 0.257426
2671 119 12 14 0.218487
2672 107 6 13 0.17757
2673 76 16 11 0.355263
2674 94 17 16 0.351064
2675 117 13 17 0.25641
2676 109 8 11 0.174312
2677 109 24 16 0.366972
2678 147 20 15 0.238095
2679 134 13 15 0.208955
2680 134 16 24 0.298507
2681 193 21 16 0.19171
2682 156 18 14 0.205128
2683 146 19 14 0.226027
2684 153 21 18 0.254902
2685 175 15 21 0.205714
2686 140 13 20 0.235714
2687 145 19 11 0.206897
2688 152 17 16 0.217105
2689 142 15 16 0.21831
2690 145 14 19 0.227586
2691 134 17 17 0.253731
2692 162 18 24 0.259259
2693 165 19 14 0.2
2694 158 23 23 0.291139
2695 191 20 19 0.204188
2696 157 12 17 0.184713
2697 144 22 17 0.270833
2698 174 22 15 0.212644
2699 159 20 25 0.283019
2700 206 11 24 0.169903
2701 170 15 20 0.205882
2702 155 21 14 0.225806
2703 166 35 10 0.271084
2704 198 21 18 0.19697
2705 232 14 31 0.193966
2706 209 19 33 0.248804
2707 256 26 15 0.160156
2708 239 22 15 0.154812
2709 188 11 18 0.154255
2710 168 17 28 0.267857
2711 185 20 17 0.2
2712 186 28 16 0.236559
2713 210 25 16 0.195238
2714 181 14 16 0.165746
2715 165 8 24 0.193939
2716 167 12 21 0.197605
2717 161 23 12 0.217391
2718 143 27 18 0.314685
2719 164 16 23 0.237805
2720 211 12 22 0.161137
2721 160 18 17 0.21875
2722 158 19 11 0.189873
2723 149 26 11 0.248322
2724 163 14 21 0.214724
2725 153 14 22 0.235294
2726 183 21 24 0.245902
2727 197 24 19 0.218274
2728 263 27 14 0.155894
2729 252 17 25 0.166667
2730 202 21 27 0.237624
2731 236 22 17 0.165254
2732 198 21 17 0.191919
2733 182 21 16 0.203297
2734 172 12 24 0.209302
2735 181 12 20 0.176796
2736 156 14 19 0.211538
2737 149 20 11 0.208054
2738 146 12 14 0.178082
2739 158 26 18 0.278481
2740 161 11 17 0.173913
2741 147 15 24 0.265306
2742 167 13 17 0.179641
2743 138 21 12 0.23913
2744 150 21 13 0.226667
2745 142 26 16 0.295775
2746 177 23 24 0.265537
2747 181 11 22 0.18232
2748 164 15 25 0.243902
2749 165 19 10 0.175758
2750 188 15 13 0.148936
2751 128 19 16 0.273438
2752 157 16 26 0.267516
2753 163 16 19 0.214724
2754 181 22 13 0.19337
2755 152 13 10 0.151316
2756 129 26 17 0.333333
2757 142 17 14 0.21831
2758 141 13 22 0.248227
2759 160 14 23 0.23125
2760 168 18 20 0.22619
2761 186 21 16 0.198925
2762 179 22 10 0.178771
2763 202 17 23 0.19802
2764 179 16 22 0.212291
2765 182 20 22 0.230769
2766 196 20 17 0.188776
2767 204 23 14 0.181373
2768 163 13 14 0.165644
2769 162 14 26 0.246914
2770 149 15 19 0.228188
2771 184 23 10 0.179348
2772 172 19 17 0.209302
2773 178 17 19 0.202247
2774 154 12 25 0.24026
2775 197 22 22 0.22335
2776 215 28 13 0.190698
2777 211 17 19 0.170616
2778 217 12 28 0.184332
2779 198 15 20 0.176768
2780 180 16 14 0.166667
2781 144 24 11 0.243056
2782 160 24 16 0.25
2783 174 14 21 0.201149
2784 164 18 29 0.286585
2785 207 28 17 0.217391
2786 190 24 15 0.205263
2787 187 14 20 0.181818
2788 171 17 27 0.25731
2789 210 22 22 0.209524
2790 213 31 16 0.220657
2791 217 17 16 0.152074
2792 221 18 28 0.208145
2793 194 16 21 0.190722
2794 185 14 22 0.194595
2795 176 27 15 0.238636
2796 185 22 14 0.194595
2797 204 19 27 0.22549
2798 211 16 22 0.180095
2799 195 20 19 0.2
2800 197 23 15 0.192893
2801 197 21 21 0.213198
2802 213 22 23 0.211268
2803 189 17 16 0.174603
2804 182 18 17 0.192308
2805 189 20 19 0.206349
2806 159 18 22 0.251572
2807 204 15 19 0.166667
2808 140 17 15 0.228571
2809 183 25 21 0.251366
2810 193 13 19 0.165803
2811 173 19 17 0.208092
2812 154 14 19 0.214286
2813 158 25 19 0.278481
2814 159 22 18 0.251572
2815 191 15 26 0.21466
2816 179 17 22 0.217877
2817 185 24 13 0.2
2818 168 18 10 0.166667
2819 159 23 21 0.27673
2820 171 16 12 0.163743
2821 149 13 27 0.268456
2822 162 19 18 0.228395
2823 150 22 14 0.24
2824 154 14 20 0.220779
2825 145 13 17 0.206897
2826 169 16 25 0.242604
2827 190 20 17 0.194737
2828 188 23 13 0.191489
2829 150 18 10 0.186667
2830 144 10 12 0.152778
2831 79 11 19 0.379747
2832 104 10 12 0.211538
2833 95 9 10 0.2
2834 61 10 7 0.278689
2835 73 13 10 0.315068
2836 84 17 13 0.357143
2837 121 12 17 0.239669
2838 143 20 24 0.307692
2839 154 16 17 0.214286
2840 173 20 20 0.231214
2841 172 20 18 0.22093
2842 172 20 15 0.203488
2843 160 14 21 0.21875
2844 171 18 16 0.19883
2845 154 16 19 0.227273
2846 149 19 14 0.221477
2847 184 18 18 0.195652
2848 141 18 18 0.255319
2849 200 23 20 0.215
2850 192 23 20 0.223958
2851 219 17 21 0.173516
2852 205 18 18 0.17561
2853 178 18 13 0.174157
2854 147 16 24 0.272109
2855 166 22 29 0.307229
2856 206 29 17 0.223301
2857 223 26 24 0.224215
2858 272 20 19 0.143382
2859 237 21 24 0.189873
2860 218 18 24 0.192661
2861 213 18 15 0.15493
2862 153 18 19 0.24183
2863 205 25 17 0.204878
2864 222 25 23 0.216216
2865 209 20 27 0.22488
2866 219 15 18 0.150685
2867 173 20 16 0.208092
2868 197 22 21 0.218274
2869 203 20 16 0.17734
2870 186 13 22 0.188172
2871 173 12 20 0.184971
2872 149 20 17 0.248322
2873 183 30 14 0.240437
2874 170 14 15 0.170588
2875 168 9 25 0.202381
2876 155 14 21 0.225806
2877 159 23 13 0.226415
2878 138 25 10 0.253623
2879 161 21 17 0.236025
2880 175 16 22 0.217143
2881 137 9 22 0.226277
2882 162 16 22 0.234568
2883 145 24 13 0.255172
2884 174 30 15 0.258621
2885 219 18 22 0.182648
2886 166 10 30 0.240964
2887 189 18 18 0.190476
2888 179 21 18 0.217877
2889 182 30 22 0.285714
2890 222 19 21 0.18018
2891 251 20 22 0.167331
2892 228 24 20 0.192982
2893 224 26 20 0.205357
2894 216 15 22 0.171296
2895 181 13 23 0.198895
2896 174 12 19 0.178161
2897 152 22 14 0.236842
2898 195 22 16 0.194872
2899 192 27 17 0.229167
2900 202 25 29 0.267327
2901 229 15 23 0.165939
2902 230 18 19 0.16087
2903 192 22 21 0.223958
2904 245 30 19 0.2
2905 218 14 13 0.123853
2906 156 10 19 0.185897
2907 157 16 20 0.229299
2908 178 17 16 0.185393
2909 157 26 17 0.273885
2910 164 18 18 0.219512
2911 169 14 18 0.189349
2912 147 12 17 0.197279
2913 108 13 22 0.324074
2914 141 23 17 0.283688
2915 151 17 13 0.198675
2916 147 20 11 0.210884
2917 129 9 14 0.178295
2918 108 13 18 0.287037
2919 113 14 16 0.265487
2920 119 14 12 0.218487
2921 106 18 14 0.301887
2922 131 13 12 0.19084
2923 123 22 18 0.325203
2924 130 13 16 0.223077
2925 143 20 17 0.258741
2926 147 16 21 0.251701
2927 183 13 32 0.245902
2928 193 17 12 0.150259
2929 154 23 17 0.25974
2930 166 24 14 0.228916
2931 171 18 16 0.19883
2932 151 19 19 0.251656
2933 160 18 22 0.25
2934 168 16 16 0.190476
2935 157 18 16 0.216561
2936 150 17 20 0.246667
2937 189 21 25 0.243386
2938 197 17 18 0.177665
2939 178 19 21 0.224719
2940 187 20 19 0.208556
2941 190 24 14 0.2
2942 178 20 19 0.219101
2943 203 20 21 0.20197
2944 192 20 21 0.213542
2945 222 17 19 0.162162
2946 203 20 14 0.167488
2947 145 9 16 0.172414
2948 158 17 24 0.259494
2949 145 14 13 0.186207
2950 171 24 20 0.25731
2951 191 26 19 0.235602
2952 202 23 22 0.222772
2953 223 15 25 0.179372
2954 198 19 26 0.227273
2955 198 17 16 0.166667
2956 159 21 7 0.176101
2957 149 19 17 0.241611
2958 158 15 27 0.265823
2959 169 12 23 0.207101
2960 182 15 16 0.17033
2961 130 12 10 0.169231
2962 119 15 4 0.159664
2963 77 16 6 0.285714
2964 85 16 8 0.282353
2965 103 11 17 0.271845
2966 117 10 23 0.282051
2967 130 17 17 0.261538
2968 145 19 10 0.2
2969 136 20 11 0.227941
2970 134 15 13 0.208955
2971 123 10 23 0.268293
2972 139 19 27 0.330935
2973 164 16 15 0.189024
2974 159 24 15 0.245283
2975 173 20 13 0.190751
2976 153 15 20 0.228758
2977 137 18 23 0.29927
2978 182 19 25 0.241758
2979 187 20 14 0.181818
2980 185 24 21 0.243243
2981 180 17 16 0.183333
2982 166 15 22 0.222892
2983 159 27 19 0.289308
2984 207 21 22 0.207729
2985 177 18 24 0.237288
2986 212 26 28 0.254717
2987 216 19 9 0.12963
2988 196 17 22 0.19898
2989 168 17 23 0.238095
2990 200 21 28 0.245
2991 213 19 14 0.15493
2992 181 25 18 0.237569
2993 193 17 23 0.207254
2994 203 22 27 0.241379
2995 191 22 16 0.198953
2996 205 17 18 0.170732
2997 165 22 12 0.206061
2998 197 20 24 0.22335
2999 168 16 16 0.190476
3000 177 20 18 0.214689
3001 154 19 19 0.246753
3002 170 21 18 0.229412
3003 193 22 21 0.222798
3004 223 21 21 0.188341
3005 227 16 28 0.193833
3006 178 22 14 0.202247
3007 202 24 23 0.232673
3008 185 13 21 0.183784
3009 188 14 24 0.202128
3010 193 23 13 0.186528
3011 174 23 21 0.252874
3012 195 21 17 0.194872
3013 180 19 27 0.255556
3014 234 29 25 0.230769
3015 245 20 15 0.142857
3016 210 24 23 0.22381
3017 205 14 19 0.160976
3018 175 19 27 0.262857
3019 204 27 13 0.196078
3020 200 24 20 0.22
3021 186 18 23 0.22043
3022 232 15 26 0.176724
3023 177 13 12 0.141243
3024 198 23 20 0.217172
3025 156 13 16 0.185897
3026 164 28 12 0.243902
3027 157 19 17 0.229299
3028 192 22 25 0.244792
3029 223 8 23 0.139013
3030 163 13 20 0.202454
3031 144 17 17 0.236111
3032 158 25 15 0.253165
3033 174 20 20 0.229885
3034 164 20 16 0.219512
3035 213 20 16 0.169014
3036 164 21 23 0.268293
3037 182 20 16 0.197802
3038 186 21 22 0.231183
3039 176 13 22 0.198864
3040 217 25 20 0.207373
3041 180 22 13 0.194444
3042 202 18 22 0.19802
3043 173 16 22 0.219653
3044 185 18 24 0.227027
3045 191 24 22 0.240838
3046 194 27 22 0.252577
3047 179 17 13 0.167598
3048 192 16 24 0.208333
3049 188 17 14 0.164894
3050 176 17 15 0.181818
3051 172 28 21 0.284884
3052 189 12 18 0.15873
3053 187 17 25 0.224599
3054 174 14 22 0.206897
3055 157 19 8 0.171975
3056 137 21 8 0.211679
3057 138 26 19 0.326087
3058 184 12 23 0.190217
3059 161 16 20 0.223602
3060 152 15 19 0.223684
3061 155 17 20 0.23871
3062 144 14 12 0.180556
3063 134 15 13 0.208955
3064 123 16 19 0.284553
3065 131 17 20 0.282443
3066 146 21 15 0.246575
3067 161 20 12 0.198758
3068 175 18 26 0.251429
3069 157 9 20 0.184713
3070 158 16 20 0.227848
3071 156 22 14 0.230769
3072 135 35 9 0.325926
3073 207 21 20 0.198068
3074 161 8 32 0.248447
3075 180 11 24 0.194444
3076 168 20 15 0.208333
3077 158 29 10 0.246835
3078 201 29 20 0.243781
3079 218 8 24 0.146789
3080 190 10 28 0.2
3081 183 16 14 0.163934
3082 124 22 9 0.25
3083 143 24 12 0.251748
3084 154 18 15 0.214286
3085 135 11 27 0.281481
3086 164 17 27 0.268293
3087 185 28 15 0.232432
3088 184 27 14 0.222826
3089 220 18 19 0.168182
3090 157 11 27 0.242038
3091 178 16 22 0.213483
3092 170 22 18 0.235294
3093 157 15 10 0.159236
3094 131 23 16 0.29771
3095 146 14 19 0.226027
3096 179 19 22 0.22905
3097 125 17 12 0.232
3098 153 19 16 0.228758
3099 153 16 19 0.228758
3100 125 14 15 0.232
3101 134 19 14 0.246269
3102 141 22 17 0.276596
3103 167 20 19 0.233533
3104 178 14 23 0.207865
3105 190 15 21 0.189474
3106 164 20 18 0.231707
3107 187 24 18 0.224599
3108 202 15 22 0.183168
3109 176 16 20 0.204545
3110 177 28 11 0.220339
3111 223 25 16 0.183857
3112 201 12 17 0.144279
3113 159 12 19 0.194969
3114 133 15 23 0.285714
3115 183 25 18 0.234973
3116 196 22 17 0.19898
3117 173 15 19 0.196532
3118 177 12 26 0.214689
3119 169 20 20 0.236686
3120 188 29 22 0.271277
3121 230 23 21 0.191304
3122 219 18 25 0.196347
3123 199 19 24 0.21608
3124 218 19 16 0.16055
3125 178 18 12 0.168539
3126 185 31 16 0.254054
3127 191 20 29 0.256545
3128 222 9 24 0.148649
3129 156 16 20 0.230769
3130 181 32 16 0.265193
3131 199 17 15 0.160804
3132 186 20 20 0.215054
3133 172 15 23 0.22093
3134 214 19 16 0.163551
3135 169 23 11 0.201183
3136 164 17 18 0.213415
3137 141 11 21 0.22695
3138 141 11 16 0.191489
3139 97 12 10 0.226804
3140 98 19 15 0.346939
3141 124 17 16 0.266129
3142 149 18 28 0.308725
3143 180 21 15 0.2
3144 176 24 15 0.221591
3145 170 17 19 0.211765
3146 169 18 22 0.236686
3147 203 17 20 0.182266
3148 192 19 20 0.203125
3149 183 22 20 0.229508
3150 209 26 23 0.23445
3151 231 27 20 0.203463
3152 215 17 20 0.172093
3153 184 14 25 0.211957
3154 198 23 21 0.222222
3155 210 25 22 0.22381
3156 197 19 19 0.192893
3157 239 23 28 0.213389
3158 215 18 14 0.148837
3159 202 21 20 0.20297
3160 166 16 17 0.198795
3161 173 26 21 0.271676
3162 203 17 18 0.172414
3163 198 24 25 0.247475
3164 210 22 24 0.219048
3165 220 16 21 0.168182
3166 231 18 16 0.147186
3167 186 16 16 0.172043
3168 164 22 19 0.25
3169 172 19 22 0.238372
3170 205 17 16 0.160976
3171 183 16 15 0.169399
3172 129 24 15 0.302326
3173 180 13 21 0.188889
3174 156 19 24 0.275641
3175 212 19 28 0.221698
3176 208 25 21 0.221154
3177 225 22 14 0.16
3178 184 27 16 0.233696
3179 207 16 18 0.164251
3180 189 18 26 0.232804
3181 190 19 27 0.242105
3182 192 25 19 0.229167
3183 196 19 14 0.168367
3184 174 20 18 0.218391
3185 195 20 19 0.2
3186 168 17 22 0.232143
3187 173 14 17 0.179191
3188 148 22 19 0.277027
3189 170 23 15 0.223529
3190 161 16 17 0.204969
3191 134 16 22 0.283582
3192 148 15 19 0.22973
3193 136 11 16 0.198529
3194 125 22 16 0.304
3195 174 26 18 0.252874
3196 174 17 13 0.172414
3197 167 16 27 0.257485
3198 194 17 25 0.216495
3199 223 23 14 0.165919
3200 207 27 15 0.202899
3201 217 16 20 0.165899
3202 182 13 26 0.214286
3203 200 14 26 0.2
3204 172 24 15 0.226744
3205 159 15 11 0.163522
3206 152 27 16 0.282895
3207 184 17 24 0.222826
3208 184 19 25 0.23913
3209 198 23 25 0.242424
3210 221 27 17 0.199095
3211 219 23 22 0.205479
3212 222 19 23 0.189189
3213 184 14 18 0.173913
3214 191 20 16 0.188482
3215 171 23 15 0.222222
3216 216 22 26 0.222222
3217 208 21 18 0.1875
3218 209 16 19 0.167464
3219 176 18 21 0.221591
3220 178 18 22 0.224719
3221 221 21 25 0.208145
3222 195 19 13 0.164103
3223 204 29 21 0.245098
3224 206 13 19 0.15534
3225 222 26 23 0.220721
3226 204 18 18 0.176471
3227 207 19 28 0.227053
3228 227 19 20 0.171806
3229 199 26 17 0.21608
3230 225 27 21 0.213333
3231 213 11 16 0.126761
3232 187 14 29 0.229947
3233 201 23 16 0.19403
3234 192 29 15 0.229167
3235 220 17 19 0.163636
3236 169 11 24 0.207101
3237 164 19 23 0.256098
3238 202 29 16 0.222772
3239 195 19 15 0.174359
3240 186 20 17 0.198925
3241 142 12 20 0.225352
3242 183 23 20 0.234973
3243 162 15 13 0.17284
3244 178 19 20 0.219101
3245 158 16 19 0.221519
3246 184 22 25 0.255435
3247 172 16 22 0.22093
3248 192 18 22 0.208333
3249 199 28 15 0.21608
3250 209 21 18 0.186603
3251 199 16 18 0.170854
3252 182 14 28 0.230769
3253 180 19 24 0.238889
3254 192 19 16 0.182292
3255 173 28 10 0.219653
3256 169 20 18 0.224852
3257 162 15 19 0.209877
3258 181 10 25 0.19337
3259 174 22 16 0.218391
3260 141 23 10 0.234043
3261 145 17 20 0.255172
3262 151 13 18 0.205298
3263 141 14 26 0.283688
3264 172 17 10 0.156977
3265 138 27 13 0.289855
3266 172 14 17 0.180233
3267 133 11 19 0.225564
3268 152 19 22 0.269737
3269 196 24 22 0.234694
3270 202 21 20 0.20297
3271 194 22 18 0.206186
3272 203 22 19 0.20197
3273 219 18 27 0.205479
3274 225 15 20 0.155556
3275 188 16 11 0.143617
3276 208 22 18 0.192308
3277 172 19 26 0.261628
3278 210 13 22 0.166667
3279 167 25 10 0.209581
3280 166 25 14 0.23494
3281 154 16 15 0.201299
3282 142 18 15 0.232394
3283 124 8 16 0.193548
3284 111 10 24 0.306306
3285 147 23 17 0.272109
3286 173 20 20 0.231214
3287 190 26 23 0.257895
3288 213 17 21 0.178404
3289 190 15 20 0.184211
3290 189 18 20 0.201058
3291 177 30 12 0.237288
3292 205 24 22 0.22439
3293 193 17 23 0.207254
3294 237 20 23 0.181435
3295 191 20 19 0.204188
3296 206 19 22 0.199029
3297 190 24 19 0.226316
3298 211 19 23 0.199052
3299 186 17 20 0.198925
3300 167 17 15 0.191617
3301 172 18 16 0.197674
3302 158 21 28 0.310127
3303 223 16 23 0.174888
3304 219 27 25 0.237443
3305 193 22 13 0.181347
3306 210 21 20 0.195238
3307 184 16 19 0.190217
3308 194 20 18 0.195876
3309 150 12 14 0.173333
3310 147 15 14 0.197279
3311 123 18 16 0.276423
3312 126 15 8 0.18254
3313 112 13 12 0.223214
3314 129 10 17 0.209302
3315 84 8 11 0.22619
3316 105 13 17 0.285714
3317 119 21 18 0.327731
3318 175 19 17 0.205714
3319 154 20 18 0.246753
3320 170 22 23 0.264706
3321 198 16 23 0.19697
3322 201 22 16 0.189055
3323 170 20 12 0.188235
3324 162 21 18 0.240741
3325 169 12 17 0.171598
3326 168 10 24 0.202381
3327 153 9 16 0.163399
3328 125 22 17 0.312
3329 157 25 10 0.22293
3330 158 23 20 0.272152
3331 190 20 21 0.215789
3332 172 16 19 0.203488
3333 214 24 26 0.233645
3334 223 16 26 0.188341
3335 222 20 21 0.184685
3336 189 24 15 0.206349
3337 206 26 18 0.213592
3338 211 20 25 0.21327
3339 285 14 22 0.126316
3340 186 17 22 0.209677
3341 195 19 14 0.169231
3342 158 23 12 0.221519
3343 177 17 18 0.19774
3344 184 18 19 0.201087
3345 181 19 19 0.209945
3346 192 18 19 0.192708
3347 167 19 14 0.197605
3348 181 20 21 0.226519
3349 185 20 26 0.248649
3350 184 18 17 0.190217
3351 193 26 18 0.227979
3352 230 20 18 0.165217
3353 240 18 23 0.170833
3354 179 17 31 0.268156
3355 229 23 16 0.170306
3356 184 19 10 0.157609
3357 157 15 19 0.216561
3358 154 19 32 0.331169
3359 198 23 23 0.232323
3360 235 26 16 0.178723
3361 212 19 11 0.141509
3362 144 14 25 0.270833
3363 198 16 22 0.191919
3364 178 19 21 0.224719
3365 196 30 19 0.25
3366 222 25 21 0.207207
3367 235 20 20 0.170213
3368 219 15 27 0.191781
3369 231 21 15 0.155844
3370 182 25 16 0.225275
3371 200 20 20 0.2
3372 169 14 27 0.242604
3373 207 20 21 0.198068
3374 190 22 15 0.194737
3375 173 19 14 0.190751
3376 177 22 24 0.259887
3377 197 16 23 0.19797
3378 222 18 24 0.189189
3379 191 24 15 0.204188
3380 168 24 16 0.238095
3381 185 19 17 0.194595
3382 166 10 15 0.150602
3383 166 12 21 0.198795
3384 149 9 21 0.201342
3385 148 21 13 0.22973
3386 112 19 12 0.276786
3387 138 20 13 0.23913
3388 110 17 14 0.281818
3389 154 16 18 0.220779
3390 111 9 16 0.225225
3391 128 16 16 0.25
3392 142 16 17 0.232394
3393 131 17 12 0.221374
3394 143 24 15 0.272727
3395 144 14 20 0.236111
3396 153 10 25 0.228758
3397 162 16 23 0.240741
3398 157 21 10 0.197452
3399 142 25 9 0.239437
3400 184 23 19 0.228261
3401 189 10 26 0.190476
3402 175 9 28 0.211429
3403 203 21 14 0.172414
3404 152 24 9 0.217105
3405 164 23 11 0.207317
3406 150 11 23 0.226667
3407 157 12 26 0.242038
3408 151 15 18 0.218543
3409 162 29 16 0.277778
3410 175 25 12 0.211429
3411 201 14 27 0.20398
3412 168 14 22 0.214286
3413 159 17 19 0.226415
3414 157 21 12 0.210191
3415 166 17 13 0.180723
3416 153 17 18 0.228758
3417 135 16 19 0.259259
3418 146 18 19 0.253425
3419 153 21 17 0.248366
3420 173 21 20 0.236994
3421 199 18 19 0.18593
3422 149 14 14 0.187919
3423 166 22 24 0.277108
3424 175 14 23 0.211429
3425 187 20 20 0.213904
3426 165 24 11 0.212121
3427 166 26 12 0.228916
3428 157 15 16 0.197452
3429 144 17 23 0.277778
3430 178 13 20 0.185393
3431 155 17 22 0.251613
3432 181 20 18 0.209945
3433 193 22 17 0.202073
3434 162 15 17 0.197531
3435 169 21 20 0.242604
3436 187 15 20 0.187166
3437 164 13 25 0.231707
3438 176 20 14 0.193182
3439 161 22 19 0.254658
3440 181 25 17 0.232044
3441 198 21 25 0.232323
3442 204 18 19 0.181373
3443 208 17 22 0.1875
3444 198 23 21 0.222222
3445 206 21 12 0.160194
3446 176 21 13 0.193182
3447 189 21 19 0.21164
3448 161 14 24 0.236025
3449 187 13 22 0.187166
3450 163 20 17 0.226994
3451 154 21 10 0.201299
3452 148 16 13 0.195946
3453 103 11 22 0.320388
3454 137 17 24 0.29927
3455 166 19 12 0.186747
3456 157 17 7 0.152866
3457 173 18 20 0.219653
3458 140 10 21 0.221429
3459 144 20 26 0.319444
3460 185 27 17 0.237838
3461 164 20 20 0.243902
3462 195 23 24 0.241026
3463 205 18 17 0.170732
3464 179 21 25 0.256983
3465 232 24 17 0.176724
3466 210 21 15 0.171429
3467 187 15 25 0.213904
3468 209 21 23 0.210526
3469 190 17 19 0.189474
3470 191 22 14 0.188482
3471 185 21 17 0.205405
3472 208 18 32 0.240385
3473 222 13 23 0.162162
3474 207 23 19 0.202899
3475 195 28 12 0.205128
3476 204 22 16 0.186275
3477 188 15 23 0.202128
3478 167 13 24 0.221557
3479 192 27 21 0.25
3480 192 21 14 0.182292
3481 213 20 17 0.173709
3482 197 18 20 0.192893
3483 195 9 23 0.164103
3484 155 14 21 0.225806
3485 178 28 17 0.252809
3486 209 23 16 0.186603
3487 200 22 19 0.205
3488 171 13 24 0.216374
3489 190 14 26 0.210526
3490 202 24 15 0.193069
3491 200 19 16 0.175
3492 170 15 18 0.194118
3493 166 21 13 0.204819
3494 175 22 16 0.217143
3495 202 13 22 0.173267
3496 172 20 28 0.27907
3497 199 24 19 0.21608
3498 193 25 13 0.196891
3499 224 22 18 0.178571
3500 205 20 19 0.190244
3501 159 10 22 0.201258
3502 149 12 21 0.221477
3503 158 17 19 0.227848
3504 166 21 16 0.222892
3505 179 24 20 0.24581
3506 194 16 16 0.164948
3507 171 20 25 0.263158
3508 181 14 17 0.171271
3509 184 31 20 0.277174
3510 235 26 20 0.195745
3511 266 14 21 0.131579
3512 200 22 21 0.215
3513 201 19 17 0.179104
3514 203 21 19 0.197044
3515 218 21 21 0.192661
3516 214 18 17 0.163551
3517 210 21 25 0.219048
3518 200 18 21 0.195
3519 220 20 25 0.204545
3520 238 16 17 0.138655
3521 168 21 19 0.238095
3522 179 22 15 0.206704
3523 176 18 27 0.255682
3524 210 22 19 0.195238
3525 206 22 17 0.18932
3526 181 23 19 0.232044
3527 197 21 27 0.243655
3528 207 17 21 0.183575
3529 193 23 20 0.222798
3530 232 20 23 0.185345
3531 206 15 18 0.160194
3532 180 25 17 0.233333
3533 164 17 15 0.195122
3534 153 14 23 0.24183
3535 143 16 20 0.251748
3536 165 21 14 0.212121
3537 137 21 8 0.211679
3538 134 22 17 0.291045
3539 155 16 21 0.23871
3540 184 14 23 0.201087
3541 146 17 24 0.280822
3542 185 20 18 0.205405
3543 169 21 13 0.201183
3544 180 19 15 0.188889
3545 154 19 17 0.233766
3546 172 14 21 0.203488
3547 156 13 24 0.237179
3548 170 18 15 0.194118
3549 181 25 16 0.226519
3550 152 16 11 0.177632
3551 136 13 16 0.213235
3552 115 11 20 0.269565
3553 164 19 23 0.256098
3554 157 17 15 0.203822
3555 155 24 13 0.23871
3556 173 14 14 0.16185
3557 144 16 16 0.222222
3558 144 18 23 0.284722
3559 171 21 15 0.210526
3560 174 21 21 0.241379
3561 184 22 20 0.228261
3562 190 17 20 0.194737
3563 175 14 23 0.211429
3564 171 17 12 0.169591
3565 137 17 18 0.255474
3566 182 20 24 0.241758
3567 179 15 19 0.189944
3568 171 22 18 0.233918
3569 172 19 16 0.203488
3570 206 19 19 0.184466
3571 147 18 22 0.272109
3572 169 17 20 0.218935
3573 144 27 18 0.3125
3574 241 23 26 0.20332
3575 250 22 20 0.168
3576 233 22 30 0.223176
3577 232 22 19 0.176724
3578 210 13 16 0.138095
3579 204 20 19 0.191176
3580 175 20 13 0.188571
3581 173 21 12 0.190751
3582 144 15 16 0.215278
3583 147 11 24 0.238095
3584 152 8 20 0.184211
3585 126 13 11 0.190476
3586 101 15 7 0.217822
3587 77 18 8 0.337662
3588 80 12 9 0.2625
3589 96 17 16 0.34375
3590 122 11 15 0.213115
3591 109 13 12 0.229358
3592 94 8 17 0.265957
3593 84 10 13 0.27381
3594 88 14 9 0.261364
3595 94 11 13 0.255319
3596 95 17 13 0.315789
3597 111 19 15 0.306306
3598 123 11 15 0.211382
3599 109 19 14 0.302752
3600 140 12 15 0.192857
3601 102 13 10 0.22549
3602 90 10 11 0.233333
3603 77 9 12 0.272727
3604 78 8 13 0.269231
3605 91 12 12 0.263736
3606 100 22 12 0.34
3607 162 23 18 0.253086
3608 141 14 14 0.198582
3609 133 16 22 0.285714
3610 151 11 16 0.178808
3611 148 18 19 0.25
3612 131 16 20 0.274809
3613 159 18 23 0.257862
3614 197 26 19 0.228426
3615 188 12 9 0.111702
3616 121 11 18 0.239669
3617 161 18 22 0.248447
3618 160 30 13 0.26875
3619 201 22 21 0.21393
3620 222 18 29 0.211712
3621 249 20 24 0.176707
3622 229 29 19 0.209607
3623 217 21 17 0.175115
3624 193 16 17 0.170984
3625 184 15 21 0.195652
3626 158 16 19 0.221519
3627 150 15 14 0.193333
3628 112 18 15 0.294643
3629 144 22 12 0.236111
3630 162 17 17 0.209877
3631 150 12 22 0.226667
3632 148 17 22 0.263514
3633 154 15 16 0.201299
3634 146 19 9 0.191781
3635 115 19 9 0.243478
3636 105 15 12 0.257143
3637 106 8 16 0.226415
3638 109 4 27 0.284404
3639 121 8 21 0.239669
3640 132 21 9 0.227273
3641 127 30 8 0.299213
3642 161 25 18 0.267081
3643 188 15 24 0.207447
3644 165 10 31 0.248485
3645 167 17 17 0.203593
3646 169 23 11 0.201183
3647 140 25 11 0.257143
3648 179 19 20 0.217877
3649 145 8 22 0.206897
3650 196 16 24 0.204082
3651 169 24 13 0.218935
3652 184 26 15 0.222826
3653 171 14 18 0.187135
3654 199 12 24 0.180905
3655 159 15 20 0.220126
3656 152 20 16 0.236842
3657 187 29 10 0.208556
3658 160 20 19 0.24375
3659 188 14 29 0.228723
3660 171 15 20 0.204678
3661 189 23 15 0.201058
3662 172 21 13 0.197674
3663 154 20 17 0.24026
3664 177 13 33 0.259887
3665 189 14 19 0.174603
3666 173 19 17 0.208092
3667 141 25 10 0.248227
3668 174 20 16 0.206897
3669 153 14 23 0.24183
3670 200 19 29 0.24
3671 195 26 12 0.194872
3672 179 31 15 0.256983
3673 186 12 14 0.139785
3674 144 8 25 0.229167
3675 155 8 27 0.225806
3676 167 25 14 0.233533
3677 150 23 7 0.2
3678 141 25 12 0.262411
3679 154 18 21 0.253247
3680 177 11 28 0.220339
3681 163 14 21 0.214724
3682 163 18 18 0.220859
3683 168 21 17 0.22619
3684 145 17 13 0.206897
3685 151 16 20 0.238411
3686 155 19 18 0.23871
3687 135 16 11 0.2
3688 156 23 22 0.288462
3689 197 21 11 0.162437
3690 170 17 20 0.217647
3691 184 12 23 0.190217
3692 159 15 23 0.238994
3693 187 21 20 0.219251
3694 192 25 17 0.21875
3695 193 21 19 0.207254
3696 156 16 15 0.198718
3697 190 17 23 0.210526
3698 171 19 15 0.19883
3699 165 22 14 0.218182
3700 155 18 16 0.219355
3701 167 12 17 0.173653
3702 160 21 18 0.24375
3703 145 16 21 0.255172
3704 168 23 23 0.27381
3705 202 20 20 0.19802
3706 152 13 19 0.210526
3707 212 22 31 0.25
3708 210 22 17 0.185714
3709 190 17 13 0.157895
3710 172 19 21 0.232558
3711 195 20 21 0.210256
3712 185 19 19 0.205405
3713 167 19 14 0.197605
3714 188 22 21 0.228723
3715 177 15 18 0.186441
3716 186 18 23 0.22043
3717 155 16 16 0.206452
3718 181 26 14 0.220994
3719 175 21 17 0.217143
3720 195 17 20 0.189744
3721 183 16 23 0.213115
3722 181 21 26 0.259669
3723 192 19 18 0.192708
3724 191 26 16 0.219895
3725 175 19 24 0.245714
3726 202 17 23 0.19802
3727 193 17 21 0.196891
3728 170 16 13 0.170588
3729 137 15 12 0.19708
3730 141 16 15 0.219858
3731 149 18 12 0.201342
3732 144 14 16 0.208333
3733 144 16 16 0.222222
3734 140 21 14 0.25
3735 149 19 19 0.255034
3736 165 15 24 0.236364
3737 166 18 19 0.222892
3738 188 20 24 0.234043
3739 211 26 15 0.194313
3740 219 25 19 0.200913
3741 206 12 21 0.160194
3742 172 14 24 0.22093
3743 155 18 17 0.225806
3744 136 19 8 0.198529
3745 124 20 12 0.258065
3746 134 13 12 0.186567
3747 98 11 17 0.285714
3748 151 13 24 0.245033
3749 145 18 21 0.268966
3750 173 26 14 0.231214
3751 191 24 15 0.204188
3752 149 14 18 0.214765
3753 178 17 33 0.280899
3754 199 18 21 0.19598
3755 182 24 14 0.208791
3756 210 24 18 0.2
3757 235 20 27 0.2
3758 184 19 19 0.206522
3759 209 17 20 0.177033
3760 175 15 21 0.205714
3761 189 20 19 0.206349
3762 176 23 12 0.198864
3763 211 19 26 0.21327
3764 154 19 22 0.266234
3765 197 26 22 0.243655
3766 181 17 12 0.160221
3767 188 22 18 0.212766
3768 171 16 17 0.192982
3769 189 19 26 0.238095
3770 179 15 24 0.217877
3771 181 28 19 0.259669
3772 207 18 18 0.173913
3773 200 19 21 0.2
3774 189 17 22 0.206349
3775 199 26 16 0.211055
3776 185 23 15 0.205405
3777 185 21 22 0.232432
3778 184 11 19 0.163043
3779 166 17 20 0.222892
3780 168 11 13 0.142857
3781 119 11 11 0.184874
3782 102 16 16 0.313725
3783 97 14 13 0.278351
3784 105 12 13 0.238095
3785 95 20 9 0.305263
3786 117 14 15 0.247863
3787 119 11 11 0.184874
3788 88 10 15 0.284091
3789 84 10 13 0.27381
3790 126 22 13 0.277778
3791 125 22 16 0.304
3792 181 19 27 0.254144
3793 173 12 25 0.213873
3794 195 21 19 0.205128
3795 165 20 10 0.181818
3796 168 21 20 0.244048
3797 157 16 16 0.203822
3798 140 14 16 0.214286
3799 137 19 22 0.29927
3800 175 24 23 0.268571
3801 205 26 21 0.229268
3802 231 18 21 0.168831
3803 225 19 27 0.204444
3804 218 28 15 0.197248
3805 229 19 13 0.139738
3806 197 16 20 0.182741
3807 178 17 20 0.207865
3808 143 17 20 0.258741
3809 187 26 23 0.262032
3810 196 29 21 0.255102
3811 217 17 22 0.179724
3812 198 15 24 0.19697
3813 183 13 27 0.218579
3814 184 23 13 0.195652
3815 197 30 20 0.253807
3816 220 17 16 0.15
3817 180 12 24 0.2
3818 202 20 24 0.217822
3819 221 23 19 0.190045
3820 237 24 19 0.181435
3821 227 21 14 0.154185
3822 181 15 20 0.19337
3823 172 16 17 0.19186
3824 196 17 19 0.183673
3825 168 19 19 0.22619
3826 176 19 23 0.238636
3827 187 21 21 0.224599
3828 208 27 17 0.211538
3829 195 18 19 0.189744
3830 202 16 20 0.178218
3831 165 17 25 0.254545
3832 197 22 17 0.19797
3833 186 18 16 0.182796
3834 193 21 16 0.19171
3835 191 15 24 0.204188
3836 186 23 17 0.215054
3837 183 26 22 0.262295
3838 219 19 18 0.16895
3839 189 14 22 0.190476
3840 188 20 20 0.212766
3841 176 20 22 0.238636
3842 179 20 14 0.189944
3843 182 19 16 0.192308
3844 154 18 18 0.233766
3845 138 12 19 0.224638
3846 139 19 17 0.258993
3847 149 22 14 0.241611
3848 159 20 17 0.232704
3849 168 13 22 0.208333
3850 188 18 29 0.25
3851 200 15 12 0.135
3852 171 25 15 0.233918
3853 175 19 17 0.205714
3854 182 18 21 0.214286
3855 171 10 27 0.216374
3856 185 14 22 0.194595
3857 161 24 13 0.229814
3858 128 22 12 0.265625
3859 157 27 12 0.248408
3860 169 19 18 0.218935
3861 156 13 24 0.237179
3862 148 13 21 0.22973
3863 137 16 21 0.270073
3864 167 16 13 0.173653
3865 114 17 10 0.236842
3866 126 14 9 0.18254
3867 103 15 16 0.300971
3868 100 17 19 0.36
3869 132 21 15 0.272727
3870 160 20 24 0.275
3871 158 14 19 0.208861
3872 183 18 14 0.174863
3873 133 16 10 0.195489
3874 154 16 20 0.233766
3875 140 10 24 0.242857
3876 179 27 24 0.284916
3877 165 14 18 0.193939
3878 189 27 13 0.21164
3879 187 13 22 0.187166
3880 190 14 22 0.189474
3881 167 17 16 0.197605
3882 163 23 13 0.220859
3883 161 30 13 0.267081
3884 174 15 21 0.206897
3885 168 13 30 0.255952
3886 161 11 14 0.15528
3887 141 21 10 0.219858
3888 110 14 9 0.209091
3889 136 21 13 0.25
3890 115 7 21 0.243478
3891 129 11 21 0.248062
3892 115 10 12 0.191304
3893 115 20 9 0.252174
3894 102 15 18 0.323529
3895 124 19 20 0.314516
3896 154 19 18 0.24026
3897 153 14 16 0.196078
3898 165 12 13 0.151515
3899 97 14 17 0.319588
3900 138 19 11 0.217391
3901 108 14 8 0.203704
3902 115 19 14 0.286957
3903 101 15 16 0.306931
3904 134 7 20 0.201493
3905 112 11 13 0.214286
3906 99 11 9 0.20202
3907 96 18 6 0.25
3908 86 15 9 0.27907
3909 82 7 13 0.243902
3910 88 5 16 0.238636
3911 66 3 14 0.257576
3912 66 8 8 0.242424
3913 57 11 7 0.315789
3914 53 11 4 0.283019
3915 56 14 4 0.321429
3916 76 14 7 0.276316
3917 64 11 8 0.296875
3918 81 8 7 0.185185
3919 49 2 12 0.285714
3920 49 2 15 0.346939
3921 60 0 16 0.266667
3922 58 3 14 0.293103
3923 52 4 3 0.134615
3924 37 17 3 0.540541
3925 77 19 3 0.285714
3926 98 18 8 0.265306
3927 84 12 10 0.261905
3928 73 10 12 0.30137
3929 92 14 10 0.26087
3930 111 12 20 0.288288
3931 133 14 28 0.315789
3932 203 21 19 0.197044
3933 139 15 11 0.18705
3934 177 26 18 0.248588
3935 165 17 20 0.224242
3936 212 20 29 0.231132
3937 192 20 14 0.177083
3938 198 28 19 0.237374
3939 205 17 24 0.2
3940 199 16 23 0.19598
3941 182 21 21 0.230769
3942 181 24 18 0.232044
3943 224 30 18 0.214286
3944 234 14 25 0.166667
3945 230 15 24 0.169565
3946 214 18 25 0.200935
3947 191 25 11 0.188482
3948 205 25 15 0.195122
3949 176 15 19 0.193182
3950 224 14 33 0.209821
3951 205 29 16 0.219512
3952 234 31 14 0.192308
3953 218 13 16 0.133028
3954 162 16 27 0.265432
3955 172 15 21 0.209302
3956 181 23 14 0.20442
3957 166 15 11 0.156627
3958 139 22 19 0.294964
3959 152 14 14 0.184211
3960 142 11 15 0.183099
3961 139 19 24 0.309353
3962 170 19 23 0.247059
3963 206 24 21 0.218447
3964 250 24 18 0.168
3965 191 17 16 0.172775
3966 177 18 22 0.225989
3967 207 16 24 0.193237
3968 215 20 22 0.195349
3969 221 31 19 0.226244
3970 241 22 14 0.149378
3971 197 21 26 0.238579
3972 219 16 26 0.191781
3973 208 19 22 0.197115
3974 195 20 21 0.210256
3975 198 20 21 0.207071
3976 215 25 16 0.190698
3977 201 24 24 0.238806
3978 220 20 20 0.181818
3979 223 21 27 0.215247
3980 235 20 18 0.161702
3981 233 22 23 0.193133
3982 203 18 19 0.182266
3983 230 21 22 0.186957
3984 177 13 17 0.169492
3985 170 24 16 0.235294
3986 181 14 18 0.176796
3987 156 17 20 0.237179
3988 169 23 19 0.248521
3989 166 18 16 0.204819
3990 180 18 19 0.205556
3991 166 12 17 0.174699
3992 171 28 22 0.292398
3993 192 25 16 0.213542
3994 199 21 22 0.21608
3995 214 21 26 0.219626
3996 215 11 22 0.153488
3997 180 21 14 0.194444
3998 146 21 10 0.212329
3999 181 20 20 0.220994
4000 180 16 25 0.227778
4001 181 15 21 0.198895
4002 153 21 12 0.215686
4003 167 20 15 0.209581
4004 158 18 17 0.221519
4005 157 15 24 0.248408
4006 172 15 18 0.19186
4007 192 18 28 0.239583
4008 209 22 15 0.177033
4009 172 25 14 0.226744
4010 169 14 22 0.213018
4011 158 19 20 0.246835
4012 193 20 22 0.217617
4013 215 25 22 0.218605
4014 235 29 13 0.178723
4015 230 21 23 0.191304
4016 219 15 26 0.187215
4017 198 15 26 0.207071
4018 232 21 15 0.155172
4019 191 23 14 0.193717
4020 186 23 23 0.247312
4021 195 13 25 0.194872
4022 203 25 21 0.226601
4023 206 25 15 0.194175
4024 194 29 21 0.257732
4025 244 16 25 0.168033
4026 216 15 23 0.175926
4027 203 12 13 0.123153
4028 124 20 15 0.282258
4029 135 19 15 0.251852
4030 131 14 20 0.259542
4031 165 15 15 0.181818
4032 137 10 18 0.20438
4033 118 12 15 0.228814
4034 113 13 15 0.247788
4035 112 14 11 0.223214
4036 111 17 11 0.252252
4037 112 16 7 0.205357
4038 84 14 11 0.297619
4039 99 12 16 0.282828
4040 118 9 18 0.228814
4041 115 16 13 0.252174
4042 111 15 14 0.261261
4043 115 21 10 0.269565
4044 129 18 16 0.263566
4045 146 8 23 0.212329
4046 137 9 22 0.226277
4047 128 13 13 0.203125
4048 109 29 6 0.321101
4049 133 22 10 0.240602
4050 149 10 21 0.208054
4051 132 12 28 0.30303
4052 159 14 25 0.245283
4053 178 27 11 0.213483
4054 170 20 7 0.158824
4055 146 16 15 0.212329
4056 144 13 22 0.243056
4057 177 11 21 0.180791
4058 164 19 13 0.195122
4059 148 22 12 0.22973
4060 135 19 14 0.244444
4061 154 13 18 0.201299
4062 141 10 26 0.255319
4063 161 16 19 0.217391
4064 121 20 9 0.239669
4065 145 24 9 0.227586
4066 128 17 13 0.234375
4067 145 13 21 0.234483
4068 117 6 21 0.230769
4069 127 11 19 0.23622
4070 105 12 9 0.2
4071 110 20 11 0.281818
4072 100 19 11 0.3
4073 131 13 15 0.21374
4074 100 12 19 0.31
4075 125 11 19 0.24
4076 112 17 10 0.241071
4077 118 12 1 0.110169
4078 82 14 4 0.219512
4079 79 8 8 0.202532
4080 52 4 9 0.25
4081 51 3 20 0.45098
4082 76 3 11 0.184211
4083 56 6 4 0.178571
4084 42 14 2 0.380952
4085 42 10 2 0.285714
4086 41 6 4 0.243902
4087 35 6 5 0.314286
4088 33 1 6 0.212121
4089 20 0 9 0.45
4090 31 0 9 0.290323
4091 27 0 6 0.222222
4092 20 0 5 0.25
4093 12 0 0 0
4094 0 0 0 0
4095 0 0 0 0
4096 0 0 0 0
4097 0 0 0 0
4098 0 0 0 0
4099 0 0 0 0
4100 0 0 0 0
4101 0 0 0 0
4102 0 0 0 0
4103 0 0 0 0
