99799 1634890384
99803 1634890384
99805 1634857136
99811 1634885384
99819 1634885384
99827 1427393456
99831 1634738787
99837 1634812592
99841 179170416
99847 1634885384
99851 1634744857
99857 1634812592
99863 1634885384
99869 1634857136
99873 179169758
99877 1634890384
99885 1529
99891 1634659749
99897 1427393872
99901 1427393648
99905 1427394216
99913 1427396472
99925 1427394720
99928 32767
99931 0
99937 0
99944 539959472
99947 0
99953 1427395192
99961 1
99965 1427395755
99966 32767
99974 1
99975 1
99983 4
99989 1427395752
99993 1427396056
99999 1427396056
