99801 179169758
99809 1427393360
99813 1427393504
99816 32767
99821 1427393360
99824 32767
99829 1427393552
99835 1427394268
99839 1634885384
99843 1130254552
99849 179169758
99853 1427393552
99857 1427394152
99863 1427394088
99867 1427395756
99868 32767
99875 1427395756
99881 1427394216
99889 1427396472
99901 1427393744
99905 1427394312
99911 1427394280
99915 1427395851
99925 1427394816
99929 1427395192
99934 7
99937 1
99941 1427395755
99942 32767
99953 1427395288
99955 1
99961 1
99965 1427395851
99966 32767
99974 1
99983 4
99989 1427395848
99998 32644
