1 49 36 16 0.16 0.49
2 47 31 17 0.17 0.47
3 31 23 8 0.08 0.31
4 22 20 4 0.04 0.22
5 15 16 4 0.04 0.15
6 12 10 0 0 0.12
7 13 8 1 0.01 0.13
8 13 4 0 0 0.13
9 10 5 0 0 0.1
10 6 5 0 0 0.06
11 4 6 1 0.01 0.04
12 1 7 0 0 0.01
13 1 7 0 0 0.01
14 1 8 1 0.01 0.01
15 2 8 0 0 0.02
16 3 4 0 0 0.03
17 3 3 0 0 0.03
18 4 5 0 0 0.04
19 5 2 0 0 0.05
20 6 0 0 0 0.06
21 5 0 0 0 0.05
22 5 0 0 0 0.05
23 3 0 0 0 0.03
24 5 0 0 0 0.05
25 6 0 0 0 0.06
26 3 0 0 0 0.03
27 1 0 0 0 0.01
28 1 0 0 0 0.01
29 1 0 0 0 0.01
30 0 0 0 0 0
31 0 0 0 0 0
32 0 0 0 0 0
33 0 0 0 0 0
34 0 0 0 0 0
35 0 0 0 0 0
36 0 0 0 0 0
37 0 0 0 0 0
38 0 0 0 0 0
39 0 0 0 0 0
40 0 0 0 0 0
