1 33 50 17 0.17 0.33
2 45 61 29 0.29 0.45
3 61 62 47 0.47 0.61
4 62 64 49 0.49 0.62
5 68 67 52 0.52 0.68
6 67 70 52 0.52 0.67
7 68 72 52 0.52 0.68
8 71 69 53 0.53 0.71
9 78 66 55 0.55 0.78
10 82 65 55 0.55 0.82
11 81 66 55 0.55 0.81
12 82 68 55 0.55 0.82
13 77 71 55 0.55 0.77
14 74 73 55 0.55 0.74
15 70 76 55 0.55 0.7
16 70 80 55 0.55 0.7
17 68 82 55 0.55 0.68
18 67 81 55 0.55 0.67
19 69 81 55 0.55 0.69
20 71 82 55 0.55 0.71
21 74 78 55 0.55 0.74
22 76 75 55 0.55 0.76
23 80 73 56 0.56 0.8
24 82 71 56 0.56 0.82
25 83 68 56 0.56 0.83
26 87 67 56 0.56 0.87
27 89 66 56 0.56 0.89
28 90 66 56 0.56 0.9
29 90 65 56 0.56 0.9
30 91 65 56 0.56 0.91
31 91 65 56 0.56 0.91
32 91 65 56 0.56 0.91
33 91 65 56 0.56 0.91
34 91 65 56 0.56 0.91
35 91 65 56 0.56 0.91
36 91 65 56 0.56 0.91
37 91 65 56 0.56 0.91
38 91 65 56 0.56 0.91
39 91 65 56 0.56 0.91
40 91 65 56 0.56 0.91
