1 196 18 13 0.158163
2 235 11 11 0.093617
3 178 5 2 0.0393258
4 138 2 4 0.0434783
5 123 4 3 0.0569106
6 87 2 2 0.045977
7 84 5 3 0.0952381
8 70 5 1 0.0857143
9 52 5 3 0.153846
10 56 2 2 0.0714286
11 28 1 3 0.142857
12 32 0 3 0.09375
13 30 0 3 0.1
14 34 1 4 0.147059
15 25 1 4 0.2
16 28 1 0 0.0357143
17 22 1 3 0.181818
18 19 2 2 0.210526
19 22 3 0 0.136364
20 18 3 0 0.166667
21 16 2 0 0.125
22 17 2 0 0.117647
23 16 2 0 0.125
24 10 4 0 0.4
25 14 2 0 0.142857
26 18 1 0 0.0555556
27 9 0 0 0
28 5 1 0 0.2
29 3 0 0 0
30 4 0 0 0
31 0 0 0 0
32 0 0 0 0
33 0 0 0 0
34 0 0 0 0
35 0 0 0 0
36 0 0 0 0
37 0 0 0 0
38 0 0 0 0
39 0 0 0 0
40 0 0 0 0
