9799 1624339088
9803 1624339088
9805 1624305840
9811 1624334088
9819 1624334088
9827 1593781168
9831 1624187491
9837 1624261296
9841 12782664
9847 1624334088
9851 1624193561
9857 1624261296
9863 1624334088
9869 1624305840
9877 1624339088
9885 1529
9891 1624108453
9897 1593781584
9901 1593781360
9905 1593781928
9913 1593784184
9925 1593782432
9928 32767
9931 0
9937 0
9944 539959472
9947 0
9953 1593782904
9961 1
9965 1593783467
9966 32767
9974 1
9975 1
9983 4
9989 1593783464
9993 1593783768
9999 1593783768
