9801 12782006
9809 1593781072
9813 1593781216
9816 32767
9821 1593781072
9824 32767
9829 1593781264
9835 1593781980
9839 1624334088
9844 1075158818
9853 1593781264
9857 1593781864
9863 1593781800
9867 1593783468
9868 32767
9875 1593783468
9881 1593781928
9889 1593784184
9901 1593781456
9905 1593782024
9911 1593781992
9915 1593783563
9925 1593782528
9929 1593782904
9934 7
9937 1
9941 1593783467
9942 32767
9953 1593783000
9955 1
9961 1
9965 1593783563
9966 32767
9974 1
9983 4
9989 1593783560
9998 32742
