5 23
12 16
21 15
28 15
37 17
46 13
53 15
61 15
69 15
76 19
79 12
85 17
92 14
94 12
101 15
104 11
108 16
117 19
126 14
133 18
140 14
149 15
152 10
156 14
165 18
168 15
174 14
181 18
188 15
197 17
205 15
213 17
216 14
222 13
229 19
238 14
245 15
248 12
253 13
261 16
264 12
270 12
277 19
286 16
293 14
302 13
309 15
312 12
318 12
325 18
328 13
336 13
341 16
348 13
357 15
360 11
367 12
373 17
376 10
383 12
389 14
392 12
396 14
405 16
408 11
412 13
416 11
421 16
428 13
429 10
437 14
440 10
445 15
453 18
457 11
461 12
469 20
476 16
477 14
485 15
493 16
501 15
509 14
517 17
525 13
533 15
536 12
541 16
543 11
549 16
553 13
557 13
560 10
565 20
573 15
581 16
584 10
589 15
597 15
607 14
613 16
616 13
621 15
630 14
637 14
645 13
648 13
654 13
661 15
671 14
677 14
686 15
693 14
696 12
702 13
709 14
719 16
726 13
734 15
742 14
751 13
757 14
766 15
775 14
782 14
789 15
798 13
805 15
808 14
817 15
822 14
831 14
841 15
846 15
856 14
864 14
872 15
878 14
881 12
889 16
896 15
897 14
901 14
913 16
920 14
926 15
929 14
937 15
943 15
952 14
959 15
968 16
976 15
984 18
992 16
1000 15
1008 17
1016 16
1024 17
1027 12
1032 20
1040 19
1048 16
1057 20
1060 8
1064 18
1072 16
1081 21
1089 16
1092 11
1097 17
1105 18
1113 17
1116 11
1121 15
1129 18
1137 15
1145 15
1153 18
1162 16
1169 14
1172 14
1178 18
1186 19
1194 16
1202 17
1210 17
1218 17
1226 15
1234 18
1237 14
1242 18
1250 18
1258 16
1266 15
1274 18
1282 15
1292 15
1298 15
1307 17
1316 16
1323 16
1330 16
1339 19
1347 17
1355 17
1363 17
1372 19
1380 16
1388 19
1396 20
1404 19
1412 19
1420 19
1428 20
1436 16
1444 17
1452 19
1462 19
1470 17
1477 20
1486 18
1494 19
1502 18
1510 22
1518 20
1526 22
1534 21
1542 20
1550 19
1558 21
1566 17
1574 19
1582 23
1590 18
1598 17
1600 12
1606 22
1614 18
1622 19
1624 13
1630 20
1638 21
1646 17
1654 19
1662 20
1670 19
1678 20
1686 22
1694 24
1702 27
1710 25
1718 27
1726 27
1729 12
1734 26
1742 26
1750 30
1758 21
1766 20
1774 19
1782 20
1790 17
1798 19
1806 21
1814 17
1822 19
1830 20
1839 19
1847 20
1855 20
1862 23
1871 23
1879 20
1887 20
1895 21
1903 18
1911 20
1919 20
1927 19
1935 20
1943 21
1951 20
1959 19
1967 23
1976 20
1984 22
1992 24
2000 22
2008 20
2016 23
2024 19
2032 22
2040 24
2048 22
2056 22
2065 22
2072 23
2081 22
2089 22
2097 20
2105 23
2113 24
2121 24
2129 24
2137 24
2145 23
2153 25
2161 29
2169 27
2177 30
2185 30
2193 25
2201 25
2209 25
2217 24
2218 12
2225 24
2233 25
2241 20
2249 20
2257 20
2265 21
2273 22
2282 21
2289 19
2297 19
2306 20
2313 18
2321 21
2329 21
2337 21
2345 24
2353 24
2362 21
2369 21
2377 21
2386 21
2394 23
2402 22
2410 24
2418 25
2426 23
2434 24
2442 24
2450 23
2459 25
2467 25
2475 24
2483 26
2491 24
2499 25
2507 25
2515 25
2523 24
2531 26
2539 25
2547 24
2555 26
2563 24
2571 25
2580 26
2588 23
2596 28
2604 29
2612 28
2620 27
2628 33
2636 30
2644 31
2652 32
2660 31
2668 31
2676 31
2684 28
2692 26
2700 25
2709 28
2717 29
2725 27
2733 28
2741 27
2749 31
2758 33
2766 32
2774 35
2782 33
2790 34
2798 34
2806 30
2814 30
2822 31
2830 31
2838 28
2847 30
2855 32
2863 33
2871 33
2879 33
2887 33
2895 32
2903 36
2911 31
2919 29
2928 33
2936 31
2944 32
2952 32
2960 33
2968 38
2976 40
2984 41
2992 42
3000 42
3008 41
3016 40
3024 40
3032 38
3040 39
3048 36
3056 38
3064 36
3072 36
3080 34
3089 32
3097 37
3105 35
3113 39
3121 36
3129 36
3137 35
3145 34
3154 31
3162 36
3170 37
3178 39
3186 42
3194 41
3202 42
3210 41
3218 39
3226 36
3234 40
3243 40
3251 36
3259 35
3267 36
3275 37
3283 35
3291 36
3299 37
3308 36
3316 43
3324 46
3332 48
3340 45
3348 48
3356 45
3364 45
3372 46
3380 42
3388 41
3396 42
3404 42
3412 32
3421 38
3429 35
3437 38
3445 40
3453 38
3461 41
3469 43
3477 41
3485 37
3494 35
3502 35
3510 39
3518 40
3526 40
3534 41
3542 37
3550 37
3558 32
3567 33
3575 34
3583 33
3591 36
3599 37
3607 36
3616 36
3624 36
3632 37
3640 41
3648 39
3656 43
3664 38
3672 34
3681 36
3689 38
3697 38
3705 41
3713 39
3721 37
3729 35
3737 31
3745 29
3753 28
3762 28
3770 32
3778 34
3786 36
3794 38
3802 38
3810 40
3818 38
3826 40
3834 38
3842 35
3850 32
3859 32
3867 35
3875 32
3883 31
3891 28
3899 30
3907 26
3915 27
3923 26
3932 28
3940 28
3948 33
3956 35
3964 34
3972 35
3980 33
3988 35
3996 33
4004 34
4012 36
4020 34
4028 33
4036 32
4044 31
4053 35
4061 30
4069 30
4077 29
4085 30
4093 29
4101 30
4109 25
4118 26
4126 25
4133 26
4142 28
4150 29
4158 29
4166 27
4174 27
4182 28
4190 27
4198 29
4206 31
4214 30
4222 29
4230 29
4238 28
4246 26
4254 27
4262 27
4271 27
4279 30
4287 30
4295 27
4303 29
4311 28
4319 29
4328 29
4336 28
4343 28
4352 28
4360 27
4367 29
4376 29
4384 31
4392 33
4400 32
4408 29
4416 32
4424 30
4432 30
4440 30
4449 34
4457 37
4465 39
4473 38
4481 37
4489 36
4497 39
4505 36
4513 34
4522 32
4530 34
4538 32
4546 33
4554 35
4562 33
4571 31
4578 32
4586 30
4595 31
4602 30
4611 29
4619 33
4627 37
4635 36
4643 39
4651 36
4660 31
4668 31
4676 33
4684 30
4692 31
4700 33
4708 34
4716 35
4724 33
4732 31
4740 32
4748 33
4756 35
4764 35
4772 32
4780 29
4789 29
4797 35
4805 34
4813 33
4821 32
4829 32
4838 39
4846 42
4854 47
4862 52
4870 51
4878 45
4886 39
4895 42
4903 42
4911 38
4920 34
4928 39
4936 46
4944 44
4952 39
4960 36
4968 35
4977 33
4985 33
4993 36
5001 38
5009 38
5017 40
5025 42
5033 39
5041 37
5049 32
5058 35
5066 36
5074 35
5082 38
5090 35
5098 32
5107 30
5115 34
5123 35
5131 37
5139 40
5147 39
5155 33
5163 31
5171 31
5179 30
5188 30
5196 29
5204 33
5212 31
5220 29
5228 28
5236 33
5244 36
5252 35
5260 34
5268 32
5276 30
5284 30
5293 30
5301 33
5309 34
5317 35
5325 35
5333 37
5341 36
5349 33
5358 31
5366 33
5374 36
5382 35
5390 36
5398 39
5406 35
5414 39
5422 39
5430 38
5438 40
5446 36
5454 34
5462 32
5470 32
5479 33
5487 34
5495 34
5503 34
5511 34
5519 40
5527 34
5535 33
5543 33
5551 31
5560 34
5568 36
5576 35
5584 38
5592 39
5600 42
5609 37
5617 37
5625 40
5633 44
5641 45
5649 45
5657 42
5665 37
5673 37
5681 40
5690 41
5698 43
5706 50
5714 51
5722 51
5730 45
5738 41
5746 38
5754 38
5763 36
5771 38
5779 37
5787 33
5795 32
5804 36
5812 44
5820 43
5828 47
5836 47
5844 41
5852 39
5860 38
5869 48
5877 47
5885 49
5893 48
5901 43
5909 38
5917 34
5925 34
5934 35
5942 31
5951 36
5959 35
5967 37
5975 38
5983 44
5991 45
5999 47
6007 49
6015 37
6024 39
6032 36
6040 36
6048 38
6056 35
6064 33
6072 31
6081 32
6089 33
6097 34
6105 37
6113 43
6121 44
6129 46
6137 48
6145 47
6153 42
6161 36
6170 36
6178 35
6186 41
6194 39
6202 35
6210 35
6218 33
6227 35
6235 38
6243 38
6251 40
6259 39
6267 43
6275 42
6283 39
6291 34
6300 38
6308 44
6316 44
6324 47
6332 44
6340 42
6348 36
6357 37
6365 37
6373 36
6381 37
6390 36
6398 37
6406 42
6414 42
6422 41
6430 44
6438 39
6446 37
6455 39
6463 39
6471 39
6479 39
6487 38
6496 36
6504 39
6512 41
6520 41
6528 41
6536 40
6545 44
6553 48
6561 50
6569 49
6577 40
6586 36
6594 37
6602 42
6610 44
6618 42
6626 37
6634 37
6643 46
6651 52
6659 53
6667 51
6675 48
6684 41
6692 43
6700 49
6708 52
6716 50
6724 49
6732 48
6740 41
6748 40
6757 38
6765 38
6773 41
6781 49
6789 55
6797 54
6805 50
6813 40
6822 45
6830 46
6838 50
6846 45
6854 40
6863 45
6871 52
6879 55
6887 47
6895 42
6904 42
6912 50
6920 57
6928 56
6936 51
6944 51
6952 38
6961 44
6969 44
6977 44
6985 41
6993 42
7001 38
7010 36
7018 40
7026 42
7034 46
7042 42
7051 40
7059 42
7067 48
7075 56
7083 54
7091 50
7099 47
7107 39
7116 36
7124 38
7132 42
7140 38
7149 37
7157 40
7165 44
7173 45
7181 41
7189 42
7198 40
7206 46
7214 50
7222 48
7230 50
7238 45
7247 38
7255 42
7263 45
7271 52
7279 51
7287 49
7295 48
7303 41
7312 32
7320 31
7328 35
7336 39
7344 38
7352 40
7360 38
7369 40
7377 41
7385 43
7393 42
7401 37
7409 39
7417 36
7426 34
7434 34
7442 31
7450 34
7458 39
7466 44
7474 42
7483 38
7491 40
7499 40
7507 46
7515 47
7523 50
7532 43
7540 48
7548 47
7556 47
7565 40
7573 44
7581 47
7589 50
7597 45
7605 47
7613 49
7621 44
7629 43
7638 38
7646 42
7654 43
7662 44
7670 37
7679 38
7687 46
7695 41
7703 38
7712 38
7720 45
7728 52
7736 54
7744 50
7752 49
7760 46
7768 38
7777 37
7785 42
7793 41
7801 41
7809 42
7817 42
7825 41
7833 38
7841 34
7850 33
7858 35
7866 40
7874 38
7882 39
7890 35
7898 35
7906 38
7914 34
7922 32
7931 32
7939 34
7947 42
7955 41
7963 42
7971 44
7979 39
7987 37
7995 34
8004 36
8012 35
8020 35
8028 37
8036 38
8044 39
8052 36
8061 40
8069 42
8077 40
8085 43
8093 40
8101 39
8109 37
8118 36
8126 38
8134 41
8142 39
8150 38
8158 40
8166 37
8174 38
8182 34
8191 38
8199 44
8207 52
8215 47
8223 39
8231 38
8240 31
8248 35
8256 35
8264 36
8272 38
8280 35
8289 35
8297 35
8305 37
8313 41
8321 40
8329 38
8337 40
8345 35
8353 35
8362 37
8370 40
8378 41
8386 39
8394 35
8403 35
8411 40
8419 40
8427 45
8435 44
8443 46
8451 45
8459 43
8467 43
8475 41
8484 42
8492 43
8500 49
8508 46
8516 46
8524 46
8532 45
8540 40
8548 38
8556 36
8564 32
8573 39
8581 43
8590 36
8598 38
8606 45
8614 47
8622 43
8631 40
8639 45
8647 49
8655 47
8663 48
8671 52
8679 42
8687 35
8695 33
8704 37
8712 35
8720 39
8728 39
8736 37
8744 39
8752 34
8761 36
8769 37
8777 41
8785 37
8793 36
8801 37
8809 38
8817 37
8826 35
8834 37
8842 43
8850 45
8858 49
8866 51
8874 49
8882 48
8890 49
8898 42
8907 37
8915 43
8923 43
8931 41
8939 39
8947 38
8956 35
8964 37
8972 48
8980 43
8988 43
8996 46
9004 39
9013 41
9021 46
9029 46
9037 50
9045 49
9053 48
9061 53
9070 41
9078 50
9086 42
9094 51
9102 47
9110 48
9118 44
9126 41
9134 37
9143 37
9151 46
9159 46
9167 46
9175 37
9183 34
9192 33
9200 33
9208 30
9216 33
9224 28
9232 28
9241 31
9249 33
9257 34
9265 34
9273 34
9281 38
9289 39
9297 41
9305 40
9313 38
9321 38
9329 38
9338 36
9346 41
9354 42
9362 38
9370 37
9378 39
9386 34
9395 31
9403 33
9411 35
9419 34
9427 43
9435 44
9443 41
9451 42
9459 40
9467 39
9475 34
9484 32
9492 32
9500 40
9508 42
9516 34
9525 34
9533 35
9541 34
9549 39
9557 36
9565 33
9574 30
9582 34
9590 36
9598 40
9606 41
9614 43
9622 46
9630 48
9638 48
9646 52
9654 49
9662 49
9670 50
9678 46
9686 41
9695 49
9703 52
9711 48
9719 47
9727 44
9735 40
9743 37
9752 36
9760 42
9768 42
9776 38
9784 33
9792 35
9800 34
9808 30
9817 33
9825 32
9833 34
9841 31
9849 29
9857 28
9865 27
9874 27
9882 27
9890 30
9898 31
9906 29
9914 30
9922 29
9931 33
9939 35
9947 34
9955 33
9963 33
9971 40
9979 41
9987 40
9995 42
9997 7
