10 92
18 87
26 82
34 87
42 92
50 88
58 91
65 87
75 91
82 92
90 88
100 85
106 87
114 90
123 88
131 85
138 87
147 77
155 86
162 92
171 83
178 85
186 88
195 86
201 83
210 85
219 84
226 85
234 88
243 82
251 82
258 80
267 83
275 88
282 85
292 80
296 81
304 83
317 81
322 84
330 83
340 82
346 80
353 85
363 83
371 78
377 79
387 77
391 80
395 84
401 82
411 80
415 79
424 83
432 76
436 79
439 79
443 80
450 83
463 82
472 81
475 81
483 77
488 81
492 82
499 84
504 80
507 77
512 80
516 80
521 80
532 79
535 79
540 84
548 81
551 75
556 83
559 78
563 80
572 83
580 82
584 80
588 79
595 80
604 85
611 80
620 85
628 85
629 78
636 79
644 85
652 88
660 83
668 84
676 82
684 83
691 82
700 84
708 79
716 84
725 81
731 80
740 85
749 76
755 81
764 84
772 83
779 85
787 82
796 84
803 80
811 84
820 83
827 81
835 84
845 81
850 77
861 81
868 83
875 81
883 80
893 83
900 77
909 83
917 80
923 80
933 80
941 87
950 80
957 82
965 85
974 80
981 84
989 88
998 80
1006 85
1013 83
1021 84
1029 79
1037 84
1047 82
1054 86
1061 84
1071 82
1079 82
1086 85
1095 78
1101 84
1110 84
1119 83
1126 78
1135 85
1143 83
1150 78
1159 83
1167 77
1175 83
1183 83
1191 81
1199 81
1207 83
1216 81
1224 72
1231 83
1239 79
1248 82
1255 81
1264 82
1272 83
1280 82
1287 82
1296 80
1303 82
1311 81
1319 86
1329 85
1338 83
1343 81
1352 82
1360 83
1368 83
1376 80
1385 81
1394 81
1401 82
1409 83
1417 76
1424 82
1434 83
1440 77
1449 80
1459 80
1464 77
1473 85
1482 80
1491 77
1497 81
1500 79
1507 80
1515 82
1521 79
1531 79
1539 80
1546 79
1554 85
1562 81
1570 84
1578 84
1586 81
1594 87
1602 80
1610 79
1618 85
1626 83
1633 78
1642 79
1651 82
1659 78
1667 79
1674 83
1682 80
1689 82
1699 82
1707 83
1714 83
1722 83
1731 86
1739 86
1747 85
1755 81
1763 82
1771 83
1779 83
1787 82
1795 84
1803 87
1811 86
1819 85
1827 84
1835 81
1843 81
1851 84
1859 82
1867 84
1875 82
1883 83
1891 83
1899 82
1907 87
1916 85
1924 86
1930 81
1940 86
1948 85
1955 86
1964 86
1972 84
1979 80
1988 83
1996 86
2004 77
2012 84
2020 81
2028 85
2037 82
2044 83
2052 78
2061 86
2069 83
2077 81
2085 82
2094 80
2099 80
2109 82
2117 82
2126 79
2133 82
2141 85
2148 83
2156 79
2165 83
2173 82
2181 82
2189 82
2196 80
2205 85
2213 80
2221 80
2224 75
2230 82
2239 79
2247 80
2254 80
2261 79
2270 83
2277 82
2287 84
2295 83
2302 86
2311 82
2319 86
2327 82
2334 82
2342 84
2350 85
2359 84
2366 81
2375 84
2382 87
2391 85
2399 87
2407 85
2415 87
2423 84
2431 85
2440 86
2447 81
2456 84
2464 83
2473 85
2481 86
2488 82
2497 83
2505 89
2513 84
2520 85
2529 91
2537 86
2545 86
2553 89
2561 89
2569 86
2577 89
2585 85
2593 86
2601 89
2609 86
2618 83
2625 85
2633 87
2641 88
2650 85
2657 84
2666 87
2674 88
2682 84
2690 88
2698 89
2706 88
2714 89
2722 89
2731 87
2739 87
2746 89
2755 88
2763 84
2770 90
2780 86
2787 86
2795 89
2804 87
2811 88
2819 89
2828 87
2835 89
2844 88
2852 89
2860 90
2868 89
2876 90
2884 89
2892 89
2900 88
2908 89
2916 89
2925 88
2932 85
2941 88
2949 90
2957 90
2965 88
2973 91
2981 90
2989 87
2997 91
3005 90
3013 88
3021 91
3029 89
3037 90
3046 91
3054 92
3062 90
3070 93
3078 91
3086 87
3094 90
3102 89
3110 89
3118 87
3126 93
3134 94
3142 90
3151 87
3158 89
3166 90
3175 91
3183 91
3191 89
3199 94
3208 93
3215 92
3224 91
3232 91
3240 88
3247 88
3255 92
3264 88
3272 90
3280 88
3289 87
3297 89
3305 90
3313 88
3322 91
3330 89
3338 90
3345 91
3354 91
3362 89
3370 91
3378 89
3386 90
3394 90
3403 88
3411 92
3419 90
3427 91
3435 93
3443 94
3451 96
3459 94
3467 95
3475 94
3483 93
3491 92
3499 92
3507 94
3515 95
3524 92
3532 91
3540 94
3547 90
3556 88
3564 92
3572 93
3580 95
3588 91
3597 89
3605 92
3613 88
3621 90
3629 94
3637 90
3646 90
3653 94
3661 90
3670 89
3678 93
3685 92
3694 91
3702 93
3710 88
3718 89
3727 87
3734 91
3742 91
3750 91
3758 91
3766 89
3775 89
3783 90
3791 88
3798 91
3807 91
3815 87
3823 88
3832 86
3840 85
3847 89
3855 89
3864 86
3873 87
3881 88
3888 85
3896 87
3905 88
3913 89
3921 89
3929 88
3937 87
3945 89
3953 88
3961 87
3969 83
3977 89
3985 86
3993 84
4001 88
4009 90
4017 82
4026 87
4034 85
4042 87
4050 87
4057 84
4066 88
4075 86
4082 85
4089 83
4098 85
4107 78
4114 83
4124 83
4131 85
4140 85
4148 87
4156 87
4164 83
4172 89
4180 87
4188 87
4196 87
4203 85
4212 84
4220 88
4228 87
4236 87
4244 86
4252 88
4260 83
4268 88
4276 91
4284 86
4292 87
4300 89
4308 86
4316 89
4325 85
4333 85
4341 85
4349 86
4357 88
4365 86
4373 90
4381 86
4389 87
4397 91
4405 87
4414 90
4421 90
4429 88
4437 85
4446 91
4454 91
4462 89
4471 89
4479 90
4487 88
4495 90
4503 90
4511 86
4519 88
4528 91
4536 89
4544 91
4551 89
4560 89
4567 92
4576 91
4584 86
4591 93
4600 91
4608 88
4616 91
4625 89
4633 86
4640 89
4649 89
4657 87
4665 90
4673 91
4681 87
4690 86
4697 87
4706 88
4714 86
4722 89
4730 91
4738 89
4746 89
4754 89
4763 88
4770 88
4779 89
4786 91
4795 94
4803 93
4811 94
4819 90
4827 92
4835 94
4843 91
4851 94
4859 92
4868 96
4876 95
4884 96
4893 94
4901 95
4909 97
4917 90
4925 94
4933 96
4941 94
4949 94
4957 93
4965 88
4973 90
4981 87
4990 87
4997 92
5007 87
5015 85
5022 89
5031 86
5038 86
5047 86
5056 85
5064 87
5072 91
5080 91
5088 93
5096 90
5104 87
5112 89
5120 89
5128 89
5136 90
5145 89
5153 88
5161 89
5169 90
5177 90
5185 90
5193 91
5201 91
5209 90
5217 84
5225 92
5234 85
5242 89
5250 89
5258 89
5266 90
5274 90
5282 87
5290 91
5298 88
5306 92
5314 90
5322 89
5331 88
5339 86
5347 90
5355 92
5363 88
5371 92
5379 92
5387 91
5395 87
5403 89
5411 93
5419 91
5428 92
5436 90
5444 91
5452 90
5460 91
5468 87
5476 92
5485 88
5492 89
5500 93
5508 89
5516 93
5525 88
5533 92
5540 92
5549 91
5557 91
5565 90
5573 92
5582 90
5590 92
5598 93
5606 91
5614 90
5622 93
5630 93
5638 93
5647 95
5655 93
5663 95
5671 95
5679 95
5687 94
5695 95
5703 93
5712 93
5719 94
5728 95
5736 92
5744 93
5752 93
5761 90
5768 94
5777 92
5785 92
5793 91
5801 94
5809 95
5818 93
5825 93
5834 94
5842 91
5850 93
5858 96
5866 92
5874 93
5883 91
5890 92
5899 89
5907 89
5915 89
5923 87
5932 89
5940 89
5948 90
5956 88
5964 90
5973 88
5980 91
5989 93
5997 92
6005 92
6013 95
6021 92
6029 92
6038 91
6045 94
6053 92
6061 93
6070 93
6078 93
6085 94
6094 93
6102 94
6110 93
6118 93
6126 92
6134 85
6143 90
6151 90
6159 93
6167 90
6175 90
6183 88
6192 91
6200 90
6208 88
6216 88
6224 91
6232 88
6240 90
6248 92
6256 92
6265 92
6272 90
6281 91
6289 90
6297 88
6305 91
6313 89
6322 92
6330 89
6337 89
6346 90
6354 91
6363 89
6371 95
6379 93
6387 92
6395 94
6403 93
6411 96
6420 93
6428 94
6436 96
6444 95
6452 89
6460 92
6468 93
6477 93
6485 94
6493 91
6501 93
6509 95
6517 93
6525 92
6534 94
6542 93
6550 94
6558 93
6567 94
6575 89
6583 93
6591 94
6599 94
6607 93
6616 91
6623 91
6631 94
6640 89
6649 90
6657 92
6665 89
6673 92
6682 93
6690 90
6698 93
6706 93
6714 93
6722 92
6730 93
6738 92
6746 91
6754 93
6762 94
6770 93
6778 93
6787 93
6795 96
6803 94
6811 97
6819 92
6827 94
6836 93
6844 94
6852 97
6860 96
6868 94
6876 95
6885 94
6893 95
6901 93
6909 94
6917 92
6925 92
6934 92
6942 92
6950 90
6958 94
6966 93
6975 92
6982 94
6991 94
7000 87
7007 92
7015 93
7023 93
7031 93
7040 93
7048 91
7056 92
7064 89
7073 89
7080 92
7089 93
7097 91
7105 90
7114 95
7122 94
7130 95
7138 93
7146 96
7154 92
7162 92
7170 92
7178 91
7187 89
7195 93
7203 89
7212 91
7220 91
7228 94
7236 93
7244 91
7252 94
7260 90
7268 93
7277 94
7285 94
7293 95
7301 94
7309 85
7317 91
7325 94
7333 91
7342 93
7350 93
7358 94
7366 91
7374 91
7383 90
7391 91
7399 92
7407 94
7415 94
7423 93
7431 93
7439 90
7448 93
7456 93
7464 94
7472 94
7480 93
7488 93
7496 92
7504 93
7512 93
7521 94
7530 93
7538 94
7546 96
7554 91
7562 95
7570 92
7578 93
7586 93
7595 94
7603 94
7611 95
7619 91
7627 95
7635 95
7643 94
7652 94
7659 94
7668 93
7676 89
7684 94
7692 89
7700 92
7709 91
7717 92
7725 93
7734 90
7741 91
7750 92
7757 92
7766 89
7774 92
7782 92
7791 89
7798 90
7806 93
7815 92
7823 91
7830 94
7839 92
7847 91
7855 92
7863 89
7871 93
7880 89
7887 87
7896 91
7904 92
7912 89
7920 89
7928 92
7936 90
7944 92
7952 88
7961 90
7969 90
7976 91
7985 89
7993 90
8001 89
8010 89
8017 91
8025 91
8034 89
8042 91
8050 92
8058 91
8066 86
8074 89
8083 89
8090 89
8099 89
8108 87
8116 91
8123 92
8132 91
8140 91
8148 92
8156 93
8164 93
8172 91
8180 91
8188 93
8196 93
8204 90
8212 95
8221 94
8229 93
8237 95
8246 88
8253 92
8261 89
8270 91
8277 93
8286 90
8294 92
8302 93
8310 93
8318 89
8326 91
8335 90
8343 89
8351 89
8359 91
8367 93
8376 90
8383 92
8392 92
8400 91
8408 93
8416 94
8424 91
8432 94
8440 94
8449 89
8456 89
8464 88
8473 90
8481 92
8490 90
8498 91
8506 90
8514 90
8522 91
8530 88
8538 92
8546 89
8554 92
8563 92
8571 96
8579 93
8587 95
8595 94
8603 97
8611 94
8620 95
8628 96
8636 94
8644 91
8652 94
8661 89
8669 90
8676 93
8685 91
8693 93
8701 93
8710 86
8717 90
8726 92
8734 94
8742 94
8750 93
8758 90
8766 93
8774 94
8782 94
8790 93
8798 92
8806 94
8814 93
8823 90
8831 94
8839 93
8847 92
8855 92
8863 91
8871 92
8880 92
8888 92
8896 92
8904 94
8912 94
8920 91
8929 93
8936 94
8945 93
8953 93
8961 94
8969 96
8977 89
8986 91
8994 91
9002 91
9010 93
9018 93
9026 88
9034 93
9042 91
9050 91
9058 89
9067 92
9075 91
9083 92
9092 93
9100 94
9108 95
9116 93
9124 91
9132 93
9140 91
9149 90
9157 89
9164 90
9173 90
9181 89
9189 89
9196 90
9205 92
9213 91
9221 87
9229 91
9237 92
9246 90
9253 90
9262 90
9269 91
9278 91
9286 90
9294 88
9302 90
9311 90
9318 93
9327 89
9334 89
9342 90
9351 89
9360 90
9367 90
9376 89
9384 88
9392 87
9400 87
9408 90
9416 92
9425 94
9433 91
9441 91
9449 93
9457 94
9465 94
9473 96
9481 93
9489 93
9497 92
9506 90
9513 93
9522 92
9529 88
9538 89
9546 92
9554 92
9562 89
9570 88
9578 87
9586 86
9595 88
9603 87
9610 86
9619 87
9626 89
9635 86
9643 88
9652 87
9660 89
9668 86
9676 90
9685 91
9693 92
9701 93
9709 93
9717 92
9725 91
9733 94
9741 93
9749 90
9758 91
9766 92
9774 91
9782 90
9790 93
9798 92
9806 88
9814 91
9822 93
9831 88
9838 91
9846 92
9854 93
9862 86
9870 88
9879 90
9887 91
9895 89
9903 90
9911 92
9919 91
9927 94
9935 87
9943 87
9951 93
9959 90
9967 89
9976 86
9984 88
9992 87
9999 90
