1 0 0 0 0 0
2 0 0 0 0 0
3 0 0 0 0 0
4 0 0 0 0 0
5 0 0 0 0 0
6 0 1 0 0 0
7 1 1 0 0 0.001
8 3 4 0 0 0.003
9 10 11 0 0 0.01
10 14 11 0 0 0.014
11 30 25 0 0 0.03
12 45 38 0 0 0.045
13 72 79 0 0 0.072
14 101 93 0 0 0.101
15 91 105 0 0 0.091
16 99 103 0 0 0.099
17 116 94 0 0 0.116
18 86 68 0 0 0.086
19 65 56 0 0 0.065
20 33 35 0 0 0.033
21 29 32 0 0 0.029
22 21 24 0 0 0.021
23 24 33 0 0 0.024
24 32 29 0 0 0.032
25 55 51 0 0 0.055
26 79 83 0 0 0.079
27 105 86 0 0 0.105
28 102 79 0 0 0.102
29 99 104 0 0 0.099
30 72 93 0 0 0.072
31 56 82 0 0 0.056
32 46 50 0 0 0.046
33 39 40 0 0 0.039
34 26 26 0 0 0.026
35 34 27 0 0 0.034
36 32 33 0 0 0.032
37 41 50 0 0 0.041
38 70 56 0 0 0.07
39 83 85 0 0 0.083
40 70 96 0 0 0.07
41 92 108 0 0 0.092
42 100 97 0 0 0.1
43 92 66 0 0 0.092
44 62 45 0 0 0.062
45 53 42 0 0 0.053
46 34 35 0 0 0.034
47 27 38 0 0 0.027
48 30 37 0 0 0.03
49 45 37 0 0 0.045
50 58 60 0 0 0.058
51 72 82 0 0 0.072
52 82 84 0 0 0.082
53 90 77 0 0 0.09
54 92 86 0 0 0.092
55 83 92 0 0 0.083
56 49 70 0 0 0.049
57 44 61 0 0 0.044
58 31 50 0 0 0.031
59 32 28 0 0 0.032
60 37 31 0 0 0.037
61 36 38 0 0 0.036
62 51 52 0 0 0.051
63 63 57 0 0 0.063
64 70 75 0 0 0.07
65 79 97 0 0 0.079
66 83 94 0 0 0.083
67 85 95 0 0 0.085
68 78 64 0 0 0.078
69 57 49 0 0 0.057
70 55 39 0 0 0.055
71 30 36 0 0 0.03
72 30 38 0 0 0.03
73 36 37 0 0 0.036
74 52 45 0 0 0.052
75 54 60 0 0 0.054
76 60 58 0 0 0.06
77 83 75 0 0 0.083
78 90 76 0 0 0.09
79 89 81 0 0 0.089
80 77 94 0 0 0.077
81 55 73 0 0 0.055
82 38 68 0 0 0.038
83 36 43 0 0 0.036
84 33 32 0 0 0.033
85 38 30 0 0 0.038
86 48 50 0 0 0.048
87 59 59 0 0 0.059
88 52 59 0 0 0.052
89 71 81 0 0 0.071
90 68 82 0 0 0.068
91 68 90 0 0 0.068
92 87 94 0 0 0.087
93 79 73 0 0 0.079
94 76 50 0 0 0.076
95 57 40 0 0 0.057
96 51 35 0 0 0.051
97 34 37 0 0 0.034
98 34 49 0 0 0.034
99 45 57 0 0 0.045
100 47 58 0 0 0.047
101 75 65 0 0 0.075
102 83 74 0 0 0.083
103 87 68 0 0 0.087
104 89 85 0 0 0.089
105 74 81 0 0 0.074
106 60 79 0 0 0.06
107 48 61 0 0 0.048
108 41 63 0 0 0.041
109 33 54 0 0 0.033
110 49 44 0 0 0.049
111 49 45 0 0 0.049
112 58 49 0 0 0.058
113 53 55 0 0 0.053
114 67 63 0 0 0.067
115 56 81 0 0 0.056
116 77 91 0 0 0.077
117 76 82 0 0 0.076
118 78 60 0 0 0.078
119 64 51 0 0 0.064
120 52 39 0 0 0.052
121 56 25 0 0 0.056
122 52 51 0 0 0.052
123 47 48 0 0 0.047
124 47 57 0 0 0.047
125 57 55 0 0 0.057
126 61 74 0 0 0.061
127 65 69 0 0 0.065
128 80 74 0 0 0.08
129 86 79 0 0 0.086
130 67 63 0 0 0.067
131 62 71 0 0 0.062
132 51 57 0 0 0.051
133 27 59 0 0 0.027
134 46 53 0 0 0.046
135 47 58 0 0 0.047
136 53 45 0 0 0.053
137 53 57 0 0 0.053
138 52 71 0 0 0.052
139 67 66 0 0 0.067
140 68 78 0 0 0.068
141 93 86 0 0 0.093
142 75 71 0 0 0.075
143 72 59 0 0 0.072
144 66 60 0 0 0.066
145 65 34 0 0 0.065
146 61 40 0 0 0.061
147 69 47 0 0 0.069
148 54 44 0 0 0.054
149 50 50 0 0 0.05
150 65 48 0 0 0.065
151 65 58 0 0 0.065
152 73 55 0 0 0.073
153 88 76 0 0 0.088
154 82 81 0 0 0.082
155 53 69 0 0 0.053
156 66 62 0 0 0.066
157 45 63 0 0 0.045
158 33 63 0 0 0.033
159 43 60 0 0 0.043
160 46 59 0 0 0.046
161 50 58 0 0 0.05
162 49 62 0 0 0.049
163 53 62 0 0 0.053
164 56 69 0 0 0.056
165 66 80 0 0 0.066
166 76 91 0 0 0.076
167 80 67 0 0 0.08
168 74 64 0 0 0.074
169 60 55 0 0 0.06
170 69 48 0 0 0.069
171 66 40 0 0 0.066
172 53 48 0 0 0.053
173 53 46 0 0 0.053
174 56 43 0 0 0.056
175 65 49 0 0 0.065
176 70 49 0 0 0.07
177 70 61 0 0 0.07
178 78 74 0 0 0.078
179 71 74 0 0 0.071
180 63 82 0 0 0.063
181 50 70 0 0 0.05
182 49 75 0 0 0.049
183 37 77 0 0 0.037
184 45 62 0 0 0.045
185 51 57 0 0 0.051
186 45 45 0 0 0.045
187 53 67 0 0 0.053
188 45 69 0 0 0.045
189 46 75 0 0 0.046
190 61 73 0 0 0.061
191 62 75 0 0 0.062
192 79 72 0 0 0.079
193 78 52 0 0 0.078
194 77 53 0 0 0.077
195 88 39 0 0 0.088
196 68 42 0 0 0.068
197 61 46 0 0 0.061
198 37 43 0 0 0.037
199 62 53 0 0 0.062
200 65 46 0 0 0.065
201 87 40 0 0 0.087
202 82 52 0 0 0.082
203 67 48 0 0 0.067
204 74 59 0 0 0.074
205 53 77 0 0 0.053
206 58 73 0 0 0.058
207 49 95 0 0 0.049
208 39 91 0 0 0.039
209 40 76 0 0 0.04
210 37 46 0 0 0.037
211 52 50 0 0 0.052
212 52 51 0 0 0.052
213 41 77 0 0 0.041
214 45 93 0 0 0.045
215 46 79 0 0 0.046
216 48 81 0 0 0.048
217 67 53 0 0 0.067
218 77 50 0 0 0.077
219 83 57 0 0 0.083
220 88 45 0 0 0.088
221 84 47 0 0 0.084
222 66 34 0 0 0.066
223 57 44 0 0 0.057
224 54 57 0 0 0.054
225 66 50 0 0 0.066
226 82 45 0 0 0.082
227 77 44 0 0 0.077
228 84 42 0 0 0.084
229 58 51 0 0 0.058
230 46 76 0 0 0.046
231 51 89 0 0 0.051
232 48 95 0 0 0.048
233 49 101 0 0 0.049
234 38 85 0 0 0.038
235 37 62 0 0 0.037
236 51 61 0 0 0.051
237 48 75 0 0 0.048
238 44 84 0 0 0.044
239 47 82 0 0 0.047
240 42 90 0 0 0.042
241 45 73 0 0 0.045
242 62 53 0 0 0.062
243 81 42 0 0 0.081
244 85 40 0 0 0.085
245 95 44 0 0 0.095
246 99 34 0 0 0.099
247 78 36 0 0 0.078
248 61 43 0 0 0.061
249 70 48 0 0 0.07
250 83 38 0 0 0.083
251 88 38 0 0 0.088
252 80 31 0 0 0.08
253 79 40 0 0 0.079
254 62 49 0 0 0.062
255 51 67 0 0 0.051
256 44 80 0 0 0.044
257 47 96 0 0 0.047
258 29 94 0 0 0.029
259 36 94 0 0 0.036
260 37 78 0 0 0.037
261 44 72 0 0 0.044
262 38 75 0 0 0.038
263 36 89 0 0 0.036
264 28 84 0 0 0.028
265 34 86 0 0 0.034
266 40 68 0 0 0.04
267 56 52 0 0 0.056
268 67 43 0 0 0.067
269 88 43 0 0 0.088
270 92 30 0 0 0.092
271 100 34 0 0 0.1
272 85 33 0 0 0.085
273 85 42 0 0 0.085
274 79 40 0 0 0.079
275 90 37 0 0 0.09
276 95 30 0 0 0.095
277 96 29 0 0 0.096
278 70 35 0 0 0.07
279 60 41 0 0 0.06
280 53 57 0 0 0.053
281 44 81 0 0 0.044
282 31 91 0 0 0.031
283 36 111 0 0 0.036
284 35 100 0 0 0.035
285 39 98 0 0 0.039
286 34 89 0 0 0.034
287 34 76 0 0 0.034
288 30 85 0 0 0.03
289 25 101 0 0 0.025
290 31 80 0 0 0.031
291 38 73 0 0 0.038
292 43 57 0 0 0.043
293 65 49 0 0 0.065
294 78 37 0 0 0.078
295 105 30 0 0 0.105
296 123 33 0 0 0.123
297 123 41 0 0 0.123
298 122 38 0 0 0.122
299 110 35 0 0 0.11
300 115 29 0 0 0.115
301 106 24 0 0 0.106
302 79 30 0 0 0.079
303 76 34 0 0 0.076
304 67 35 0 0 0.067
305 50 57 0 0 0.05
306 46 60 0 0 0.046
307 33 78 0 0 0.033
308 36 107 0 0 0.036
309 37 118 0 0 0.037
310 38 130 0 0 0.038
311 38 120 0 0 0.038
312 30 135 0 0 0.03
313 21 133 0 0 0.021
314 21 98 0 0 0.021
315 22 79 0 0 0.022
316 24 74 0 0 0.024
317 42 57 0 0 0.042
318 51 41 0 0 0.051
319 67 30 0 0 0.067
320 99 34 0 0 0.099
321 114 33 0 0 0.114
322 137 33 0 0 0.137
323 142 38 0 0 0.142
324 158 27 0 0 0.158
325 161 24 0 0 0.161
326 119 23 0 0 0.119
327 92 20 0 0 0.092
328 75 22 0 0 0.075
329 65 26 0 0 0.065
330 47 33 0 0 0.047
331 33 46 0 0 0.033
332 31 64 0 0 0.031
333 34 84 0 0 0.034
334 28 109 0 0 0.028
335 40 122 0 0 0.04
336 29 158 0 0 0.029
337 16 191 0 0 0.016
338 21 157 0 0 0.021
339 20 132 0 0 0.02
340 19 101 0 0 0.019
341 18 72 0 0 0.018
342 18 46 0 0 0.018
343 32 35 0 0 0.032
344 43 27 0 0 0.043
345 64 30 0 0 0.064
346 99 22 0 0 0.099
347 128 34 0 0 0.128
348 167 38 0 0 0.167
349 232 19 0 0 0.232
350 224 19 0 0 0.224
351 187 22 0 0 0.187
352 145 16 0 0 0.145
353 92 22 0 0 0.092
354 56 21 0 0 0.056
355 37 24 0 0 0.037
356 29 32 0 0 0.029
357 32 40 0 0 0.032
358 21 59 0 0 0.021
359 28 81 0 0 0.028
360 32 117 0 0 0.032
361 18 197 0 0 0.018
362 15 266 0 0 0.015
363 17 283 0 0 0.017
364 13 257 0 0 0.013
365 15 171 0 0 0.015
366 19 96 0 0 0.019
367 20 50 0 0 0.02
368 21 26 0 0 0.021
369 25 31 0 0 0.025
370 36 23 0 0 0.036
371 47 31 0 0 0.047
372 61 31 0 0 0.061
373 110 22 0 0 0.11
374 191 18 0 0 0.191
375 292 11 0 0 0.292
376 367 10 0 0 0.367
377 350 9 0 0 0.35
378 228 11 0 0 0.228
379 105 14 0 0 0.105
380 42 15 0 0 0.042
381 31 22 0 0 0.031
382 20 20 0 0 0.02
383 31 27 0 0 0.031
384 25 31 0 0 0.025
385 21 45 0 0 0.021
386 19 79 0 0 0.019
387 9 152 0 0 0.009
388 8 265 0 0 0.008
389 8 416 0 0 0.008
390 6 463 0 0 0.006
391 7 331 0 0 0.007
392 5 144 0 0 0.005
393 13 56 0 0 0.013
394 12 29 0 0 0.012
395 16 33 0 0 0.016
396 20 27 0 0 0.02
397 23 21 0 0 0.023
398 36 20 0 0 0.036
399 59 10 0 0 0.059
400 100 7 0 0 0.1
401 216 7 0 0 0.216
402 411 4 0 0 0.411
403 572 7 0 0 0.572
404 531 5 0 0 0.531
405 295 6 0 0 0.295
406 83 9 0 0 0.083
407 41 15 0 0 0.041
408 31 15 0 0 0.031
409 24 10 0 0 0.024
410 22 14 0 0 0.022
411 11 19 0 0 0.011
412 8 23 0 0 0.008
413 8 46 0 0 0.008
414 1 106 0 0 0.001
415 3 256 0 0 0.003
416 3 509 0 0 0.003
417 2 689 0 0 0.002
418 2 578 0 0 0.002
419 5 303 0 0 0.005
420 8 106 0 0 0.008
421 8 29 0 0 0.008
422 10 23 0 0 0.01
423 12 13 0 0 0.012
424 12 6 0 0 0.012
425 14 9 0 0 0.014
426 20 1 0 0 0.02
427 45 3 0 0 0.045
428 100 2 0 0 0.1
429 279 1 0 0 0.279
430 584 1 0 0 0.584
431 779 2 0 0 0.779
432 796 4 0 0 0.796
433 610 6 0 0 0.61
434 300 4 0 0 0.3
435 70 4 0 0 0.07
436 12 4 0 0 0.012
437 10 4 0 0 0.01
438 1 5 0 0 0.001
439 3 7 0 0 0.003
440 1 9 0 0 0.001
441 1 13 0 0 0.001
442 1 41 0 0 0.001
443 0 122 0 0 0
444 0 334 0 0 0
445 2 661 0 0 0.002
446 1 902 0 0 0.001
447 1 951 0 0 0.001
448 1 926 0 0 0.001
449 1 801 0 0 0.001
450 1 476 0 0 0.001
451 1 139 0 0 0.001
452 1 11 0 0 0.001
453 1 1 0 0 0.001
454 1 1 0 0 0.001
455 1 0 0 0 0.001
456 4 0 0 0 0.004
457 6 1 0 0 0.006
458 20 0 0 0 0.02
459 56 0 0 0 0.056
460 191 0 0 0 0.191
461 517 0 0 0 0.517
462 857 0 0 0 0.857
463 986 0 0 0 0.986
464 997 0 0 0 0.997
465 998 0 0 0 0.998
466 999 0 0 0 0.999
467 999 0 0 0 0.999
468 999 0 0 0 0.999
469 1000 0 0 0 1
470 1000 0 0 0 1
471 1000 0 0 0 1
472 1000 0 0 0 1
473 1000 0 0 0 1
474 1000 0 0 0 1
475 1000 0 0 0 1
476 1000 0 0 0 1
477 1000 0 0 0 1
478 1000 0 0 0 1
479 1000 0 0 0 1
