1 462 458 0 0 0.462
2 501 488 0 0 0.501
3 506 494 0 0 0.506
4 506 494 0 0 0.506
5 506 494 0 0 0.506
6 506 493 0 0 0.506
7 506 492 0 0 0.506
8 503 490 0 0 0.503
9 494 485 0 0 0.494
10 490 485 0 0 0.49
11 472 473 0 0 0.472
12 450 467 0 0 0.45
13 427 422 0 0 0.427
14 403 403 0 0 0.403
15 410 394 0 0 0.41
16 414 384 0 0 0.414
17 412 378 0 0 0.412
18 432 414 0 0 0.432
19 436 443 0 0 0.436
20 458 474 0 0 0.458
21 465 474 0 0 0.465
22 474 481 0 0 0.474
23 472 471 0 0 0.472
24 472 467 0 0 0.472
25 445 449 0 0 0.445
26 416 422 0 0 0.416
27 401 408 0 0 0.401
28 393 426 0 0 0.393
29 378 419 0 0 0.378
30 406 429 0 0 0.406
31 427 435 0 0 0.427
32 456 448 0 0 0.456
33 465 456 0 0 0.465
34 478 470 0 0 0.478
35 469 470 0 0 0.469
36 467 468 0 0 0.467
37 455 454 0 0 0.455
38 438 436 0 0 0.438
39 420 412 0 0 0.42
40 427 407 0 0 0.427
41 414 386 0 0 0.414
42 420 383 0 0 0.42
43 432 410 0 0 0.432
44 451 442 0 0 0.451
45 454 451 0 0 0.454
46 462 469 0 0 0.462
47 463 472 0 0 0.463
48 467 466 0 0 0.467
49 455 463 0 0 0.455
50 437 445 0 0 0.437
51 421 425 0 0 0.421
52 410 424 0 0 0.41
53 403 430 0 0 0.403
54 390 432 0 0 0.39
55 395 430 0 0 0.395
56 423 458 0 0 0.423
57 443 452 0 0 0.443
58 460 459 0 0 0.46
59 475 465 0 0 0.475
60 469 463 0 0 0.469
61 467 459 0 0 0.467
62 455 442 0 0 0.455
63 451 429 0 0 0.451
64 432 423 0 0 0.432
65 421 403 0 0 0.421
66 428 395 0 0 0.428
67 433 387 0 0 0.433
68 449 409 0 0 0.449
69 460 434 0 0 0.46
70 454 452 0 0 0.454
71 458 476 0 0 0.458
72 459 473 0 0 0.459
73 457 470 0 0 0.457
74 441 462 0 0 0.441
75 438 448 0 0 0.438
76 442 440 0 0 0.442
77 414 428 0 0 0.414
78 406 428 0 0 0.406
79 392 438 0 0 0.392
80 389 440 0 0 0.389
81 418 454 0 0 0.418
82 444 450 0 0 0.444
83 468 453 0 0 0.468
84 475 460 0 0 0.475
85 477 455 0 0 0.477
86 458 444 0 0 0.458
87 439 443 0 0 0.439
88 444 445 0 0 0.444
89 423 425 0 0 0.423
90 437 413 0 0 0.437
91 444 398 0 0 0.444
92 433 386 0 0 0.433
93 445 403 0 0 0.445
94 446 428 0 0 0.446
95 452 451 0 0 0.452
96 450 464 0 0 0.45
97 457 472 0 0 0.457
98 453 464 0 0 0.453
99 447 451 0 0 0.447
100 448 447 0 0 0.448
101 430 430 0 0 0.43
102 414 429 0 0 0.414
103 412 433 0 0 0.412
104 391 435 0 0 0.391
105 397 448 0 0 0.397
106 412 449 0 0 0.412
107 438 453 0 0 0.438
108 446 450 0 0 0.446
109 459 454 0 0 0.459
110 464 443 0 0 0.464
111 460 446 0 0 0.46
112 446 447 0 0 0.446
113 448 444 0 0 0.448
114 438 432 0 0 0.438
115 439 424 0 0 0.439
116 438 394 0 0 0.438
117 446 396 0 0 0.446
118 454 408 0 0 0.454
119 462 423 0 0 0.462
120 469 440 0 0 0.469
121 462 457 0 0 0.462
122 440 457 0 0 0.44
123 448 457 0 0 0.448
124 442 454 0 0 0.442
125 440 448 0 0 0.44
126 431 434 0 0 0.431
127 416 450 0 0 0.416
128 404 442 0 0 0.404
129 389 446 0 0 0.389
130 411 459 0 0 0.411
131 408 459 0 0 0.408
132 425 467 0 0 0.425
133 449 465 0 0 0.449
134 452 449 0 0 0.452
135 453 442 0 0 0.453
136 458 444 0 0 0.458
137 451 439 0 0 0.451
138 448 429 0 0 0.448
139 450 417 0 0 0.45
140 447 407 0 0 0.447
141 436 385 0 0 0.436
142 459 395 0 0 0.459
143 465 404 0 0 0.465
144 464 410 0 0 0.464
145 468 433 0 0 0.468
146 460 439 0 0 0.46
147 442 442 0 0 0.442
148 452 450 0 0 0.452
149 450 450 0 0 0.45
150 435 452 0 0 0.435
151 427 450 0 0 0.427
152 416 456 0 0 0.416
153 390 446 0 0 0.39
154 382 455 0 0 0.382
155 401 477 0 0 0.401
156 405 467 0 0 0.405
157 416 476 0 0 0.416
158 426 478 0 0 0.426
159 434 463 0 0 0.434
160 441 454 0 0 0.441
161 442 450 0 0 0.442
162 446 443 0 0 0.446
163 449 436 0 0 0.449
164 453 422 0 0 0.453
165 456 398 0 0 0.456
166 455 378 0 0 0.455
167 462 391 0 0 0.462
168 475 387 0 0 0.475
169 486 399 0 0 0.486
170 475 408 0 0 0.475
171 473 421 0 0 0.473
172 460 439 0 0 0.46
173 459 442 0 0 0.459
174 455 446 0 0 0.455
175 442 444 0 0 0.442
176 429 452 0 0 0.429
177 408 461 0 0 0.408
178 384 464 0 0 0.384
179 377 478 0 0 0.377
180 372 483 0 0 0.372
181 386 494 0 0 0.386
182 386 490 0 0 0.386
183 410 476 0 0 0.41
184 426 467 0 0 0.426
185 432 460 0 0 0.432
186 448 462 0 0 0.448
187 434 446 0 0 0.434
188 453 433 0 0 0.453
189 463 416 0 0 0.463
190 479 387 0 0 0.479
191 490 373 0 0 0.49
192 492 357 0 0 0.492
193 513 357 0 0 0.513
194 500 370 0 0 0.5
195 490 383 0 0 0.49
196 475 415 0 0 0.475
197 461 432 0 0 0.461
198 470 450 0 0 0.47
199 449 436 0 0 0.449
200 445 444 0 0 0.445
201 420 453 0 0 0.42
202 396 470 0 0 0.396
203 381 504 0 0 0.381
204 350 517 0 0 0.35
205 346 524 0 0 0.346
206 349 520 0 0 0.349
207 362 494 0 0 0.362
208 387 483 0 0 0.387
209 417 467 0 0 0.417
210 443 474 0 0 0.443
211 440 458 0 0 0.44
212 442 455 0 0 0.442
213 445 437 0 0 0.445
214 459 403 0 0 0.459
215 497 378 0 0 0.497
216 520 351 0 0 0.52
217 540 340 0 0 0.54
218 539 334 0 0 0.539
219 517 343 0 0 0.517
220 498 369 0 0 0.498
221 473 396 0 0 0.473
222 474 426 0 0 0.474
223 462 437 0 0 0.462
224 457 432 0 0 0.457
225 446 438 0 0 0.446
226 412 461 0 0 0.412
227 388 491 0 0 0.388
228 351 523 0 0 0.351
229 333 558 0 0 0.333
230 324 554 0 0 0.324
231 325 535 0 0 0.325
232 348 509 0 0 0.348
233 359 491 0 0 0.359
234 396 481 0 0 0.396
235 427 474 0 0 0.427
236 427 461 0 0 0.427
237 431 446 0 0 0.431
238 451 421 0 0 0.451
239 483 388 0 0 0.483
240 519 349 0 0 0.519
241 557 325 0 0 0.557
242 571 314 0 0 0.571
243 562 315 0 0 0.562
244 552 323 0 0 0.552
245 522 339 0 0 0.522
246 502 365 0 0 0.502
247 486 400 0 0 0.486
248 478 418 0 0 0.478
249 457 425 0 0 0.457
250 432 447 0 0 0.432
251 401 473 0 0 0.401
252 367 522 0 0 0.367
253 327 554 0 0 0.327
254 308 581 0 0 0.308
255 296 586 0 0 0.296
256 303 573 0 0 0.303
257 303 554 0 0 0.303
258 342 535 0 0 0.342
259 367 503 0 0 0.367
260 395 490 0 0 0.395
261 413 471 0 0 0.413
262 436 451 0 0 0.436
263 464 411 0 0 0.464
264 510 378 0 0 0.51
265 544 336 0 0 0.544
266 585 307 0 0 0.585
267 601 291 0 0 0.601
268 607 283 0 0 0.607
269 586 283 0 0 0.586
270 567 311 0 0 0.567
271 534 332 0 0 0.534
272 510 372 0 0 0.51
273 484 389 0 0 0.484
274 460 421 0 0 0.46
275 425 448 0 0 0.425
276 392 483 0 0 0.392
277 346 529 0 0 0.346
278 308 587 0 0 0.308
279 285 614 0 0 0.285
280 269 621 0 0 0.269
281 260 615 0 0 0.26
282 275 603 0 0 0.275
283 294 559 0 0 0.294
284 331 534 0 0 0.331
285 363 500 0 0 0.363
286 396 481 0 0 0.396
287 437 453 0 0 0.437
288 473 412 0 0 0.473
289 521 353 0 0 0.521
290 575 314 0 0 0.575
291 605 284 0 0 0.605
292 639 261 0 0 0.639
293 645 241 0 0 0.645
294 633 252 0 0 0.633
295 604 261 0 0 0.604
296 565 279 0 0 0.565
297 529 307 0 0 0.529
298 491 349 0 0 0.491
299 462 393 0 0 0.462
300 425 431 0 0 0.425
301 370 500 0 0 0.37
302 327 564 0 0 0.327
303 284 606 0 0 0.284
304 255 643 0 0 0.255
305 232 661 0 0 0.232
306 231 663 0 0 0.231
307 234 655 0 0 0.234
308 241 616 0 0 0.241
309 269 576 0 0 0.269
310 298 534 0 0 0.298
311 340 502 0 0 0.34
312 389 446 0 0 0.389
313 461 385 0 0 0.461
314 542 339 0 0 0.542
315 599 300 0 0 0.599
316 644 258 0 0 0.644
317 666 235 0 0 0.666
318 692 216 0 0 0.692
319 693 210 0 0 0.693
320 660 207 0 0 0.66
321 631 222 0 0 0.631
322 589 241 0 0 0.589
323 543 277 0 0 0.543
324 491 324 0 0 0.491
325 413 402 0 0 0.413
326 356 502 0 0 0.356
327 312 576 0 0 0.312
328 270 633 0 0 0.27
329 231 678 0 0 0.231
330 207 713 0 0 0.207
331 195 726 0 0 0.195
332 191 714 0 0 0.191
333 190 692 0 0 0.19
334 206 657 0 0 0.206
335 229 609 0 0 0.229
336 268 545 0 0 0.268
337 334 459 0 0 0.334
338 439 383 0 0 0.439
339 523 325 0 0 0.523
340 603 277 0 0 0.603
341 674 236 0 0 0.674
342 726 210 0 0 0.726
343 743 190 0 0 0.743
344 749 181 0 0 0.749
345 736 170 0 0 0.736
346 709 170 0 0 0.709
347 669 169 0 0 0.669
348 612 183 0 0 0.612
349 521 228 0 0 0.521
350 438 319 0 0 0.438
351 356 435 0 0 0.356
352 292 547 0 0 0.292
353 234 652 0 0 0.234
354 204 719 0 0 0.204
355 184 755 0 0 0.184
356 168 771 0 0 0.168
357 152 776 0 0 0.152
358 144 776 0 0 0.144
359 140 751 0 0 0.14
360 130 721 0 0 0.13
361 141 644 0 0 0.141
362 191 528 0 0 0.191
363 280 420 0 0 0.28
364 417 313 0 0 0.417
365 569 245 0 0 0.569
366 683 202 0 0 0.683
367 753 177 0 0 0.753
368 790 163 0 0 0.79
369 804 140 0 0 0.804
370 809 132 0 0 0.809
371 807 115 0 0 0.807
372 810 98 0 0 0.81
373 772 96 0 0 0.772
374 685 106 0 0 0.685
375 559 138 0 0 0.559
376 406 217 0 0 0.406
377 289 352 0 0 0.289
378 216 545 0 0 0.216
379 175 706 0 0 0.175
380 156 787 0 0 0.156
381 133 814 0 0 0.133
382 126 834 0 0 0.126
383 102 840 0 0 0.102
384 87 857 0 0 0.087
385 79 855 0 0 0.079
386 70 832 0 0 0.07
387 75 764 0 0 0.075
388 96 631 0 0 0.096
389 140 436 0 0 0.14
390 257 274 0 0 0.257
391 471 191 0 0 0.471
392 692 159 0 0 0.692
393 798 133 0 0 0.798
394 838 121 0 0 0.838
395 855 96 0 0 0.855
396 873 80 0 0 0.873
397 890 66 0 0 0.89
398 896 48 0 0 0.896
399 886 45 0 0 0.886
400 845 48 0 0 0.845
401 730 47 0 0 0.73
402 518 67 0 0 0.518
403 296 125 0 0 0.296
404 184 280 0 0 0.184
405 144 555 0 0 0.144
406 120 788 0 0 0.12
407 92 852 0 0 0.092
408 72 882 0 0 0.072
409 58 908 0 0 0.058
410 41 923 0 0 0.041
411 36 934 0 0 0.036
412 31 938 0 0 0.031
413 25 921 0 0 0.025
414 26 867 0 0 0.026
415 29 712 0 0 0.029
416 52 436 0 0 0.052
417 108 201 0 0 0.108
418 289 131 0 0 0.289
419 594 98 0 0 0.594
420 812 74 0 0 0.812
421 908 55 0 0 0.908
422 930 37 0 0 0.93
423 948 27 0 0 0.948
424 961 21 0 0 0.961
425 964 13 0 0 0.964
426 967 12 0 0 0.967
427 942 10 0 0 0.942
428 888 10 0 0 0.888
429 708 12 0 0 0.708
430 400 15 0 0 0.4
431 178 41 0 0 0.178
432 80 120 0 0 0.08
433 54 330 0 0 0.054
434 36 660 0 0 0.036
435 23 903 0 0 0.023
436 18 966 0 0 0.018
437 9 977 0 0 0.009
438 8 986 0 0 0.008
439 5 985 0 0 0.005
440 4 986 0 0 0.004
441 3 983 0 0 0.003
442 2 956 0 0 0.002
443 2 876 0 0 0.002
444 2 664 0 0 0.002
445 3 334 0 0 0.003
446 5 92 0 0 0.005
447 19 29 0 0 0.019
448 55 18 0 0 0.055
449 190 8 0 0 0.19
450 516 7 0 0 0.516
451 856 4 0 0 0.856
452 985 3 0 0 0.985
453 996 2 0 0 0.996
454 997 1 0 0 0.997
455 998 1 0 0 0.998
456 995 1 0 0 0.995
457 993 0 0 0 0.993
458 980 0 0 0 0.98
459 944 0 0 0 0.944
460 809 0 0 0 0.809
461 483 0 0 0 0.483
462 143 0 0 0 0.143
463 14 0 0 0 0.014
464 3 0 0 0 0.003
465 2 0 0 0 0.002
466 1 0 0 0 0.001
467 1 0 0 0 0.001
468 1 0 0 0 0.001
469 0 0 0 0 0
470 0 0 0 0 0
471 0 0 0 0 0
472 0 0 0 0 0
473 0 0 0 0 0
474 0 0 0 0 0
475 0 0 0 0 0
476 0 0 0 0 0
477 0 0 0 0 0
478 0 0 0 0 0
479 0 0 0 0 0
