1 2109 161 157 0.150782
2 3181 39 30 0.0216913
3 3479 5 6 0.00316183
4 3438 0 0 0
5 3612 0 0 0
6 3554 0 0 0
7 3410 1 0 0.000293255
8 3548 0 1 0.000281849
9 3468 1 3 0.0011534
10 3440 8 8 0.00465116
11 3386 7 9 0.00472534
12 3365 17 24 0.0121842
13 3253 26 22 0.0147556
14 3015 48 43 0.0301824
15 2879 62 65 0.0441125
16 2837 69 57 0.0444131
17 2846 67 52 0.0418131
18 2747 62 72 0.0487805
19 2967 41 58 0.033367
20 3052 37 47 0.0275229
21 3176 23 20 0.013539
22 3334 22 21 0.0128974
23 3289 15 14 0.00881727
24 3318 26 18 0.013261
25 3359 21 25 0.0136946
26 3077 33 38 0.0230744
27 2948 54 43 0.0329037
28 2804 59 70 0.0460057
29 2824 47 65 0.0396601
30 2728 69 68 0.0502199
31 3082 58 53 0.0360156
32 3018 52 33 0.0281643
33 3105 31 29 0.0193237
34 3133 28 28 0.0178742
35 3353 17 18 0.0104384
36 3156 19 23 0.013308
37 3288 21 24 0.0136861
38 3153 37 25 0.0196638
39 3134 41 46 0.0277601
40 2971 54 60 0.0383709
41 2911 56 47 0.035383
42 2867 64 50 0.0397628
43 2740 64 60 0.0452555
44 2885 50 61 0.0384749
45 3099 31 37 0.0219426
46 3189 25 36 0.0191283
47 3339 20 26 0.0137766
48 3216 25 18 0.0133706
49 3240 25 22 0.0145062
50 3131 23 28 0.0162887
51 2969 38 40 0.0262715
52 2949 45 46 0.0308579
53 2870 57 56 0.0393728
54 2897 51 62 0.0390059
55 2864 55 59 0.0398045
56 2806 59 65 0.044191
57 2942 45 30 0.0254929
58 3093 37 33 0.0226317
59 3279 40 24 0.0195181
60 3329 19 20 0.0117152
61 3215 21 24 0.0139969
62 3287 26 23 0.0149072
63 3091 41 33 0.0239405
64 3117 38 50 0.0282323
65 3007 40 42 0.0272697
66 2839 62 51 0.0398027
67 2802 64 57 0.0431834
68 2780 61 52 0.0406475
69 3035 48 58 0.0349259
70 3151 34 42 0.0241193
71 3094 23 44 0.0216548
72 3337 22 21 0.0128858
73 3334 24 20 0.0131974
74 3177 25 25 0.0157381
75 3186 35 36 0.022285
76 3123 44 34 0.024976
77 3114 34 39 0.0234425
78 2932 56 57 0.0385402
79 3056 47 62 0.0356675
80 2934 45 60 0.0357873
81 2790 63 56 0.0426523
82 3023 49 40 0.029441
83 3087 46 24 0.0226757
84 3305 31 27 0.0175492
85 3354 27 20 0.0140131
86 3280 16 25 0.0125
87 3163 25 33 0.018337
88 3013 39 41 0.0265516
89 3144 35 37 0.0229008
90 2936 61 50 0.0378065
91 2969 52 45 0.0326709
92 2921 52 44 0.0328655
93 2997 61 57 0.0393727
94 2881 47 49 0.0333218
95 3069 37 50 0.028348
96 3154 25 33 0.0183893
97 3201 23 33 0.0174945
98 3246 21 25 0.0141713
99 3267 33 28 0.0186716
100 3266 36 33 0.0211268
101 3240 43 33 0.0234568
102 2972 36 44 0.0269179
103 3003 50 48 0.032634
104 3024 40 59 0.0327381
105 2926 53 62 0.0393028
106 2885 52 51 0.0357019
107 2985 51 37 0.0294807
108 3145 31 30 0.0193959
109 3149 34 29 0.0200064
110 3294 38 17 0.016697
111 3063 32 36 0.0222005
112 3189 29 34 0.0197554
113 3324 38 41 0.0237665
114 3099 40 36 0.024524
115 2998 41 51 0.0306871
116 3066 52 32 0.0273973
117 3042 60 53 0.0371466
118 2898 59 49 0.0372671
119 3053 39 45 0.0275139
120 3144 41 46 0.0276718
121 3243 31 34 0.0200432
122 3283 10 36 0.0140116
123 3150 37 34 0.0225397
124 3122 32 38 0.0224215
125 3243 38 30 0.0209682
126 3164 32 37 0.0218078
127 3071 37 48 0.0276783
128 2992 48 45 0.0310829
129 2863 44 53 0.0338805
130 2950 61 58 0.040339
131 3078 38 46 0.0272904
132 3131 48 42 0.0287448
133 3047 34 34 0.022317
134 3224 40 18 0.0179901
135 3150 33 31 0.0203175
136 3169 43 32 0.0236668
137 3165 25 32 0.0180095
138 2986 34 38 0.0241125
139 3061 50 33 0.0271153
140 3076 41 43 0.0273082
141 2963 50 36 0.0290246
142 2906 61 56 0.0402615
143 2978 54 51 0.0352586
144 3018 33 40 0.0241882
145 3163 44 41 0.0268732
146 3115 25 37 0.0199037
147 3045 25 35 0.0197044
148 3076 35 40 0.0243823
149 3087 32 38 0.0226757
150 3184 35 35 0.0219849
151 3048 33 41 0.0242782
152 3058 39 42 0.0264879
153 2994 35 46 0.0270541
154 2907 46 60 0.0364637
155 2907 52 62 0.0392157
156 3124 48 31 0.0252881
157 3014 36 46 0.0272064
158 3087 35 37 0.0233236
159 3278 43 25 0.0207444
160 3168 39 29 0.0214646
161 3039 36 31 0.0220467
162 3056 37 34 0.023233
163 3100 42 35 0.0248387
164 3163 39 32 0.022447
165 2994 49 36 0.0283901
166 2966 51 42 0.0313554
167 2924 55 44 0.0338577
168 2931 49 42 0.0310474
169 2923 46 49 0.0325009
170 3105 32 34 0.021256
171 3018 37 42 0.0261763
172 3207 23 49 0.0224509
173 3162 36 37 0.0230867
174 3108 38 39 0.0247748
175 3177 26 30 0.0176267
176 3136 36 44 0.0255102
177 2993 30 51 0.0270631
178 3024 31 47 0.0257937
179 2866 42 56 0.034194
180 3034 41 54 0.0313118
181 3038 46 45 0.0299539
182 3110 37 38 0.0241158
183 3131 47 35 0.0261897
184 3102 52 28 0.0257898
185 3185 44 32 0.0238619
186 3203 42 32 0.0231033
187 3244 22 28 0.0154131
188 3112 49 38 0.0279563
189 3058 41 30 0.0232178
190 3086 58 27 0.0275437
191 3067 52 40 0.0299967
192 2892 48 29 0.0266252
193 3017 58 38 0.0318197
194 2990 34 48 0.0274247
195 3011 42 41 0.0275656
196 3013 29 64 0.0308662
197 3089 28 49 0.0249272
198 3090 31 46 0.0249191
199 3237 28 24 0.0160643
200 3146 37 38 0.0238398
201 3120 33 36 0.0221154
202 3168 28 57 0.0268308
203 3054 33 63 0.0314342
204 3021 27 51 0.0258193
205 3035 30 55 0.0280066
206 3006 45 37 0.0272788
207 3029 42 38 0.0264114
208 3012 53 38 0.0302125
209 3138 61 30 0.0289994
210 3083 54 31 0.0275705
211 3278 34 22 0.0170836
212 3147 35 33 0.0216079
213 3123 31 39 0.0224143
214 3101 47 29 0.0245082
215 3081 65 26 0.0295359
216 3058 53 28 0.0264879
217 3028 65 26 0.0300528
218 3052 41 32 0.0239187
219 3035 31 47 0.0257002
220 3036 42 56 0.0322793
221 3053 29 58 0.0284966
222 3045 35 52 0.0285714
223 3247 23 44 0.0206344
224 3105 26 34 0.0193237
225 3099 36 35 0.0229106
226 3028 31 49 0.0264201
227 2995 29 58 0.0290484
228 3008 28 58 0.0285904
229 3085 23 67 0.0291734
230 3159 22 43 0.0205761
231 3185 43 37 0.0251177
232 3036 52 32 0.027668
233 2925 46 34 0.0273504
234 2851 60 34 0.0329709
235 3029 57 27 0.0277319
236 3057 36 22 0.0189728
237 3242 35 34 0.0212832
238 3034 49 33 0.027027
239 3016 60 25 0.028183
240 3149 59 28 0.0276278
241 3025 60 19 0.0261157
242 3044 57 26 0.0272668
243 3073 43 33 0.0247315
244 2956 36 42 0.026387
245 3105 30 50 0.0257649
246 2980 37 53 0.0302013
247 2991 20 57 0.0257439
248 3090 27 52 0.0255663
249 3169 28 40 0.0214579
250 3203 35 47 0.025601
251 2989 28 54 0.0274339
252 3025 26 68 0.0310744
253 3027 17 58 0.024777
254 3026 24 60 0.0277594
255 3120 24 47 0.0227564
256 3183 37 37 0.0232485
257 3077 37 34 0.0230744
258 2939 59 38 0.0330044
259 3102 52 20 0.0232108
260 2987 56 27 0.0277871
261 3010 53 28 0.0269103
262 3074 51 34 0.0276513
263 2992 54 28 0.0274064
264 2991 63 25 0.0294216
265 3101 58 18 0.0245082
266 3008 65 18 0.0275931
267 3009 53 21 0.0245929
268 3118 43 26 0.0221296
269 3116 38 38 0.0243902
270 3019 33 48 0.0268301
271 2994 23 48 0.0237141
272 3028 29 68 0.0320343
273 3093 25 51 0.0245716
274 3082 30 60 0.0292018
275 3101 28 52 0.0257981
276 2995 25 53 0.0260434
277 3043 19 64 0.0272757
278 3058 15 79 0.030739
279 3134 20 53 0.0232929
280 3321 22 45 0.0201746
281 3060 24 42 0.0215686
282 3092 38 36 0.0239327
283 3090 48 24 0.023301
284 2903 62 26 0.0303135
285 2956 62 26 0.02977
286 3093 61 33 0.0303912
287 3165 66 25 0.028752
288 3153 55 23 0.0247383
289 3145 63 20 0.0263911
290 3013 74 14 0.0292068
291 3131 52 15 0.0213989
292 3109 58 19 0.0247668
293 3085 44 16 0.0194489
294 3189 36 35 0.022264
295 3046 33 35 0.0223244
296 3002 23 44 0.0223185
297 2988 25 61 0.0287818
298 2935 28 67 0.032368
299 2872 26 67 0.0323816
300 2990 26 58 0.0280936
301 3025 19 83 0.033719
302 3072 9 79 0.0286458
303 3212 15 61 0.0236613
304 2995 15 53 0.0227045
305 3113 13 53 0.0212014
306 3051 32 37 0.0226155
307 3043 26 36 0.0203746
308 3155 32 22 0.0171157
309 3054 56 27 0.0271775
310 2906 55 25 0.0275292
311 2856 68 26 0.0329132
312 2843 68 27 0.0334154
313 2922 81 18 0.0338809
314 2929 96 15 0.0378969
315 3159 72 14 0.0272238
316 3126 58 11 0.0220729
317 3088 54 14 0.0220207
318 3081 52 17 0.0223953
319 3262 33 16 0.0150215
320 3202 23 24 0.0146783
321 2989 26 40 0.022081
322 3000 26 45 0.0236667
323 2807 22 63 0.0302814
324 2839 29 65 0.0331103
325 2780 18 93 0.0399281
326 2900 15 114 0.0444828
327 3016 14 85 0.0328249
328 3091 12 71 0.0268522
329 3109 13 62 0.0241235
330 3169 9 51 0.0189334
331 3185 11 37 0.0150706
332 3181 22 28 0.0157183
333 3210 25 23 0.0149533
334 3019 38 28 0.0218615
335 3175 52 17 0.0217323
336 2921 57 29 0.029442
337 2859 81 28 0.0381252
338 2763 119 9 0.0463265
339 2870 96 13 0.0379791
340 2978 93 14 0.0359302
341 3155 80 10 0.0285261
342 3139 63 11 0.0235744
343 3357 39 8 0.0140006
344 3193 31 14 0.0140933
345 3213 25 17 0.0130719
346 3178 25 17 0.0132159
347 3073 17 28 0.0146437
348 2968 24 42 0.0222372
349 2746 28 54 0.0298616
350 2561 13 104 0.0456853
351 2567 11 130 0.0549279
352 2809 16 122 0.0491278
353 2981 5 116 0.0405904
354 3097 9 75 0.027123
355 3192 11 50 0.0191103
356 3361 9 33 0.0124963
357 3378 9 22 0.00917703
358 3273 9 28 0.0113046
359 3255 20 17 0.0113671
360 3055 18 24 0.013748
361 2999 24 27 0.0170057
362 2786 61 14 0.0269203
363 2636 105 14 0.0451442
364 2493 142 9 0.0605696
365 2555 161 7 0.0657534
366 2840 125 7 0.0464789
367 3114 79 8 0.0279383
368 3370 46 8 0.0160237
369 3389 23 5 0.00826202
370 3425 25 9 0.00992701
371 3221 16 7 0.00714064
372 3163 27 10 0.0116978
373 3165 23 12 0.0110585
374 2965 18 24 0.0141653
375 2754 16 41 0.0206972
376 2410 8 86 0.0390041
377 2175 8 142 0.0689655
378 2321 6 201 0.0891857
379 2793 5 169 0.0622986
380 3062 4 86 0.0293926
381 3393 2 36 0.0111995
382 3365 9 27 0.0106984
383 3420 3 16 0.00555556
384 3397 8 29 0.010892
385 3280 10 22 0.0097561
386 3278 7 18 0.0076266
387 3108 13 18 0.00997426
388 2954 29 9 0.0128639
389 2474 50 6 0.0226354
390 1980 122 7 0.0651515
391 1842 218 3 0.119978
392 2298 223 4 0.0987815
393 2985 115 1 0.038861
394 3248 43 4 0.0144704
395 3451 25 4 0.00840336
396 3370 28 6 0.010089
397 3238 24 4 0.00864731
398 3206 19 0 0.00592639
399 3273 19 6 0.00763825
400 3300 9 9 0.00545455
401 3102 7 6 0.00419084
402 2723 6 23 0.01065
403 2067 1 62 0.030479
404 1448 3 156 0.109807
405 1674 3 279 0.168459
406 2477 1 237 0.096084
407 3255 0 70 0.0215054
408 3350 4 34 0.0113433
409 3305 5 26 0.00937973
410 3438 2 21 0.00668994
411 3314 4 20 0.007242
412 3437 2 10 0.00349142
413 3426 0 6 0.00175131
414 3277 2 8 0.00305157
415 3148 6 1 0.00222363
416 2629 26 3 0.0110308
417 1721 57 2 0.0342824
418 1104 181 0 0.163949
419 1516 309 1 0.204485
420 2438 223 2 0.0922888
421 3103 98 2 0.0322269
422 3429 26 2 0.00816565
423 3406 20 0 0.00587199
424 3299 13 0 0.00394059
425 3480 5 0 0.00143678
426 3461 9 0 0.0026004
427 3430 1 1 0.00058309
428 3341 3 2 0.00149656
429 3128 1 2 0.000959079
430 2532 1 4 0.00197472
431 1454 1 28 0.019945
432 727 0 81 0.111417
433 706 0 212 0.300283
434 1317 2 330 0.252088
435 2441 0 243 0.0995494
436 3181 0 63 0.0198051
437 3353 0 11 0.00328064
438 3423 0 10 0.00292141
439 3541 0 1 0.000282406
440 3585 0 3 0.00083682
441 3458 0 1 0.000289184
442 3450 0 1 0.000289855
443 3238 0 1 0.000308833
444 3080 0 0 0
445 2309 3 0 0.00129926
446 1145 2 1 0.00262009
447 329 14 0 0.0425532
448 161 36 0 0.223602
449 262 135 0 0.515267
450 666 326 0 0.489489
451 1865 340 0 0.182306
452 3046 129 0 0.0423506
453 3389 11 0 0.0032458
454 3553 1 0 0.000281452
455 3570 1 0 0.000280112
456 3558 0 0 0
457 3432 0 0 0
458 3488 1 0 0.000286697
459 3481 0 0 0
460 3248 0 0 0
461 2846 0 0 0
462 1622 0 0 0
463 518 0 0 0
464 55 0 0 0
465 8 0 0 0
466 5 0 0 0
467 1 0 0 0
468 5 0 0 0
469 3 0 0 0
470 0 0 0 0
471 0 0 0 0
472 0 0 0 0
473 0 0 0 0
474 0 0 0 0
475 0 0 0 0
476 0 0 0 0
477 0 0 0 0
478 0 0 0 0
479 0 0 0 0
