3 506
7 506
22 474
34 478
48 467
59 475
69 460
72 459
85 477
97 457
110 464
120 469
136 458
145 468
169 486
193 513
217 540
242 571
268 607
293 645
319 693
344 749
372 810
398 896
426 967
455 998
9293 1592546864
9297 1592547008
9300 32767
9305 1592546864
9308 32767
9313 1592547056
9319 1592547772
9328 1072593895
9331 1
9337 1592547056
9341 1592547656
9347 1592547592
9351 1592549260
9352 32767
9359 1592549260
9365 1592547720
9371 1592547688
9375 1592549259
9385 1592548224
9389 1592548608
9394 524288
9397 1
9401 1592549260
9402 32767
9413 1592548696
9418 8
9421 1
9425 1592549259
9426 32767
9434 1
9447 1592547556
9455 2026584188
9461 2026584184
9465 2026584160
9471 2026587512
9477 1592547584
9481 2061214480
9487 578814052
9493 1592547696
9496 32767
9499 100
9503 578813952
9507 1592547624
9521 1592548208
9527 1592547704
9533 1592551768
9537 558967370
9551 1815641864
9555 1815650288
9563 1815470218
9567 1815641864
9571 1815647016
9579 1815470218
9583 1815650288
9587 1815650288
9589 1815613616
9595 1815641864
9603 1815641864
9611 1592548256
9615 1815495267
9621 2026584160
9625 13941784
9631 1815641864
9635 1815501337
9641 1815569072
9647 1815641864
9653 1815613616
9661 1815650288
9669 1940
9675 1815416229
9681 1592548672
9685 2026587512
9691 2026587512
9703 1815641864
9707 1815646864
9715 1815470218
9719 1815646864
9723 1815646864
9735 1815641864
9739 1815646864
9743 13940480
9755 1815641864
9759 1815646864
9767 1815470218
9771 1815646864
9775 1815646864
9777 1815613616
9783 1815641864
9791 1815641864
9799 1592549008
9803 1815495267
9809 1815569072
9813 13941784
9819 1815641864
9823 1815501337
9829 1815569072
9835 1815641864
9841 1815613616
9849 1815646864
9857 1529
9863 1815416229
9869 1592549424
9873 1592552176
9875 13923928
9885 1592552176
9889 1769234802
9901 1592549312
9905 1592549328
9909 1592549896
9915 1592549864
9919 1592551435
9929 1592550400
9932 32767
9939 1592552176
9953 1592550856
9957 1592550872
9961 1
9965 1
9969 1592551435
9970 32767
9978 1
9979 1
9987 4
9993 1592551432
