17 116
27 105
42 100
54 92
67 85
78 90
92 87
104 89
118 78
129 86
141 93
147 69
153 88
167 80
178 78
195 88
201 87
211 52
220 88
228 84
236 51
246 99
251 88
261 44
271 100
277 96
285 39
296 123
310 38
325 161
335 40
349 232
357 32
376 367
403 572
432 796
445 2
448 1
451 1
469 1000
472 1000
475 1000
478 1000
9261 1592546864
9265 1592547008
9268 32767
9273 1592546864
9276 32767
9281 1592547056
9287 1592547772
9296 1072593895
9299 1
9305 1592547056
9309 1592547656
9315 1592547592
9319 1592549260
9320 32767
9327 1592549260
9333 1592547720
9339 1592547688
9343 1592549259
9353 1592548224
9357 1592548608
9362 524288
9365 1
9369 1592549260
9370 32767
9381 1592548696
9386 8
9389 1
9393 1592549259
9394 32767
9402 1
9415 1592547556
9423 2026584188
9429 2026584184
9433 2026584160
9439 2026587512
9445 1592547584
9449 2061214480
9455 578814052
9461 1592547696
9464 32767
9467 100
9471 578813952
9475 1592547624
9489 1592548208
9495 1592547704
9501 1592551768
9505 558967370
9519 1815641864
9523 1815650288
9531 1815470218
9535 1815641864
9539 1815647016
9547 1815470218
9551 1815650288
9555 1815650288
9557 1815613616
9563 1815641864
9571 1815641864
9579 1592548256
9583 1815495267
9589 2026584160
9593 13941784
9599 1815641864
9603 1815501337
9609 1815569072
9615 1815641864
9621 1815613616
9629 1815650288
9637 1940
9643 1815416229
9649 1592548672
9653 2026587512
9659 2026587512
9671 1815641864
9675 1815646864
9683 1815470218
9687 1815646864
9691 1815646864
9703 1815641864
9707 1815646864
9711 13940480
9723 1815641864
9727 1815646864
9735 1815470218
9739 1815646864
9743 1815646864
9745 1815613616
9751 1815641864
9759 1815641864
9767 1592549008
9771 1815495267
9777 1815569072
9781 13941784
9787 1815641864
9791 1815501337
9801 1592549024
9805 1592549168
9808 32767
9813 1592549024
9817 558967367
9821 1592549216
9827 1592549932
9831 1815416229
9835 1717986918
9841 1592552176
9845 1592549216
9851 1717986918
9855 1592549752
9859 1592551420
9860 32767
9867 1592551420
9873 1592549328
9877 1592549896
9883 1592549864
9887 1592551435
9897 1592550400
9901 1592549440
9905 1592549456
9909 1592550024
9915 1592549992
9919 1592551563
9929 1592550528
9932 32767
9937 1592551435
9938 32767
9946 1
9953 1592550984
9957 1592551000
9961 1
9965 1
9969 1592551563
9970 32767
9978 1
9979 1
9987 4
9993 1592551560
