1 469 444 0 0 0.469
2 520 470 0 0 0.52
3 521 474 0 0 0.521
4 522 475 0 0 0.522
5 512 471 0 0 0.512
6 506 466 0 0 0.506
7 468 446 0 0 0.468
8 424 419 0 0 0.424
9 399 390 0 0 0.399
10 378 371 0 0 0.378
11 365 360 0 0 0.365
12 375 403 0 0 0.375
13 403 437 0 0 0.403
14 427 465 0 0 0.427
15 454 480 0 0 0.454
16 462 485 0 0 0.462
17 450 473 0 0 0.45
18 421 454 0 0 0.421
19 392 432 0 0 0.392
20 381 397 0 0 0.381
21 367 361 0 0 0.367
22 376 353 0 0 0.376
23 368 345 0 0 0.368
24 377 331 0 0 0.377
25 369 345 0 0 0.369
26 342 339 0 0 0.342
27 347 341 0 0 0.347
28 338 362 0 0 0.338
29 326 374 0 0 0.326
30 331 372 0 0 0.331
31 337 365 0 0 0.337
32 339 363 0 0 0.339
33 349 367 0 0 0.349
34 370 344 0 0 0.37
35 371 335 0 0 0.371
36 370 334 0 0 0.37
37 376 325 0 0 0.376
38 373 327 0 0 0.373
39 353 353 0 0 0.353
40 334 372 0 0 0.334
41 322 370 0 0 0.322
42 330 386 0 0 0.33
43 332 390 0 0 0.332
44 342 371 0 0 0.342
45 362 343 0 0 0.362
46 370 334 0 0 0.37
47 383 329 0 0 0.383
48 395 308 0 0 0.395
49 391 307 0 0 0.391
50 354 321 0 0 0.354
51 326 324 0 0 0.326
52 318 355 0 0 0.318
53 300 395 0 0 0.3
54 289 414 0 0 0.289
55 297 390 0 0 0.297
56 309 365 0 0 0.309
57 337 336 0 0 0.337
58 379 309 0 0 0.379
59 429 297 0 0 0.429
60 431 294 0 0 0.431
61 410 298 0 0 0.41
62 373 305 0 0 0.373
63 332 345 0 0 0.332
64 292 390 0 0 0.292
65 277 417 0 0 0.277
66 277 438 0 0 0.277
67 279 421 0 0 0.279
68 311 373 0 0 0.311
69 348 339 0 0 0.348
70 398 292 0 0 0.398
71 439 262 0 0 0.439
72 449 263 0 0 0.449
73 432 269 0 0 0.432
74 384 309 0 0 0.384
75 321 356 0 0 0.321
76 270 410 0 0 0.27
77 244 460 0 0 0.244
78 236 463 0 0 0.236
79 247 441 0 0 0.247
80 295 394 0 0 0.295
81 360 312 0 0 0.36
82 425 254 0 0 0.425
83 482 218 0 0 0.482
84 494 190 0 0 0.494
85 465 222 0 0 0.465
86 394 278 0 0 0.394
87 313 353 0 0 0.313
88 239 467 0 0 0.239
89 183 533 0 0 0.183
90 169 556 0 0 0.169
91 172 511 0 0 0.172
92 233 398 0 0 0.233
93 326 287 0 0 0.326
94 451 188 0 0 0.451
95 599 139 0 0 0.599
96 623 125 0 0 0.623
97 562 131 0 0 0.562
98 432 171 0 0 0.432
99 261 273 0 0 0.261
100 162 462 0 0 0.162
101 106 647 0 0 0.106
102 90 717 0 0 0.09
103 100 638 0 0 0.1
104 118 453 0 0 0.118
105 202 245 0 0 0.202
106 406 119 0 0 0.406
107 649 76 0 0 0.649
108 777 46 0 0 0.777
109 736 39 0 0 0.736
110 536 39 0 0 0.536
111 269 67 0 0 0.269
112 105 154 0 0 0.105
113 51 384 0 0 0.051
114 28 720 0 0 0.028
115 14 873 0 0 0.014
116 12 819 0 0 0.012
117 8 591 0 0 0.008
118 11 247 0 0 0.011
119 35 60 0 0 0.035
120 109 18 0 0 0.109
121 320 8 0 0 0.32
122 677 3 0 0 0.677
123 896 1 0 0 0.896
124 882 0 0 0 0.882
125 674 0 0 0 0.674
126 311 0 0 0 0.311
127 67 0 0 0 0.067
128 5 0 0 0 0.005
129 0 0 0 0 0
130 0 0 0 0 0
131 0 0 0 0 0
132 0 0 0 0 0
133 0 0 0 0 0
134 0 0 0 0 0
135 0 0 0 0 0
136 0 0 0 0 0
137 0 0 0 0 0
138 0 0 0 0 0
139 0 0 0 0 0
