1 0 0 0 0 0
2 0 0 0 0 0
3 3 2 0 0 0.003
4 2 3 0 0 0.002
5 11 8 0 0 0.011
6 11 21 0 0 0.011
7 53 48 0 0 0.053
8 90 105 0 0 0.09
9 94 199 0 0 0.094
10 128 273 0 0 0.128
11 136 348 0 0 0.136
12 118 377 0 0 0.118
13 78 397 0 0 0.078
14 51 374 0 0 0.051
15 33 318 0 0 0.033
16 29 274 0 0 0.029
17 36 224 0 0 0.036
18 56 192 0 0 0.056
19 91 163 0 0 0.091
20 105 159 0 0 0.105
21 131 159 0 0 0.131
22 128 150 0 0 0.128
23 137 153 0 0 0.137
24 158 136 0 0 0.158
25 164 123 0 0 0.164
26 170 149 0 0 0.17
27 167 145 0 0 0.167
28 172 128 0 0 0.172
29 158 142 0 0 0.158
30 140 157 0 0 0.14
31 149 149 0 0 0.149
32 147 151 0 0 0.147
33 117 167 0 0 0.117
34 127 159 0 0 0.127
35 151 143 0 0 0.151
36 152 144 0 0 0.152
37 141 158 0 0 0.141
38 170 130 0 0 0.17
39 169 125 0 0 0.169
40 150 144 0 0 0.15
41 147 161 0 0 0.147
42 157 127 0 0 0.157
43 132 146 0 0 0.132
44 113 174 0 0 0.113
45 126 169 0 0 0.126
46 153 143 0 0 0.153
47 135 153 0 0 0.135
48 147 150 0 0 0.147
49 181 121 0 0 0.181
50 202 123 0 0 0.202
51 194 156 0 0 0.194
52 187 140 0 0 0.187
53 177 128 0 0 0.177
54 142 155 0 0 0.142
55 130 183 0 0 0.13
56 140 186 0 0 0.14
57 141 186 0 0 0.141
58 122 190 0 0 0.122
59 130 144 0 0 0.13
60 155 120 0 0 0.155
61 180 112 0 0 0.18
62 196 126 0 0 0.196
63 214 109 0 0 0.214
64 196 122 0 0 0.196
65 173 133 0 0 0.173
66 131 154 0 0 0.131
67 125 175 0 0 0.125
68 115 201 0 0 0.115
69 111 202 0 0 0.111
70 116 194 0 0 0.116
71 142 157 0 0 0.142
72 163 125 0 0 0.163
73 190 109 0 0 0.19
74 205 102 0 0 0.205
75 225 98 0 0 0.225
76 202 118 0 0 0.202
77 162 134 0 0 0.162
78 126 175 0 0 0.126
79 105 207 0 0 0.105
80 78 233 0 0 0.078
81 94 234 0 0 0.094
82 108 213 0 0 0.108
83 134 166 0 0 0.134
84 183 133 0 0 0.183
85 232 81 0 0 0.232
86 255 73 0 0 0.255
87 263 71 0 0 0.263
88 210 84 0 0 0.21
89 164 120 0 0 0.164
90 93 182 0 0 0.093
91 65 252 0 0 0.065
92 51 318 0 0 0.051
93 60 327 0 0 0.06
94 74 287 0 0 0.074
95 98 164 0 0 0.098
96 159 93 0 0 0.159
97 255 52 0 0 0.255
98 354 43 0 0 0.354
99 424 42 0 0 0.424
100 320 56 0 0 0.32
101 170 77 0 0 0.17
102 69 124 0 0 0.069
103 47 215 0 0 0.047
104 29 400 0 0 0.029
105 31 522 0 0 0.031
106 40 435 0 0 0.04
107 71 204 0 0 0.071
108 101 76 0 0 0.101
109 194 31 0 0 0.194
110 407 18 0 0 0.407
111 653 11 0 0 0.653
112 724 17 0 0 0.724
113 546 19 0 0 0.546
114 223 29 0 0 0.223
115 49 64 0 0 0.049
116 10 159 0 0 0.01
117 6 395 0 0 0.006
118 4 738 0 0 0.004
119 3 902 0 0 0.003
120 4 869 0 0 0.004
121 6 666 0 0 0.006
122 12 308 0 0 0.012
123 37 66 0 0 0.037
124 113 5 0 0 0.113
125 326 0 0 0 0.326
126 689 0 0 0 0.689
127 933 0 0 0 0.933
128 995 0 0 0 0.995
129 1000 0 0 0 1
130 1000 0 0 0 1
131 1000 0 0 0 1
132 1000 0 0 0 1
133 1000 0 0 0 1
134 1000 0 0 0 1
135 1000 0 0 0 1
136 1000 0 0 0 1
137 1000 0 0 0 1
138 1000 0 0 0 1
139 1000 0 0 0 1
