1 2139 168 143 0.145395
2 3127 51 26 0.0246242
3 3399 4 6 0.00294204
4 3520 2 2 0.00113636
5 3450 0 1 0.000289855
6 3365 3 9 0.00356612
7 3358 11 7 0.00536033
8 3172 23 30 0.0167087
9 3009 44 65 0.0362247
10 2747 72 59 0.0476884
11 2601 69 74 0.0549789
12 2531 82 90 0.0679573
13 2783 66 78 0.0517427
14 2869 49 52 0.0352039
15 3107 42 33 0.024139
16 3269 28 24 0.015907
17 3363 15 20 0.0104074
18 3300 19 28 0.0142424
19 3021 45 39 0.0278054
20 2867 52 49 0.0352285
21 2653 68 56 0.0467395
22 2482 88 82 0.0684932
23 2480 82 81 0.0657258
24 2413 97 67 0.0679652
25 2469 84 86 0.0688538
26 2459 72 93 0.0671004
27 2462 91 89 0.0731113
28 2404 89 93 0.0757072
29 2481 73 99 0.0693269
30 2402 78 91 0.070358
31 2512 97 82 0.071258
32 2422 91 91 0.0751445
33 2442 83 103 0.0761671
34 2528 99 68 0.0660601
35 2448 98 73 0.0698529
36 2435 90 90 0.073922
37 2392 89 94 0.076505
38 2423 96 70 0.0685101
39 2435 78 99 0.0726899
40 2499 71 109 0.0720288
41 2485 77 92 0.068008
42 2522 104 86 0.075337
43 2531 80 103 0.0723034
44 2499 81 90 0.0684274
45 2484 97 64 0.0648148
46 2472 112 77 0.0764563
47 2532 93 98 0.0754344
48 2412 93 69 0.0671642
49 2365 93 63 0.0659619
50 2496 75 91 0.0665064
51 2352 65 101 0.0705782
52 2174 85 100 0.0850966
53 2352 75 103 0.0756803
54 2569 64 110 0.0677306
55 2365 73 77 0.0634249
56 2324 97 75 0.0740103
57 2325 103 74 0.076129
58 2393 106 83 0.0789804
59 2429 123 65 0.0773981
60 2470 99 72 0.0692308
61 2483 82 78 0.0644382
62 2524 69 90 0.0629952
63 2340 82 105 0.0799145
64 2410 59 117 0.073029
65 2356 67 105 0.0730051
66 2429 69 111 0.0741046
67 2536 84 88 0.0678233
68 2542 91 69 0.0629426
69 2330 104 71 0.0751073
70 2376 119 64 0.0770202
71 2478 125 58 0.0738499
72 2436 101 70 0.070197
73 2508 87 77 0.0653907
74 2468 71 104 0.0709076
75 2400 62 105 0.0695833
76 2460 50 124 0.0707317
77 2336 61 127 0.0804795
78 2632 63 107 0.0645897
79 2431 73 83 0.0641711
80 2430 98 77 0.0720165
81 2528 126 45 0.0676424
82 2320 128 49 0.0762931
83 2270 130 47 0.0779736
84 2444 110 49 0.0650573
85 2390 97 77 0.0728033
86 2435 57 105 0.0665298
87 2264 49 122 0.07553
88 2300 36 163 0.0865217
89 2454 41 143 0.0749796
90 2430 43 128 0.0703704
91 2400 52 77 0.05375
92 2397 97 50 0.0613267
93 2267 134 32 0.0732245
94 2136 168 29 0.0922285
95 2230 200 28 0.102242
96 2607 121 36 0.0602225
97 2662 73 38 0.041698
98 2498 38 69 0.0428343
99 2091 29 130 0.0760402
100 1917 22 225 0.128847
101 2301 17 223 0.104302
102 2664 22 139 0.0604354
103 2896 39 51 0.0310773
104 2550 40 40 0.0313725
105 2044 101 15 0.0567515
106 1595 226 13 0.149843
107 1904 282 8 0.152311
108 2536 168 10 0.0701893
109 2839 60 8 0.0239521
110 2764 26 13 0.01411
111 2053 15 36 0.0248417
112 1126 4 97 0.089698
113 903 6 238 0.27021
114 1558 3 349 0.225931
115 2592 1 189 0.0733025
116 3004 2 43 0.01498
117 2888 2 10 0.00415512
118 2058 6 5 0.005345
119 855 25 2 0.0315789
120 322 76 1 0.23913
121 449 213 0 0.474388
122 1166 363 0 0.311321
123 2389 244 0 0.102135
124 3154 62 0 0.0196576
125 2915 5 0 0.00171527
126 2391 0 0 0
127 1044 0 0 0
128 238 0 0 0
129 16 0 0 0
130 0 0 0 0
131 0 0 0 0
132 0 0 0 0
133 0 0 0 0
134 0 0 0 0
135 0 0 0 0
136 0 0 0 0
137 0 0 0 0
138 0 0 0 0
139 0 0 0 0
