4 522
16 462
24 377
37 376
48 395
60 431
72 449
84 494
96 623
108 777
123 896
9293 1577199136
9297 1577199280
9300 32767
9305 1577199136
9308 32767
9313 1577199328
9319 1577200044
9328 1072165552
9331 1
9337 1577199328
9341 1577199928
9347 1577199864
9351 1577201532
9352 32767
9359 1577201532
9365 1577199992
9371 1577199960
9375 1577201531
9385 1577200496
9389 1577200880
9394 524288
9397 1
9401 1577201532
9402 32767
9413 1577200968
9418 8
9421 1
9425 1577201531
9426 32767
9434 1
9447 1577199828
9455 2026584188
9461 2026584184
9465 2026584160
9471 2026587512
9477 1577199856
9481 2061214480
9487 1132470372
9493 1577199968
9496 32767
9499 100
9503 1132470272
9507 1577199896
9521 1577200480
9527 1577199976
9533 1577204040
9537 1120258010
9551 1677205256
9555 1677213680
9563 1677033610
9567 1677205256
9571 1677210408
9579 1677033610
9583 1677213680
9587 1677213680
9589 1677177008
9595 1677205256
9603 1677205256
9611 1577200528
9615 1677058659
9621 2026584160
9625 29289496
9631 1677205256
9635 1677064729
9641 1677132464
9647 1677205256
9653 1677177008
9657 29289225
9661 1677213680
9669 1940
9675 1676979621
9681 1577200944
9685 2026587512
9691 2026587512
9703 1677205256
9707 1677210256
9715 1677033610
9719 1677210256
9723 1677210256
9735 1677205256
9739 1677210256
9743 29288192
9755 1677205256
9759 1677210256
9767 1677033610
9771 1677210256
9775 1677210256
9777 1677177008
9783 1677205256
9791 1677205256
9799 1577201280
9803 1677058659
9809 1677132464
9813 29289496
9819 1677205256
9823 1677064729
9829 1677132464
9835 1677205256
9841 1677177008
9845 29288814
9849 1677210256
9857 1529
9863 1676979621
9869 1577201696
9873 1577204448
9875 29271640
9885 1577204448
9889 1769234802
9901 1577201584
9905 1577201600
9909 1577202168
9915 1577202136
9919 1577203707
9929 1577202672
9932 32767
9939 1577204448
9953 1577203128
9957 1577203144
9961 1
9965 1
9969 1577203707
9970 32767
9978 1
9979 1
9987 4
9993 1577203704
