11 136
28 172
38 170
50 202
63 214
75 225
87 263
99 424
112 724
129 1000
132 1000
135 1000
138 1000
9261 1577199136
9265 1577199280
9268 32767
9273 1577199136
9276 32767
9281 1577199328
9287 1577200044
9296 1072165552
9299 1
9305 1577199328
9309 1577199928
9315 1577199864
9319 1577201532
9320 32767
9327 1577201532
9333 1577199992
9339 1577199960
9343 1577201531
9353 1577200496
9357 1577200880
9362 524288
9365 1
9369 1577201532
9370 32767
9381 1577200968
9386 8
9389 1
9393 1577201531
9394 32767
9402 1
9415 1577199828
9423 2026584188
9429 2026584184
9433 2026584160
9439 2026587512
9445 1577199856
9449 2061214480
9455 1132470372
9461 1577199968
9464 32767
9467 100
9471 1132470272
9475 1577199896
9489 1577200480
9495 1577199976
9501 1577204040
9505 1120258010
9519 1677205256
9523 1677213680
9531 1677033610
9535 1677205256
9539 1677210408
9547 1677033610
9551 1677213680
9555 1677213680
9557 1677177008
9563 1677205256
9571 1677205256
9579 1577200528
9583 1677058659
9589 2026584160
9593 29289496
9599 1677205256
9603 1677064729
9609 1677132464
9615 1677205256
9621 1677177008
9625 29289225
9629 1677213680
9637 1940
9643 1676979621
9649 1577200944
9653 2026587512
9659 2026587512
9671 1677205256
9675 1677210256
9683 1677033610
9687 1677210256
9691 1677210256
9703 1677205256
9707 1677210256
9711 29288192
9723 1677205256
9727 1677210256
9735 1677033610
9739 1677210256
9743 1677210256
9745 1677177008
9751 1677205256
9759 1677205256
9767 1577201280
9771 1677058659
9777 1677132464
9781 29289496
9787 1677205256
9791 1677064729
9801 1577201296
9805 1577201440
9808 32767
9813 1577201296
9816 32767
9821 1577201488
9827 1577202204
9831 1676979621
9836 1079130724
9841 1577204448
9845 1577201488
9849 1577202088
9855 1577202024
9859 1577203692
9860 32767
9867 1577203692
9873 1577201600
9877 1577202168
9883 1577202136
9887 1577203707
9897 1577202672
9901 1577201712
9905 1577201728
9909 1577202296
9915 1577202264
9919 1577203835
9929 1577202800
9932 32767
9937 1577203707
9938 32767
9946 1
9953 1577203256
9957 1577203272
9961 1
9965 1
9969 1577203835
9970 32767
9978 1
9979 1
9987 4
9993 1577203832
