0 54 46 68 82 58 56 70 51 70 80 0
1 280 289 297 316 278 269 326 320 294 276 0
2 783 756 802 800 797 766 775 737 699 728 0
3 963 929 971 934 1010 954 956 965 943 942 0
4 1078 1035 1054 1052 1115 1096 1116 1131 1059 1051 0
5 1291 1260 1302 1265 1366 1343 1331 1339 1257 1281 0
6 1432 1446 1443 1367 1548 1551 1452 1527 1411 1418 0
7 1553 1572 1555 1464 1674 1698 1526 1681 1559 1535 0
8 1732 1678 1670 1603 1773 1876 1658 1800 1693 1711 0
9 1849 1814 1813 1702 1888 1988 1744 1945 1873 1827 0
10 1901 1914 1886 1811 1971 2081 1784 2075 1992 1952 0
11 1998 2039 2009 1895 2081 2200 1825 2188 2102 2079 0
12 2066 2121 2135 1985 2154 2329 1915 2323 2164 2208 0
13 2153 2212 2197 2042 2202 2398 1959 2378 2274 2350 0
14 2176 2299 2278 2086 2289 2450 2054 2473 2379 2409 0
15 2273 2332 2390 2156 2363 2525 2061 2505 2468 2526 0
16 2333 2419 2426 2170 2419 2640 2154 2589 2495 2608 0
17 2366 2522 2448 2216 2442 2724 2243 2646 2518 2700 0
18 2399 2542 2533 2236 2498 2804 2273 2709 2550 2763 0
19 2456 2572 2591 2305 2550 2821 2321 2773 2612 2834 0
20 2530 2636 2627 2381 2542 2857 2360 2829 2649 2911 0
21 2597 2695 2687 2443 2588 2860 2401 2824 2680 3031 0
22 2645 2722 2691 2503 2593 2911 2421 2896 2722 3073 0
23 2715 2803 2708 2477 2573 2917 2440 2940 2746 3120 0
24 2767 2894 2744 2485 2635 2917 2485 2957 2812 3200 0
25 2833 2922 2756 2486 2699 2954 2511 3019 2809 3229 0
26 2840 3002 2815 2491 2739 2945 2522 3016 2849 3293 0
27 2873 3013 2857 2512 2743 2991 2563 3018 2892 3339 0
28 2931 3055 2903 2553 2809 3002 2593 3050 2912 3399 0
29 2955 3053 2933 2583 2844 3044 2612 3104 2904 3427 0
30 3003 3063 2958 2599 2847 3045 2652 3121 2945 3486 0
31 3016 3079 2989 2635 2831 3073 2654 3149 2981 3521 0
32 3069 3115 3021 2669 2817 3060 2697 3177 2992 3529 0
33 3115 3145 2998 2690 2800 3077 2745 3151 2969 3574 0
34 3174 3171 3027 2731 2813 3090 2767 3192 3032 3609 0
35 3233 3221 3058 2800 2835 3105 2776 3202 3047 3587 0
36 3199 3219 3048 2803 2839 3120 2811 3218 3056 3586 0
37 3233 3238 3088 2874 2835 3154 2882 3223 3006 3624 0
38 3272 3279 3109 2890 2864 3172 2863 3214 3008 3674 0
39 3300 3288 3118 2912 2921 3191 2894 3285 3037 3713 0
40 3313 3281 3097 2991 2886 3210 2892 3311 3060 3761 0
41 3355 3329 3139 3000 2905 3209 2889 3346 3065 3773 0
42 3382 3323 3171 3021 2928 3182 2903 3361 3102 3804 0
43 3382 3338 3175 3052 2905 3170 2931 3371 3140 3826 0
44 3405 3351 3243 3084 2898 3230 2971 3383 3156 3838 0
45 3414 3361 3286 3109 2932 3266 2961 3435 3142 3857 0
46 3430 3378 3315 3096 2927 3289 2978 3453 3172 3837 0
47 3456 3391 3275 3114 2963 3308 3009 3437 3199 3833 0
48 3486 3389 3339 3141 3002 3323 2997 3448 3213 3862 0
49 3508 3394 3352 3129 2983 3300 2971 3475 3229 3863 0
50 3540 3397 3369 3133 3011 3324 2972 3509 3269 3922 0
51 3583 3448 3375 3162 3029 3390 2934 3527 3278 3885 0
52 3620 3444 3397 3190 3069 3369 2989 3551 3269 3906 0
53 3598 3472 3430 3217 3084 3398 3011 3562 3269 3887 0
54 3619 3492 3448 3256 3051 3405 3083 3576 3289 3907 0
55 3636 3441 3476 3276 3059 3433 3077 3581 3321 3880 0
56 3615 3478 3490 3287 3091 3462 3069 3555 3316 3942 0
57 3595 3546 3501 3288 3059 3479 3095 3559 3352 3992 0
58 3591 3581 3481 3304 3052 3486 3100 3606 3385 4021 0
59 3627 3602 3501 3345 3020 3469 3133 3621 3397 4045 0
60 3619 3622 3497 3373 3039 3488 3139 3615 3415 4060 0
61 3613 3626 3544 3390 3030 3500 3203 3652 3442 4074 0
62 3616 3682 3578 3382 3010 3533 3219 3687 3476 4073 0
63 3601 3707 3583 3437 3040 3549 3251 3730 3464 4058 0
64 3594 3714 3620 3455 3034 3545 3235 3715 3453 4091 0
65 3601 3716 3654 3528 3021 3559 3270 3717 3460 4126 0
66 3597 3723 3660 3537 3099 3570 3280 3753 3469 4143 0
67 3621 3759 3683 3497 3153 3574 3293 3770 3465 4141 0
68 3656 3807 3673 3505 3185 3614 3323 3787 3509 4168 0
69 3668 3809 3662 3511 3210 3612 3394 3801 3508 4161 0
70 3684 3810 3663 3500 3185 3659 3428 3789 3562 4185 0
71 3718 3815 3654 3512 3164 3722 3456 3781 3581 4182 0
72 3735 3859 3656 3489 3153 3741 3492 3795 3584 4210 0
73 3728 3906 3674 3513 3144 3765 3492 3760 3616 4180 0
74 3747 3930 3644 3563 3169 3799 3533 3788 3640 4199 0
75 3759 3981 3649 3565 3160 3827 3562 3793 3604 4218 0
76 3776 4036 3681 3587 3148 3846 3571 3817 3588 4214 0
77 3843 4046 3719 3570 3143 3846 3600 3844 3584 4214 0
78 3867 4057 3727 3577 3159 3903 3654 3868 3577 4221 0
79 3876 4080 3720 3600 3163 3929 3649 3895 3596 4250 0
80 3901 4098 3703 3609 3126 3948 3666 3916 3613 4294 0
81 3902 4156 3706 3590 3144 3985 3706 3906 3627 4306 0
82 3894 4168 3746 3606 3126 4007 3735 3912 3656 4294 0
83 3921 4196 3737 3629 3126 4025 3755 3925 3659 4296 0
84 3959 4208 3760 3632 3114 4030 3778 3944 3655 4293 0
85 3940 4251 3767 3655 3085 4056 3775 3961 3687 4292 0
86 3961 4296 3773 3672 3055 4095 3811 3990 3695 4295 0
87 3963 4348 3759 3684 3023 4107 3824 4011 3695 4294 0
88 3953 4393 3746 3705 3013 4136 3866 4035 3739 4303 0
89 3916 4439 3761 3709 2998 4164 3888 4049 3736 4309 0
90 3905 4461 3778 3725 2977 4142 3936 4057 3758 4319 0
91 3907 4484 3809 3730 2967 4153 3956 4065 3785 4327 0
92 3897 4519 3834 3768 2962 4150 3980 4087 3802 4337 0
93 3906 4547 3825 3790 2945 4168 3986 4111 3806 4331 0
94 3894 4562 3847 3810 2938 4164 4004 4113 3810 4346 0
95 3884 4595 3857 3865 2923 4174 4015 4131 3815 4339 0
96 3888 4607 3863 3904 2923 4179 4012 4134 3820 4337 0
97 3895 4628 3865 3957 2926 4187 4014 4137 3812 4331 0
98 3900 4630 3872 3996 2921 4197 3999 4138 3812 4326 0
99 3899 4659 3893 4014 2928 4201 4004 4134 3806 4336 0
100 3900 4679 3899 4031 2921 4198 4012 4124 3807 4343 0
101 3898 4693 3920 4052 2918 4202 4018 4115 3811 4345 0
102 3902 4694 3933 4055 2909 4188 4025 4110 3816 4355 0
103 3907 4712 3942 4056 2913 4182 4033 4104 3814 4360 0
104 3907 4719 3961 4049 2907 4197 4033 4100 3824 4373 0
105 3912 4734 3970 4044 2910 4196 4042 4097 3828 4375 0
106 3912 4744 3967 4038 2914 4206 4045 4095 3830 4382 0
107 3912 4747 3967 4033 2917 4218 4048 4095 3826 4391 0
108 3918 4755 3967 4033 2918 4222 4045 4095 3822 4393 0
109 3918 4759 3965 4040 2913 4226 4049 4095 3824 4401 0
110 3916 4761 3958 4039 2909 4232 4051 4096 3824 4407 0
111 3914 4760 3954 4041 2907 4233 4048 4099 3823 4408 0
112 3912 4766 3951 4039 2906 4238 4049 4096 3822 4412 0
113 3909 4770 3947 4037 2905 4244 4048 4096 3821 4418 0
114 3909 4773 3946 4035 2903 4250 4048 4096 3821 4425 0
115 3909 4773 3944 4035 2904 4253 4048 4098 3819 4429 0
116 3906 4775 3944 4035 2903 4255 4048 4100 3819 4430 0
117 3905 4777 3943 4035 2901 4256 4049 4101 3819 4430 0
118 3904 4778 3943 4034 2901 4256 4052 4101 3819 4430 0
119 3904 4779 3943 4033 2901 4256 4054 4101 3818 4430 0
120 3903 4779 3942 4033 2901 4256 4055 4101 3818 4430 0
121 3903 4781 3942 4033 2901 4256 4056 4100 3818 4430 0
122 3903 4781 3942 4033 2901 4256 4056 4100 3818 4430 0
123 3903 4781 3942 4033 2901 4256 4056 4100 3818 4430 0
124 3903 4781 3942 4033 2901 4256 4056 4100 3818 4430 0
125 3903 4781 3942 4033 2901 4256 4056 4100 3818 4430 0
126 3903 4781 3942 4033 2901 4256 4056 4100 3818 4430 0
127 3903 4781 3942 4033 2901 4256 4056 4100 3818 4430 0
128 3903 4781 3942 4033 2901 4256 4056 4100 3818 4430 0
129 3903 4781 3942 4033 2901 4256 4056 4100 3818 4430 0
130 3903 4781 3942 4033 2901 4256 4056 4100 3818 4430 0
131 3903 4781 3942 4033 2901 4256 4056 4100 3818 4430 0
132 3903 4781 3942 4033 2901 4256 4056 4100 3818 4430 0
133 3903 4781 3942 4033 2901 4256 4056 4100 3818 4430 0
134 3903 4781 3942 4033 2901 4256 4056 4100 3818 4430 0
135 3903 4781 3942 4033 2901 4256 4056 4100 3818 4430 0
136 3903 4781 3942 4033 2901 4256 4056 4100 3818 4430 0
137 3903 4781 3942 4033 2901 4256 4056 4100 3818 4430 0
138 3903 4781 3942 4033 2901 4256 4056 4100 3818 4430 0
139 3903 4781 3942 4033 2901 4256 4056 4100 3818 4430 0
140 3903 4781 3942 4033 2901 4256 4056 4100 3818 4430 0
141 3903 4781 3942 4033 2901 4256 4056 4100 3818 4430 0
142 3903 4781 3942 4033 2901 4256 4056 4100 3818 4430 0
143 3903 4781 3942 4033 2901 4256 4056 4100 3818 4430 0
144 3903 4781 3942 4033 2901 4256 4056 4100 3818 4430 0
145 3903 4781 3942 4033 2901 4256 4056 4100 3818 4430 0
146 3903 4781 3942 4033 2901 4256 4056 4100 3818 4430 0
147 3903 4781 3942 4033 2901 4256 4056 4100 3818 4430 0
148 3903 4781 3942 4033 2901 4256 4056 4100 3818 4430 0
149 3903 4781 3942 4033 2901 4256 4056 4100 3818 4430 0
150 3903 4781 3942 4033 2901 4256 4056 4100 3818 4430 0
151 3903 4781 3942 4033 2901 4256 4056 4100 3818 4430 0
152 3903 4781 3942 4033 2901 4256 4056 4100 3818 4430 0
153 3903 4781 3942 4033 2901 4256 4056 4100 3818 4430 0
154 3903 4781 3942 4033 2901 4256 4056 4100 3818 4430 0
155 3903 4781 3942 4033 2901 4256 4056 4100 3818 4430 0
156 3903 4781 3942 4033 2901 4256 4056 4100 3818 4430 0
157 3903 4781 3942 4033 2901 4256 4056 4100 3818 4430 0
158 3903 4781 3942 4033 2901 4256 4056 4100 3818 4430 0
159 3903 4781 3942 4033 2901 4256 4056 4100 3818 4430 0
160 3903 4781 3942 4033 2901 4256 4056 4100 3818 4430 0
161 3903 4781 3942 4033 2901 4256 4056 4100 3818 4430 0
162 3903 4781 3942 4033 2901 4256 4056 4100 3818 4430 0
163 3903 4781 3942 4033 2901 4256 4056 4100 3818 4430 0
164 3903 4781 3942 4033 2901 4256 4056 4100 3818 4430 0
165 3903 4781 3942 4033 2901 4256 4056 4100 3818 4430 0
166 3903 4781 3942 4033 2901 4256 4056 4100 3818 4430 0
167 3903 4781 3942 4033 2901 4256 4056 4100 3818 4430 0
168 3903 4781 3942 4033 2901 4256 4056 4100 3818 4430 0
169 3903 4781 3942 4033 2901 4256 4056 4100 3818 4430 0
170 3903 4781 3942 4033 2901 4256 4056 4100 3818 4430 0
171 3903 4781 3942 4033 2901 4256 4056 4100 3818 4430 0
172 3903 4781 3942 4033 2901 4256 4056 4100 3818 4430 0
173 3903 4781 3942 4033 2901 4256 4056 4100 3818 4430 0
174 3903 4781 3942 4033 2901 4256 4056 4100 3818 4430 0
175 3903 4781 3942 4033 2901 4256 4056 4100 3818 4430 0
176 3903 4781 3942 4033 2901 4256 4056 4100 3818 4430 0
177 3903 4781 3942 4033 2901 4256 4056 4100 3818 4430 0
178 3903 4781 3942 4033 2901 4256 4056 4100 3818 4430 0
179 3903 4781 3942 4033 2901 4256 4056 4100 3818 4430 0
180 3903 4781 3942 4033 2901 4256 4056 4100 3818 4430 0
181 3903 4781 3942 4033 2901 4256 4056 4100 3818 4430 0
182 3903 4781 3942 4033 2901 4256 4056 4100 3818 4430 0
183 3903 4781 3942 4033 2901 4256 4056 4100 3818 4430 0
184 3903 4781 3942 4033 2901 4256 4056 4100 3818 4430 0
185 3903 4781 3942 4033 2901 4256 4056 4100 3818 4430 0
186 3903 4781 3942 4033 2901 4256 4056 4100 3818 4430 0
187 3903 4781 3942 4033 2901 4256 4056 4100 3818 4430 0
188 3903 4781 3942 4033 2901 4256 4056 4100 3818 4430 0
189 3903 4781 3942 4033 2901 4256 4056 4100 3818 4430 0
190 3903 4781 3942 4033 2901 4256 4056 4100 3818 4430 0
191 3903 4781 3942 4033 2901 4256 4056 4100 3818 4430 0
192 3903 4781 3942 4033 2901 4256 4056 4100 3818 4430 0
193 3903 4781 3942 4033 2901 4256 4056 4100 3818 4430 0
194 3903 4781 3942 4033 2901 4256 4056 4100 3818 4430 0
195 3903 4781 3942 4033 2901 4256 4056 4100 3818 4430 0
196 3903 4781 3942 4033 2901 4256 4056 4100 3818 4430 0
197 3903 4781 3942 4033 2901 4256 4056 4100 3818 4430 0
198 3903 4781 3942 4033 2901 4256 4056 4100 3818 4430 0
199 3903 4781 3942 4033 2901 4256 4056 4100 3818 4430 0
200 3903 4781 3942 4033 2901 4256 4056 4100 3818 4430 0
201 3903 4781 3942 4033 2901 4256 4056 4100 3818 4430 0
202 3903 4781 3942 4033 2901 4256 4056 4100 3818 4430 0
203 3903 4781 3942 4033 2901 4256 4056 4100 3818 4430 0
204 3903 4781 3942 4033 2901 4256 4056 4100 3818 4430 0
205 3903 4781 3942 4033 2901 4256 4056 4100 3818 4430 0
206 3903 4781 3942 4033 2901 4256 4056 4100 3818 4430 0
207 3903 4781 3942 4033 2901 4256 4056 4100 3818 4430 0
208 3903 4781 3942 4033 2901 4256 4056 4100 3818 4430 0
209 3903 4781 3942 4033 2901 4256 4056 4100 3818 4430 0
210 3903 4781 3942 4033 2901 4256 4056 4100 3818 4430 0
211 3903 4781 3942 4033 2901 4256 4056 4100 3818 4430 0
212 3903 4781 3942 4033 2901 4256 4056 4100 3818 4430 0
213 3903 4781 3942 4033 2901 4256 4056 4100 3818 4430 0
214 3903 4781 3942 4033 2901 4256 4056 4100 3818 4430 0
215 3903 4781 3942 4033 2901 4256 4056 4100 3818 4430 0
216 3903 4781 3942 4033 2901 4256 4056 4100 3818 4430 0
217 3903 4781 3942 4033 2901 4256 4056 4100 3818 4430 0
218 3903 4781 3942 4033 2901 4256 4056 4100 3818 4430 0
219 3903 4781 3942 4033 2901 4256 4056 4100 3818 4430 0
220 3903 4781 3942 4033 2901 4256 4056 4100 3818 4430 0
221 3903 4781 3942 4033 2901 4256 4056 4100 3818 4430 0
222 3903 4781 3942 4033 2901 4256 4056 4100 3818 4430 0
223 3903 4781 3942 4033 2901 4256 4056 4100 3818 4430 0
224 3903 4781 3942 4033 2901 4256 4056 4100 3818 4430 0
225 3903 4781 3942 4033 2901 4256 4056 4100 3818 4430 0
226 3903 4781 3942 4033 2901 4256 4056 4100 3818 4430 0
227 3903 4781 3942 4033 2901 4256 4056 4100 3818 4430 0
228 3903 4781 3942 4033 2901 4256 4056 4100 3818 4430 0
229 3903 4781 3942 4033 2901 4256 4056 4100 3818 4430 0
230 3903 4781 3942 4033 2901 4256 4056 4100 3818 4430 0
231 3903 4781 3942 4033 2901 4256 4056 4100 3818 4430 0
232 3903 4781 3942 4033 2901 4256 4056 4100 3818 4430 0
233 3903 4781 3942 4033 2901 4256 4056 4100 3818 4430 0
234 3903 4781 3942 4033 2901 4256 4056 4100 3818 4430 0
235 3903 4781 3942 4033 2901 4256 4056 4100 3818 4430 0
236 3903 4781 3942 4033 2901 4256 4056 4100 3818 4430 0
237 3903 4781 3942 4033 2901 4256 4056 4100 3818 4430 0
238 3903 4781 3942 4033 2901 4256 4056 4100 3818 4430 0
239 3903 4781 3942 4033 2901 4256 4056 4100 3818 4430 0
240 3903 4781 3942 4033 2901 4256 4056 4100 3818 4430 0
241 3903 4781 3942 4033 2901 4256 4056 4100 3818 4430 0
242 3903 4781 3942 4033 2901 4256 4056 4100 3818 4430 0
243 3903 4781 3942 4033 2901 4256 4056 4100 3818 4430 0
244 3903 4781 3942 4033 2901 4256 4056 4100 3818 4430 0
245 3903 4781 3942 4033 2901 4256 4056 4100 3818 4430 0
246 3903 4781 3942 4033 2901 4256 4056 4100 3818 4430 0
247 3903 4781 3942 4033 2901 4256 4056 4100 3818 4430 0
248 3903 4781 3942 4033 2901 4256 4056 4100 3818 4430 0
249 3903 4781 3942 4033 2901 4256 4056 4100 3818 4430 0
250 3903 4781 3942 4033 2901 4256 4056 4100 3818 4430 0
251 3903 4781 3942 4033 2901 4256 4056 4100 3818 4430 0
252 3903 4781 3942 4033 2901 4256 4056 4100 3818 4430 0
253 3903 4781 3942 4033 2901 4256 4056 4100 3818 4430 0
254 3903 4781 3942 4033 2901 4256 4056 4100 3818 4430 0
255 3903 4781 3942 4033 2901 4256 4056 4100 3818 4430 0
256 3903 4781 3942 4033 2901 4256 4056 4100 3818 4430 0
257 3903 4781 3942 4033 2901 4256 4056 4100 3818 4430 0
258 3903 4781 3942 4033 2901 4256 4056 4100 3818 4430 0
259 3903 4781 3942 4033 2901 4256 4056 4100 3818 4430 0
260 3903 4781 3942 4033 2901 4256 4056 4100 3818 4430 0
261 3903 4781 3942 4033 2901 4256 4056 4100 3818 4430 0
262 3903 4781 3942 4033 2901 4256 4056 4100 3818 4430 0
263 3903 4781 3942 4033 2901 4256 4056 4100 3818 4430 0
264 3903 4781 3942 4033 2901 4256 4056 4100 3818 4430 0
265 3903 4781 3942 4033 2901 4256 4056 4100 3818 4430 0
