0 1062 1411 59
1 1107 2017 141
2 1153 2731 248
3 1194 3602 367
4 1248 4533 524
5 1276 5353 659
6 1311 5873 808
7 1348 5968 937
8 1347 5794 991
9 1306 5563 999
10 1176 5129 896
11 936 4561 679
12 667 3965 409
13 506 3359 242
14 456 2868 185
15 443 2445 178
16 434 2139 174
17 433 1890 183
18 414 1681 168
19 413 1461 165
20 402 1191 164
21 390 965 148
22 368 757 117
23 343 598 97
24 309 490 81
25 281 416 68
26 258 357 55
27 239 323 38
28 215 278 21
29 200 240 16
30 200 211 14
31 184 180 12
32 177 155 12
33 167 127 11
34 154 104 7
35 150 85 4
36 146 71 5
37 143 58 4
38 137 48 5
39 123 38 4
40 119 32 4
41 111 27 2
42 98 21 1
43 87 18 1
44 83 15 1
45 78 10 0
46 71 8 0
47 65 6 0
48 63 7 0
49 62 6 0
50 55 4 0
51 52 3 0
52 47 3 0
53 46 3 0
54 43 4 0
55 41 3 0
56 38 2 0
57 37 1 0
58 33 1 0
59 27 1 0
60 29 1 0
61 27 0 0
62 25 0 0
63 23 0 0
64 20 0 0
65 18 0 0
66 17 0 0
67 20 0 0
68 19 0 0
69 18 0 0
70 19 0 0
71 21 0 0
72 18 0 0
73 17 0 0
74 18 0 0
75 17 0 0
76 17 0 0
77 15 0 0
78 15 0 0
79 12 0 0
80 10 0 0
81 8 0 0
82 6 0 0
83 6 0 0
84 5 0 0
85 5 0 0
86 4 0 0
87 2 0 0
88 2 0 0
89 1 0 0
90 1 0 0
91 1 0 0
92 1 0 0
93 1 0 0
94 1 0 0
95 1 0 0
96 0 0 0
97 0 0 0
98 0 0 0
99 0 0 0
100 0 0 0
101 0 0 0
102 0 0 0
103 0 0 0
104 0 0 0
105 0 0 0
106 0 0 0
107 0 0 0
108 0 0 0
109 0 0 0
110 0 0 0
111 0 0 0
112 0 0 0
113 0 0 0
114 0 0 0
115 0 0 0
116 0 0 0
117 0 0 0
118 0 0 0
119 0 0 0
120 0 0 0
121 0 0 0
122 0 0 0
123 0 0 0
124 0 0 0
125 0 0 0
126 0 0 0
127 0 0 0
128 0 0 0
129 0 0 0
130 0 0 0
131 0 0 0
132 0 0 0
133 0 0 0
134 0 0 0
135 0 0 0
136 0 0 0
137 0 0 0
138 0 0 0
139 0 0 0
140 0 0 0
141 0 0 0
142 0 0 0
143 0 0 0
144 0 0 0
145 0 0 0
146 0 0 0
147 0 0 0
148 0 0 0
149 0 0 0
150 0 0 0
151 0 0 0
152 0 0 0
153 0 0 0
154 0 0 0
155 0 0 0
156 0 0 0
157 0 0 0
158 0 0 0
159 0 0 0
160 0 0 0
161 0 0 0
162 0 0 0
163 0 0 0
164 0 0 0
165 0 0 0
166 0 0 0
167 0 0 0
168 0 0 0
169 0 0 0
170 0 0 0
171 0 0 0
172 0 0 0
173 0 0 0
174 0 0 0
175 0 0 0
176 0 0 0
177 0 0 0
178 0 0 0
179 0 0 0
180 0 0 0
181 0 0 0
182 0 0 0
183 0 0 0
184 0 0 0
185 0 0 0
186 0 0 0
187 0 0 0
188 0 0 0
189 0 0 0
190 0 0 0
191 0 0 0
192 0 0 0
193 0 0 0
194 0 0 0
195 0 0 0
196 0 0 0
197 0 0 0
198 0 0 0
199 0 0 0
