0 3098 61 410 0
1 3761 45 606 0
2 4582 46 717 0
3 5630 41 881 0
4 6847 54 1002 0
5 8070 30 1014 0
6 9283 41 971 0
7 9969 48 783 0
8 9843 42 603 0
9 9639 36 513 0
10 9091 37 325 0
11 8385 45 265 0
12 7464 33 175 0
13 6591 17 149 0
14 5638 17 117 0
15 4872 22 81 0
16 4244 20 89 0
17 3699 18 61 0
18 3306 14 53 0
19 3060 21 44 0
20 2671 15 28 0
21 2216 19 34 0
22 1874 21 19 0
23 1566 17 21 0
24 1322 13 17 0
25 1111 11 8 0
26 983 14 11 0
27 859 19 9 0
28 781 11 3 0
29 723 14 5 0
30 667 17 5 0
31 617 14 4 0
32 569 17 3 0
33 487 8 5 0
34 441 10 4 0
35 385 15 1 0
36 353 6 1 0
37 339 5 1 0
38 307 5 4 0
39 283 7 0 0
40 242 11 3 0
41 224 6 1 0
42 223 7 0 0
43 194 6 1 0
44 169 4 0 0
45 152 7 0 0
46 136 3 0 0
47 118 2 0 0
48 117 7 1 0
49 107 6 0 0
50 110 1 1 0
51 99 2 0 0
52 81 3 0 0
53 87 4 0 0
54 77 3 1 0
55 69 3 0 0
56 60 2 0 0
57 66 4 0 0
58 60 2 0 0
59 47 0 0 0
60 44 3 0 0
61 43 2 0 0
62 40 0 0 0
63 37 2 0 0
64 30 0 0 0
65 30 2 0 0
66 24 1 0 0
67 33 4 0 0
68 32 2 0 0
69 32 0 0 0
70 25 2 0 0
71 34 2 0 0
72 29 0 0 0
73 30 1 0 0
74 25 1 0 0
75 25 2 0 0
76 27 1 0 0
77 23 0 0 0
78 22 0 0 0
79 27 0 0 0
80 20 0 0 0
81 16 0 0 0
82 11 0 0 0
83 9 1 0 0
84 8 0 0 0
85 7 0 0 0
86 7 0 0 0
87 7 0 0 0
88 3 0 0 0
89 2 0 0 0
90 1 0 0 0
91 2 0 0 0
92 1 0 0 0
93 1 0 0 0
94 1 0 0 0
95 1 0 0 0
96 1 0 0 0
97 0 0 0 0
98 0 0 0 0
99 0 0 0 0
100 0 0 0 0
101 0 0 0 0
102 0 0 0 0
103 0 0 0 0
104 0 0 0 0
105 0 0 0 0
106 0 0 0 0
107 0 0 0 0
108 0 0 0 0
109 0 0 0 0
110 0 0 0 0
111 0 0 0 0
112 0 0 0 0
113 0 0 0 0
114 0 0 0 0
115 0 0 0 0
116 0 0 0 0
117 0 0 0 0
118 0 0 0 0
119 0 0 0 0
120 0 0 0 0
121 0 0 0 0
122 0 0 0 0
123 0 0 0 0
124 0 0 0 0
125 0 0 0 0
126 0 0 0 0
127 0 0 0 0
128 0 0 0 0
129 0 0 0 0
130 0 0 0 0
131 0 0 0 0
132 0 0 0 0
133 0 0 0 0
134 0 0 0 0
135 0 0 0 0
136 0 0 0 0
137 0 0 0 0
138 0 0 0 0
139 0 0 0 0
140 0 0 0 0
141 0 0 0 0
142 0 0 0 0
143 0 0 0 0
144 0 0 0 0
145 0 0 0 0
146 0 0 0 0
147 0 0 0 0
148 0 0 0 0
149 0 0 0 0
150 0 0 0 0
151 0 0 0 0
152 0 0 0 0
153 0 0 0 0
154 0 0 0 0
155 0 0 0 0
156 0 0 0 0
157 0 0 0 0
158 0 0 0 0
159 0 0 0 0
160 0 0 0 0
161 0 0 0 0
162 0 0 0 0
163 0 0 0 0
164 0 0 0 0
165 0 0 0 0
166 0 0 0 0
167 0 0 0 0
168 0 0 0 0
169 0 0 0 0
170 0 0 0 0
171 0 0 0 0
172 0 0 0 0
173 0 0 0 0
174 0 0 0 0
175 0 0 0 0
176 0 0 0 0
177 0 0 0 0
178 0 0 0 0
179 0 0 0 0
180 0 0 0 0
181 0 0 0 0
182 0 0 0 0
183 0 0 0 0
184 0 0 0 0
185 0 0 0 0
186 0 0 0 0
187 0 0 0 0
188 0 0 0 0
189 0 0 0 0
190 0 0 0 0
191 0 0 0 0
192 0 0 0 0
193 0 0 0 0
194 0 0 0 0
195 0 0 0 0
196 0 0 0 0
197 0 0 0 0
198 0 0 0 0
199 0 0 0 0
