1 20 21 2 0.02 0.2
2 40 42 6 0.06 0.4
3 54 44 19 0.19 0.54
4 59 52 35 0.35 0.59
5 62 65 43 0.43 0.62
6 68 64 44 0.44 0.68
7 73 64 45 0.45 0.73
8 73 66 46 0.46 0.73
9 71 70 46 0.46 0.71
10 74 71 47 0.47 0.74
11 75 69 47 0.47 0.75
12 76 66 47 0.47 0.76
13 82 64 47 0.47 0.82
14 83 64 47 0.47 0.83
15 83 64 47 0.47 0.83
16 83 64 47 0.47 0.83
17 83 64 47 0.47 0.83
18 83 64 47 0.47 0.83
19 83 64 47 0.47 0.83
20 83 64 47 0.47 0.83
21 83 64 47 0.47 0.83
22 83 64 47 0.47 0.83
23 83 64 47 0.47 0.83
24 83 64 47 0.47 0.83
