99799 1828504208
99803 1828504208
99805 1828470960
99811 1828499208
99819 1828499208
99827 1517337536
99831 1828352611
99837 1828426416
99841 89226312
99847 1828499208
99851 1828358681
99857 1828426416
99863 1828499208
99869 1828470960
99873 89225654
99877 1828504208
99885 1529
99891 1828273573
99897 1517337952
99901 1517337728
99905 1517338296
99913 1517340552
99925 1517338800
99928 32767
99931 0
99937 0
99944 539959472
99947 0
99953 1517339272
99961 1
99965 1517339835
99966 32767
99974 1
99975 1
99983 4
99989 1517339832
99993 1517340136
99999 1517340136
