99801 89225654
99809 1517337440
99813 1517337584
99816 32767
99821 1517337440
99825 1917846442
99829 1517337632
99835 1517338348
99839 1828499208
99843 1130254552
99849 89225654
99853 1517337632
99857 1517338232
99863 1517338168
99867 1517339836
99868 32767
99875 1517339836
99881 1517338296
99889 1517340552
99901 1517337824
99905 1517338392
99911 1517338360
99915 1517339931
99925 1517338896
99929 1517339272
99934 7
99937 1
99941 1517339835
99942 32767
99953 1517339368
99955 1
99961 1
99965 1517339931
99966 32767
99974 1
99983 4
99989 1517339928
99999 1921021440
