1 0 38 0 0 0
2 0 38 0 0 0
3 1 49 0 0 0.01
4 0 47 0 0 0
5 3 49 0 0 0.03
6 8 45 0 0 0.08
7 6 47 0 0 0.06
8 7 43 0 0 0.07
9 16 33 0 0 0.16
10 20 31 0 0 0.2
11 22 26 0 0 0.22
12 20 27 0 0 0.2
13 20 31 0 0 0.2
14 28 20 0 0 0.28
15 33 23 0 0 0.33
16 24 26 0 0 0.24
17 23 36 0 0 0.23
18 30 24 0 0 0.3
19 44 19 0 0 0.44
20 37 23 0 0 0.37
21 29 35 0 0 0.29
22 20 32 0 0 0.2
23 33 32 0 0 0.33
24 33 22 0 0 0.33
25 33 28 0 0 0.33
26 23 28 0 0 0.23
27 27 32 0 0 0.27
28 29 31 0 0 0.29
29 26 34 0 0 0.26
30 19 39 0 0 0.19
31 29 46 0 0 0.29
32 35 23 0 0 0.35
33 54 17 0 0 0.54
34 46 18 0 0 0.46
35 30 36 0 0 0.3
36 15 46 0 0 0.15
37 26 47 0 0 0.26
38 33 20 0 0 0.33
39 52 19 0 0 0.52
40 43 22 0 0 0.43
41 27 36 0 0 0.27
42 20 51 0 0 0.2
43 22 42 0 0 0.22
44 36 30 0 0 0.36
45 42 24 0 0 0.42
46 33 28 0 0 0.33
47 26 40 0 0 0.26
48 27 38 0 0 0.27
49 35 34 0 0 0.35
50 29 23 0 0 0.29
51 39 32 0 0 0.39
52 26 26 0 0 0.26
53 28 45 0 0 0.28
54 16 40 0 0 0.16
55 27 34 0 0 0.27
56 34 18 0 0 0.34
57 39 25 0 0 0.39
58 20 32 0 0 0.2
59 20 45 0 0 0.2
60 28 33 0 0 0.28
61 46 24 0 0 0.46
62 42 19 0 0 0.42
63 32 39 0 0 0.32
64 21 55 0 0 0.21
65 20 49 0 0 0.2
66 36 28 0 0 0.36
67 55 18 0 0 0.55
68 38 21 0 0 0.38
69 22 43 0 0 0.22
70 21 46 0 0 0.21
71 34 35 0 0 0.34
72 44 21 0 0 0.44
73 55 22 0 0 0.55
74 39 24 0 0 0.39
75 23 42 0 0 0.23
76 15 45 0 0 0.15
77 31 35 0 0 0.31
78 45 19 0 0 0.45
79 39 17 0 0 0.39
80 24 38 0 0 0.24
81 15 42 0 0 0.15
82 32 32 0 0 0.32
83 41 22 0 0 0.41
84 33 31 0 0 0.33
85 24 46 0 0 0.24
86 24 42 0 0 0.24
87 35 30 0 0 0.35
88 44 26 0 0 0.44
89 37 23 0 0 0.37
90 28 28 0 0 0.28
91 23 37 0 0 0.23
92 21 36 0 0 0.21
93 27 34 0 0 0.27
94 28 27 0 0 0.28
95 31 29 0 0 0.31
96 27 34 0 0 0.27
97 20 37 0 0 0.2
98 26 34 0 0 0.26
99 35 26 0 0 0.35
100 36 28 0 0 0.36
101 33 37 0 0 0.33
102 24 33 0 0 0.24
103 33 29 0 0 0.33
104 40 23 0 0 0.4
105 35 26 0 0 0.35
106 28 31 0 0 0.28
107 29 35 0 0 0.29
108 28 27 0 0 0.28
109 37 21 0 0 0.37
110 35 23 0 0 0.35
111 24 38 0 0 0.24
112 21 43 0 0 0.21
113 33 35 0 0 0.33
114 39 24 0 0 0.39
115 43 29 0 0 0.43
116 32 31 0 0 0.32
117 33 39 0 0 0.33
118 33 26 0 0 0.33
119 43 23 0 0 0.43
120 36 23 0 0 0.36
121 26 35 0 0 0.26
122 21 39 0 0 0.21
123 26 29 0 0 0.26
124 35 26 0 0 0.35
125 32 26 0 0 0.32
126 33 32 0 0 0.33
127 29 27 0 0 0.29
128 33 28 0 0 0.33
129 29 29 0 0 0.29
130 24 34 0 0 0.24
131 26 34 0 0 0.26
132 29 31 0 0 0.29
133 25 29 0 0 0.25
134 30 32 0 0 0.3
135 34 28 0 0 0.34
136 42 26 0 0 0.42
137 41 20 0 0 0.41
138 36 28 0 0 0.36
139 26 37 0 0 0.26
140 21 45 0 0 0.21
141 25 47 0 0 0.25
142 31 32 0 0 0.31
143 43 25 0 0 0.43
144 43 23 0 0 0.43
145 32 29 0 0 0.32
146 26 41 0 0 0.26
147 24 38 0 0 0.24
148 33 37 0 0 0.33
149 27 33 0 0 0.27
150 29 42 0 0 0.29
151 26 33 0 0 0.26
152 37 28 0 0 0.37
153 39 23 0 0 0.39
154 38 30 0 0 0.38
155 35 30 0 0 0.35
156 39 30 0 0 0.39
157 41 33 0 0 0.41
158 32 34 0 0 0.32
159 29 44 0 0 0.29
160 27 44 0 0 0.27
161 31 38 0 0 0.31
162 41 34 0 0 0.41
163 42 31 0 0 0.42
164 33 32 0 0 0.33
165 30 39 0 0 0.3
166 30 41 0 0 0.3
167 32 33 0 0 0.32
168 40 26 0 0 0.4
169 41 25 0 0 0.41
170 34 31 0 0 0.34
171 23 36 0 0 0.23
172 27 42 0 0 0.27
173 30 29 0 0 0.3
174 37 27 0 0 0.37
175 29 31 0 0 0.29
176 27 42 0 0 0.27
177 25 43 0 0 0.25
178 35 41 0 0 0.35
179 43 23 0 0 0.43
180 43 23 0 0 0.43
181 27 37 0 0 0.27
182 25 45 0 0 0.25
183 32 31 0 0 0.32
184 39 23 0 0 0.39
185 42 31 0 0 0.42
186 24 27 0 0 0.24
187 29 41 0 0 0.29
188 24 28 0 0 0.24
189 42 29 0 0 0.42
190 33 15 0 0 0.33
191 35 34 0 0 0.35
192 17 34 0 0 0.17
193 31 42 0 0 0.31
194 32 21 0 0 0.32
195 41 24 0 0 0.41
196 31 30 0 0 0.31
197 27 40 0 0 0.27
198 25 41 0 0 0.25
199 22 38 0 0 0.22
200 24 41 0 0 0.24
201 26 33 0 0 0.26
202 35 25 0 0 0.35
203 41 26 0 0 0.41
204 31 25 0 0 0.31
205 30 33 0 0 0.3
206 27 35 0 0 0.27
207 33 41 0 0 0.33
208 32 24 0 0 0.32
209 45 30 0 0 0.45
210 30 31 0 0 0.3
211 26 44 0 0 0.26
212 26 34 0 0 0.26
213 45 25 0 0 0.45
214 50 18 0 0 0.5
215 43 26 0 0 0.43
216 32 41 0 0 0.32
217 26 49 0 0 0.26
218 34 50 0 0 0.34
219 39 33 0 0 0.39
220 50 32 0 0 0.5
221 44 30 0 0 0.44
222 40 34 0 0 0.4
223 34 36 0 0 0.34
224 28 34 0 0 0.28
225 32 36 0 0 0.32
226 31 32 0 0 0.31
227 32 29 0 0 0.32
228 31 29 0 0 0.31
229 27 34 0 0 0.27
230 26 31 0 0 0.26
231 35 26 0 0 0.35
232 38 24 0 0 0.38
233 34 31 0 0 0.34
234 25 35 0 0 0.25
235 33 36 0 0 0.33
236 40 28 0 0 0.4
237 41 26 0 0 0.41
238 37 28 0 0 0.37
239 30 28 0 0 0.3
240 31 31 0 0 0.31
241 32 38 0 0 0.32
242 24 35 0 0 0.24
243 27 29 0 0 0.27
244 34 26 0 0 0.34
245 37 25 0 0 0.37
246 42 23 0 0 0.42
247 42 22 0 0 0.42
248 30 28 0 0 0.3
249 24 41 0 0 0.24
250 22 34 0 0 0.22
251 32 28 0 0 0.32
252 31 24 0 0 0.31
253 32 36 0 0 0.32
254 22 36 0 0 0.22
255 27 37 0 0 0.27
256 28 28 0 0 0.28
257 38 26 0 0 0.38
258 36 27 0 0 0.36
259 26 38 0 0 0.26
260 22 43 0 0 0.22
261 27 32 0 0 0.27
262 36 22 0 0 0.36
263 38 28 0 0 0.38
264 27 34 0 0 0.27
265 23 38 0 0 0.23
266 28 36 0 0 0.28
267 42 34 0 0 0.42
268 40 25 0 0 0.4
269 36 37 0 0 0.36
270 20 38 0 0 0.2
271 29 43 0 0 0.29
272 31 31 0 0 0.31
273 31 34 0 0 0.31
274 23 31 0 0 0.23
275 34 32 0 0 0.34
276 30 21 0 0 0.3
277 34 27 0 0 0.34
278 27 30 0 0 0.27
279 21 32 0 0 0.21
280 26 29 0 0 0.26
281 33 22 0 0 0.33
282 37 28 0 0 0.37
283 26 32 0 0 0.26
284 24 37 0 0 0.24
285 34 33 0 0 0.34
286 37 18 0 0 0.37
287 38 30 0 0 0.38
288 23 38 0 0 0.23
289 28 50 0 0 0.28
290 26 37 0 0 0.26
291 36 34 0 0 0.36
292 35 29 0 0 0.35
293 40 33 0 0 0.4
294 32 38 0 0 0.32
295 22 44 0 0 0.22
296 27 39 0 0 0.27
297 35 21 0 0 0.35
298 46 23 0 0 0.46
299 30 25 0 0 0.3
300 21 38 0 0 0.21
301 28 35 0 0 0.28
302 40 20 0 0 0.4
303 45 24 0 0 0.45
304 30 36 0 0 0.3
305 20 48 0 0 0.2
306 26 43 0 0 0.26
307 43 26 0 0 0.43
308 48 17 0 0 0.48
309 36 31 0 0 0.36
310 12 45 0 0 0.12
311 15 50 0 0 0.15
312 30 22 0 0 0.3
313 52 12 0 0 0.52
314 36 20 0 0 0.36
315 21 44 0 0 0.21
316 19 43 0 0 0.19
317 37 33 0 0 0.37
318 46 21 0 0 0.46
319 38 27 0 0 0.38
320 19 43 0 0 0.19
321 15 51 0 0 0.15
322 31 38 0 0 0.31
323 44 15 0 0 0.44
324 37 21 0 0 0.37
325 22 49 0 0 0.22
326 14 42 0 0 0.14
327 36 31 0 0 0.36
328 39 14 0 0 0.39
329 37 30 0 0 0.37
330 19 41 0 0 0.19
331 25 42 0 0 0.25
332 37 28 0 0 0.37
333 42 21 0 0 0.42
334 34 29 0 0 0.34
335 25 39 0 0 0.25
336 27 39 0 0 0.27
337 29 32 0 0 0.29
338 33 32 0 0 0.33
339 29 31 0 0 0.29
340 30 40 0 0 0.3
341 24 30 0 0 0.24
342 34 31 0 0 0.34
343 24 24 0 0 0.24
344 26 33 0 0 0.26
345 23 25 0 0 0.23
346 42 24 0 0 0.42
347 39 14 0 0 0.39
348 28 30 0 0 0.28
349 11 42 0 0 0.11
350 23 37 0 0 0.23
351 37 15 0 0 0.37
352 38 25 0 0 0.38
353 16 40 0 0 0.16
354 18 56 0 0 0.18
355 19 37 0 0 0.19
356 41 31 0 0 0.41
357 40 18 0 0 0.4
358 39 27 0 0 0.39
359 25 31 0 0 0.25
360 24 35 0 0 0.24
361 30 32 0 0 0.3
362 36 22 0 0 0.36
363 41 23 0 0 0.41
364 32 28 0 0 0.32
365 19 33 0 0 0.19
366 26 44 0 0 0.26
367 32 28 0 0 0.32
368 49 20 0 0 0.49
369 41 20 0 0 0.41
370 36 40 0 0 0.36
371 30 39 0 0 0.3
372 42 27 0 0 0.42
373 59 22 0 0 0.59
374 51 24 0 0 0.51
375 38 41 0 0 0.38
376 16 53 0 0 0.16
377 14 64 0 0 0.14
378 24 46 0 0 0.24
379 39 20 0 0 0.39
380 56 22 0 0 0.56
381 39 21 0 0 0.39
382 31 41 0 0 0.31
383 24 51 0 0 0.24
384 27 43 0 0 0.27
385 38 27 0 0 0.38
386 48 21 0 0 0.48
387 37 19 0 0 0.37
388 27 36 0 0 0.27
389 23 47 0 0 0.23
390 29 42 0 0 0.29
391 35 29 0 0 0.35
392 38 26 0 0 0.38
393 35 33 0 0 0.35
394 24 32 0 0 0.24
395 30 35 0 0 0.3
396 34 31 0 0 0.34
397 33 30 0 0 0.33
398 23 34 0 0 0.23
399 23 43 0 0 0.23
400 24 27 0 0 0.24
401 44 29 0 0 0.44
402 31 21 0 0 0.31
403 30 40 0 0 0.3
404 24 38 0 0 0.24
405 35 32 0 0 0.35
406 37 24 0 0 0.37
407 37 28 0 0 0.37
408 33 31 0 0 0.33
409 29 30 0 0 0.29
410 27 29 0 0 0.27
411 29 31 0 0 0.29
412 25 32 0 0 0.25
413 28 39 0 0 0.28
414 31 24 0 0 0.31
415 47 20 0 0 0.47
416 35 20 0 0 0.35
417 26 35 0 0 0.26
418 22 36 0 0 0.22
419 33 30 0 0 0.33
420 43 20 0 0 0.43
421 43 22 0 0 0.43
422 25 29 0 0 0.25
423 24 50 0 0 0.24
424 19 49 0 0 0.19
425 27 40 0 0 0.27
426 36 24 0 0 0.36
427 41 25 0 0 0.41
428 30 32 0 0 0.3
429 26 40 0 0 0.26
430 28 33 0 0 0.28
431 34 28 0 0 0.34
432 30 28 0 0 0.3
433 25 38 0 0 0.25
434 21 41 0 0 0.21
435 25 33 0 0 0.25
436 37 26 0 0 0.37
437 35 21 0 0 0.35
438 30 35 0 0 0.3
439 20 38 0 0 0.2
440 30 38 0 0 0.3
441 36 24 0 0 0.36
442 39 21 0 0 0.39
443 26 31 0 0 0.26
444 17 45 0 0 0.17
445 21 30 0 0 0.21
446 41 17 0 0 0.41
447 44 17 0 0 0.44
448 29 31 0 0 0.29
449 18 53 0 0 0.18
450 14 49 0 0 0.14
451 27 32 0 0 0.27
452 44 23 0 0 0.44
453 38 19 0 0 0.38
454 26 29 0 0 0.26
455 22 38 0 0 0.22
456 25 31 0 0 0.25
457 39 34 0 0 0.39
458 35 28 0 0 0.35
459 34 31 0 0 0.34
460 29 36 0 0 0.29
461 28 41 0 0 0.28
462 32 35 0 0 0.32
463 34 27 0 0 0.34
464 40 35 0 0 0.4
465 33 26 0 0 0.33
466 40 29 0 0 0.4
467 35 20 0 0 0.35
468 44 30 0 0 0.44
469 30 25 0 0 0.3
470 33 37 0 0 0.33
471 28 41 0 0 0.28
472 24 40 0 0 0.24
473 32 39 0 0 0.32
474 37 30 0 0 0.37
475 45 29 0 0 0.45
476 37 25 0 0 0.37
477 36 42 0 0 0.36
478 24 48 0 0 0.24
479 28 57 0 0 0.28
480 29 48 0 0 0.29
481 39 35 0 0 0.39
482 47 24 0 0 0.47
483 50 21 0 0 0.5
484 45 26 0 0 0.45
485 26 35 0 0 0.26
486 19 47 0 0 0.19
487 23 40 0 0 0.23
488 36 24 0 0 0.36
489 42 20 0 0 0.42
490 29 27 0 0 0.29
491 24 35 0 0 0.24
492 29 33 0 0 0.29
493 31 25 0 0 0.31
494 33 34 0 0 0.33
495 25 43 0 0 0.25
496 25 43 0 0 0.25
497 30 33 0 0 0.3
498 40 26 0 0 0.4
499 39 23 0 0 0.39
500 39 34 0 0 0.39
501 23 37 0 0 0.23
502 21 55 0 0 0.21
503 19 37 0 0 0.19
504 47 26 0 0 0.47
505 53 17 0 0 0.53
506 46 26 0 0 0.46
507 31 37 0 0 0.31
508 28 46 0 0 0.28
509 26 34 0 0 0.26
510 40 25 0 0 0.4
511 53 18 0 0 0.53
512 47 18 0 0 0.47
513 31 31 0 0 0.31
514 17 43 0 0 0.17
515 20 41 0 0 0.2
516 37 25 0 0 0.37
517 50 15 0 0 0.5
518 45 20 0 0 0.45
519 27 36 0 0 0.27
520 21 43 0 0 0.21
521 29 25 0 0 0.29
522 47 22 0 0 0.47
523 30 23 0 0 0.3
524 25 41 0 0 0.25
525 24 38 0 0 0.24
526 31 31 0 0 0.31
527 36 28 0 0 0.36
528 38 33 0 0 0.38
529 25 32 0 0 0.25
530 29 44 0 0 0.29
531 30 32 0 0 0.3
532 40 29 0 0 0.4
533 32 27 0 0 0.32
534 33 34 0 0 0.33
535 28 29 0 0 0.28
536 33 32 0 0 0.33
537 34 27 0 0 0.34
538 32 34 0 0 0.32
539 25 41 0 0 0.25
540 24 35 0 0 0.24
541 35 28 0 0 0.35
542 46 24 0 0 0.46
543 40 25 0 0 0.4
544 28 37 0 0 0.28
545 20 44 0 0 0.2
546 25 33 0 0 0.25
547 41 23 0 0 0.41
548 33 24 0 0 0.33
549 23 42 0 0 0.23
550 20 45 0 0 0.2
551 30 33 0 0 0.3
552 45 23 0 0 0.45
553 39 23 0 0 0.39
554 22 40 0 0 0.22
555 16 51 0 0 0.16
556 25 40 0 0 0.25
557 41 22 0 0 0.41
558 52 20 0 0 0.52
559 40 24 0 0 0.4
560 28 37 0 0 0.28
561 21 46 0 0 0.21
562 24 44 0 0 0.24
563 34 33 0 0 0.34
564 42 27 0 0 0.42
565 35 24 0 0 0.35
566 28 32 0 0 0.28
567 24 37 0 0 0.24
568 27 32 0 0 0.27
569 32 25 0 0 0.32
570 33 25 0 0 0.33
571 29 34 0 0 0.29
572 26 34 0 0 0.26
573 36 34 0 0 0.36
574 34 30 0 0 0.34
575 30 36 0 0 0.3
576 26 44 0 0 0.26
577 25 34 0 0 0.25
578 35 25 0 0 0.35
579 34 25 0 0 0.34
580 29 38 0 0 0.29
581 20 38 0 0 0.2
582 28 36 0 0 0.28
583 34 30 0 0 0.34
584 32 30 0 0 0.32
585 28 30 0 0 0.28
586 33 25 0 0 0.33
587 33 22 0 0 0.33
588 29 27 0 0 0.29
589 31 35 0 0 0.31
590 31 31 0 0 0.31
591 35 33 0 0 0.35
592 26 38 0 0 0.26
593 24 40 0 0 0.24
594 32 32 0 0 0.32
595 44 30 0 0 0.44
596 41 24 0 0 0.41
597 38 28 0 0 0.38
598 33 29 0 0 0.33
599 37 33 0 0 0.37
600 30 30 0 0 0.3
601 28 41 0 0 0.28
602 25 35 0 0 0.25
603 42 26 0 0 0.42
604 44 24 0 0 0.44
605 23 36 0 0 0.23
606 14 52 0 0 0.14
607 20 38 0 0 0.2
608 39 18 0 0 0.39
609 44 16 0 0 0.44
610 26 31 0 0 0.26
611 19 44 0 0 0.19
612 30 27 0 0 0.3
613 45 15 0 0 0.45
614 35 24 0 0 0.35
615 19 40 0 0 0.19
616 19 41 0 0 0.19
617 32 30 0 0 0.32
618 41 20 0 0 0.41
619 39 25 0 0 0.39
620 28 35 0 0 0.28
621 24 38 0 0 0.24
622 32 29 0 0 0.32
623 35 19 0 0 0.35
624 32 30 0 0 0.32
625 20 35 0 0 0.2
626 26 43 0 0 0.26
627 25 38 0 0 0.25
628 27 34 0 0 0.27
629 30 32 0 0 0.3
630 23 31 0 0 0.23
631 26 37 0 0 0.26
632 31 29 0 0 0.31
633 39 24 0 0 0.39
634 43 25 0 0 0.43
635 35 23 0 0 0.35
636 35 35 0 0 0.35
637 23 36 0 0 0.23
638 27 38 0 0 0.27
639 35 26 0 0 0.35
640 40 19 0 0 0.4
641 32 21 0 0 0.32
642 25 34 0 0 0.25
643 25 31 0 0 0.25
644 36 22 0 0 0.36
645 33 22 0 0 0.33
646 25 36 0 0 0.25
647 20 37 0 0 0.2
648 31 25 0 0 0.31
649 43 22 0 0 0.43
650 31 28 0 0 0.31
651 24 36 0 0 0.24
652 26 28 0 0 0.26
653 38 23 0 0 0.38
654 37 19 0 0 0.37
655 33 28 0 0 0.33
656 27 31 0 0 0.27
657 35 34 0 0 0.35
658 30 21 0 0 0.3
659 37 29 0 0 0.37
660 24 26 0 0 0.24
661 27 40 0 0 0.27
662 19 33 0 0 0.19
663 30 33 0 0 0.3
664 29 25 0 0 0.29
665 33 32 0 0 0.33
666 27 28 0 0 0.27
667 33 30 0 0 0.33
668 30 23 0 0 0.3
669 31 29 0 0 0.31
670 26 30 0 0 0.26
671 30 37 0 0 0.3
672 24 28 0 0 0.24
673 31 30 0 0 0.31
674 26 27 0 0 0.26
675 29 30 0 0 0.29
676 31 28 0 0 0.31
677 36 34 0 0 0.36
678 30 34 0 0 0.3
679 31 37 0 0 0.31
680 34 26 0 0 0.34
681 39 19 0 0 0.39
682 32 29 0 0 0.32
683 17 38 0 0 0.17
684 18 34 0 0 0.18
685 33 24 0 0 0.33
686 36 20 0 0 0.36
687 27 29 0 0 0.27
688 17 38 0 0 0.17
689 22 37 0 0 0.22
690 28 22 0 0 0.28
691 35 28 0 0 0.35
692 28 32 0 0 0.28
693 32 33 0 0 0.32
694 31 26 0 0 0.31
695 35 31 0 0 0.35
696 31 25 0 0 0.31
697 35 26 0 0 0.35
698 33 23 0 0 0.33
699 40 32 0 0 0.4
700 25 28 0 0 0.25
701 25 36 0 0 0.25
702 26 30 0 0 0.26
703 33 28 0 0 0.33
704 26 25 0 0 0.26
705 25 38 0 0 0.25
706 16 34 0 0 0.16
707 27 35 0 0 0.27
708 25 28 0 0 0.25
709 27 36 0 0 0.27
710 27 36 0 0 0.27
711 37 32 0 0 0.37
712 40 21 0 0 0.4
713 39 25 0 0 0.39
714 28 35 0 0 0.28
715 25 37 0 0 0.25
716 31 32 0 0 0.31
717 32 27 0 0 0.32
718 34 29 0 0 0.34
719 35 32 0 0 0.35
720 29 29 0 0 0.29
721 28 30 0 0 0.28
722 28 29 0 0 0.28
723 32 33 0 0 0.32
724 31 29 0 0 0.31
725 32 29 0 0 0.32
726 25 27 0 0 0.25
727 39 37 0 0 0.39
728 34 23 0 0 0.34
729 39 29 0 0 0.39
730 29 31 0 0 0.29
731 22 36 0 0 0.22
732 27 29 0 0 0.27
733 36 21 0 0 0.36
734 34 30 0 0 0.34
735 20 29 0 0 0.2
736 29 33 0 0 0.29
737 31 25 0 0 0.31
738 33 27 0 0 0.33
739 27 30 0 0 0.27
740 23 34 0 0 0.23
741 23 28 0 0 0.23
742 34 26 0 0 0.34
743 35 23 0 0 0.35
744 29 28 0 0 0.29
745 20 35 0 0 0.2
746 27 35 0 0 0.27
747 34 25 0 0 0.34
748 41 27 0 0 0.41
749 31 29 0 0 0.31
750 25 48 0 0 0.25
751 16 50 0 0 0.16
752 30 41 0 0 0.3
753 47 22 0 0 0.47
754 55 23 0 0 0.55
755 45 34 0 0 0.45
756 30 45 0 0 0.3
757 27 54 0 0 0.27
758 29 50 0 0 0.29
759 33 35 0 0 0.33
760 46 27 0 0 0.46
761 44 21 0 0 0.44
762 39 33 0 0 0.39
763 26 39 0 0 0.26
764 30 39 0 0 0.3
765 35 23 0 0 0.35
766 47 22 0 0 0.47
767 40 21 0 0 0.4
768 37 35 0 0 0.37
769 29 37 0 0 0.29
770 37 32 0 0 0.37
771 45 26 0 0 0.45
772 35 27 0 0 0.35
773 24 39 0 0 0.24
774 21 45 0 0 0.21
775 24 28 0 0 0.24
776 45 21 0 0 0.45
777 40 19 0 0 0.4
778 32 34 0 0 0.32
779 24 37 0 0 0.24
780 29 32 0 0 0.29
781 36 25 0 0 0.36
782 41 26 0 0 0.41
783 29 26 0 0 0.29
784 28 41 0 0 0.28
785 25 33 0 0 0.25
786 35 23 0 0 0.35
787 39 19 0 0 0.39
788 29 29 0 0 0.29
789 21 43 0 0 0.21
790 25 37 0 0 0.25
791 37 21 0 0 0.37
792 40 22 0 0 0.4
793 27 34 0 0 0.27
794 21 44 0 0 0.21
795 27 36 0 0 0.27
796 40 21 0 0 0.4
797 40 20 0 0 0.4
798 28 38 0 0 0.28
799 17 47 0 0 0.17
800 25 36 0 0 0.25
801 42 17 0 0 0.42
802 46 19 0 0 0.46
803 25 35 0 0 0.25
804 16 52 0 0 0.16
805 22 36 0 0 0.22
806 48 24 0 0 0.48
807 48 13 0 0 0.48
808 40 22 0 0 0.4
809 22 30 0 0 0.22
810 26 37 0 0 0.26
811 34 20 0 0 0.34
812 44 18 0 0 0.44
813 36 27 0 0 0.36
814 30 34 0 0 0.3
815 29 30 0 0 0.29
816 31 32 0 0 0.31
817 25 30 0 0 0.25
818 29 28 0 0 0.29
819 34 23 0 0 0.34
820 29 23 0 0 0.29
821 24 35 0 0 0.24
822 22 33 0 0 0.22
823 35 28 0 0 0.35
824 30 20 0 0 0.3
825 27 33 0 0 0.27
826 23 33 0 0 0.23
827 34 29 0 0 0.34
828 41 24 0 0 0.41
829 39 22 0 0 0.39
830 39 28 0 0 0.39
831 34 27 0 0 0.34
832 37 34 0 0 0.37
833 32 30 0 0 0.32
834 42 28 0 0 0.42
835 46 18 0 0 0.46
836 46 21 0 0 0.46
837 29 26 0 0 0.29
838 29 44 0 0 0.29
839 29 36 0 0 0.29
840 38 24 0 0 0.38
841 42 26 0 0 0.42
842 29 35 0 0 0.29
843 24 50 0 0 0.24
844 21 51 0 0 0.21
845 26 48 0 0 0.26
846 28 34 0 0 0.28
847 41 30 0 0 0.41
848 35 28 0 0 0.35
849 29 44 0 0 0.29
850 19 45 0 0 0.19
851 29 39 0 0 0.29
852 46 24 0 0 0.46
853 53 13 0 0 0.53
854 42 19 0 0 0.42
855 22 40 0 0 0.22
856 16 59 0 0 0.16
857 20 51 0 0 0.2
858 37 34 0 0 0.37
859 49 18 0 0 0.49
860 55 19 0 0 0.55
861 49 25 0 0 0.49
862 46 36 0 0 0.46
863 34 35 0 0 0.34
864 32 43 0 0 0.32
865 27 40 0 0 0.27
866 32 36 0 0 0.32
867 33 23 0 0 0.33
868 38 25 0 0 0.38
869 26 32 0 0 0.26
870 18 44 0 0 0.18
871 24 44 0 0 0.24
872 32 29 0 0 0.32
873 36 28 0 0 0.36
874 23 37 0 0 0.23
875 19 47 0 0 0.19
876 23 43 0 0 0.23
877 28 37 0 0 0.28
878 31 32 0 0 0.31
879 29 29 0 0 0.29
880 30 36 0 0 0.3
881 29 36 0 0 0.29
882 27 30 0 0 0.27
883 27 33 0 0 0.27
884 25 32 0 0 0.25
885 32 35 0 0 0.32
886 30 34 0 0 0.3
887 30 33 0 0 0.3
888 33 33 0 0 0.33
889 37 33 0 0 0.37
890 35 24 0 0 0.35
891 40 30 0 0 0.4
892 28 29 0 0 0.28
893 30 37 0 0 0.3
894 28 27 0 0 0.28
895 39 27 0 0 0.39
896 35 23 0 0 0.35
897 36 31 0 0 0.36
898 37 30 0 0 0.37
899 41 21 0 0 0.41
900 47 22 0 0 0.47
901 42 24 0 0 0.42
902 40 32 0 0 0.4
903 31 36 0 0 0.31
904 29 38 0 0 0.29
905 34 30 0 0 0.34
906 39 22 0 0 0.39
907 38 27 0 0 0.38
908 32 35 0 0 0.32
909 27 41 0 0 0.27
910 30 51 0 0 0.3
911 28 41 0 0 0.28
912 39 31 0 0 0.39
913 43 25 0 0 0.43
914 33 31 0 0 0.33
915 19 44 0 0 0.19
916 18 47 0 0 0.18
917 32 37 0 0 0.32
918 45 26 0 0 0.45
919 46 21 0 0 0.46
920 35 31 0 0 0.35
921 19 40 0 0 0.19
922 30 39 0 0 0.3
923 46 20 0 0 0.46
924 56 17 0 0 0.56
925 33 23 0 0 0.33
926 17 52 0 0 0.17
927 11 47 0 0 0.11
928 35 32 0 0 0.35
929 45 20 0 0 0.45
930 44 29 0 0 0.44
931 22 38 0 0 0.22
932 21 52 0 0 0.21
933 29 41 0 0 0.29
934 45 35 0 0 0.45
935 43 24 0 0 0.43
936 49 29 0 0 0.49
937 42 23 0 0 0.42
938 42 33 0 0 0.42
939 25 36 0 0 0.25
940 23 43 0 0 0.23
941 29 32 0 0 0.29
942 36 21 0 0 0.36
943 34 28 0 0 0.34
944 28 40 0 0 0.28
945 26 38 0 0 0.26
946 36 33 0 0 0.36
947 39 20 0 0 0.39
948 50 26 0 0 0.5
949 38 23 0 0 0.38
950 30 39 0 0 0.3
951 21 39 0 0 0.21
952 33 29 0 0 0.33
953 45 21 0 0 0.45
954 45 23 0 0 0.45
955 29 28 0 0 0.29
956 29 41 0 0 0.29
957 24 29 0 0 0.24
958 33 32 0 0 0.33
959 22 31 0 0 0.22
960 23 42 0 0 0.23
961 21 32 0 0 0.21
962 37 28 0 0 0.37
963 39 21 0 0 0.39
964 36 30 0 0 0.36
965 27 41 0 0 0.27
966 20 37 0 0 0.2
967 31 34 0 0 0.31
968 32 33 0 0 0.32
969 27 40 0 0 0.27
970 24 42 0 0 0.24
971 30 35 0 0 0.3
972 33 24 0 0 0.33
973 34 34 0 0 0.34
974 23 36 0 0 0.23
975 29 35 0 0 0.29
976 30 25 0 0 0.3
977 37 34 0 0 0.37
978 28 26 0 0 0.28
979 41 28 0 0 0.41
980 33 20 0 0 0.33
981 30 34 0 0 0.3
982 24 32 0 0 0.24
983 31 28 0 0 0.31
984 28 25 0 0 0.28
985 24 33 0 0 0.24
986 22 35 0 0 0.22
987 26 29 0 0 0.26
988 32 29 0 0 0.32
989 31 31 0 0 0.31
990 24 30 0 0 0.24
991 28 35 0 0 0.28
992 31 29 0 0 0.31
993 40 23 0 0 0.4
994 44 18 0 0 0.44
995 36 21 0 0 0.36
996 25 30 0 0 0.25
997 25 37 0 0 0.25
998 30 36 0 0 0.3
999 27 26 0 0 0.27
1000 33 33 0 0 0.33
1001 24 38 0 0 0.24
1002 22 39 0 0 0.22
1003 31 33 0 0 0.31
1004 31 24 0 0 0.31
1005 30 25 0 0 0.3
1006 33 30 0 0 0.33
1007 27 21 0 0 0.27
1008 32 27 0 0 0.32
1009 29 31 0 0 0.29
1010 24 35 0 0 0.24
1011 23 39 0 0 0.23
1012 24 32 0 0 0.24
1013 32 30 0 0 0.32
1014 31 29 0 0 0.31
1015 30 37 0 0 0.3
1016 21 33 0 0 0.21
1017 39 30 0 0 0.39
1018 46 14 0 0 0.46
1019 49 24 0 0 0.49
1020 31 28 0 0 0.31
1021 33 42 0 0 0.33
1022 25 27 0 0 0.25
1023 39 33 0 0 0.39
1024 25 27 0 0 0.25
1025 30 44 0 0 0.3
1026 22 25 0 0 0.22
1027 50 32 0 0 0.5
1028 37 16 0 0 0.37
1029 42 33 0 0 0.42
1030 32 32 0 0 0.32
1031 35 34 0 0 0.35
1032 31 30 0 0 0.31
1033 32 30 0 0 0.32
1034 30 29 0 0 0.3
1035 34 42 0 0 0.34
1036 24 34 0 0 0.24
1037 34 31 0 0 0.34
1038 32 22 0 0 0.32
1039 27 32 0 0 0.27
1040 19 40 0 0 0.19
1041 27 40 0 0 0.27
1042 31 24 0 0 0.31
1043 38 28 0 0 0.38
1044 25 33 0 0 0.25
1045 24 47 0 0 0.24
1046 21 38 0 0 0.21
1047 35 36 0 0 0.35
1048 30 25 0 0 0.3
1049 33 35 0 0 0.33
1050 27 35 0 0 0.27
1051 30 38 0 0 0.3
1052 28 41 0 0 0.28
1053 26 38 0 0 0.26
1054 37 35 0 0 0.37
1055 43 31 0 0 0.43
1056 44 24 0 0 0.44
1057 47 23 0 0 0.47
1058 40 25 0 0 0.4
1059 36 38 0 0 0.36
1060 21 42 0 0 0.21
1061 19 49 0 0 0.19
1062 21 39 0 0 0.21
1063 37 27 0 0 0.37
1064 39 13 0 0 0.39
1065 43 28 0 0 0.43
1066 25 34 0 0 0.25
1067 25 44 0 0 0.25
1068 27 37 0 0 0.27
1069 35 37 0 0 0.35
1070 32 35 0 0 0.32
1071 32 31 0 0 0.32
1072 33 26 0 0 0.33
1073 32 34 0 0 0.32
1074 25 40 0 0 0.25
1075 22 41 0 0 0.22
1076 22 31 0 0 0.22
1077 35 26 0 0 0.35
1078 38 20 0 0 0.38
1079 35 30 0 0 0.35
1080 25 38 0 0 0.25
1081 25 38 0 0 0.25
1082 33 35 0 0 0.33
1083 32 26 0 0 0.32
1084 33 32 0 0 0.33
1085 20 35 0 0 0.2
1086 25 39 0 0 0.25
1087 31 27 0 0 0.31
1088 33 23 0 0 0.33
1089 34 27 0 0 0.34
1090 31 30 0 0 0.31
1091 27 32 0 0 0.27
1092 33 38 0 0 0.33
1093 29 28 0 0 0.29
1094 38 30 0 0 0.38
1095 34 31 0 0 0.34
1096 29 38 0 0 0.29
1097 25 38 0 0 0.25
1098 31 34 0 0 0.31
1099 41 29 0 0 0.41
1100 40 22 0 0 0.4
1101 36 27 0 0 0.36
1102 27 33 0 0 0.27
1103 27 36 0 0 0.27
1104 30 35 0 0 0.3
1105 32 32 0 0 0.32
1106 38 25 0 0 0.38
1107 44 16 0 0 0.44
1108 44 23 0 0 0.44
1109 28 33 0 0 0.28
1110 25 47 0 0 0.25
1111 23 44 0 0 0.23
1112 34 42 0 0 0.34
1113 37 29 0 0 0.37
1114 41 26 0 0 0.41
1115 33 27 0 0 0.33
1116 28 36 0 0 0.28
1117 24 34 0 0 0.24
1118 31 28 0 0 0.31
1119 36 20 0 0 0.36
1120 37 24 0 0 0.37
1121 27 27 0 0 0.27
1122 29 32 0 0 0.29
1123 30 28 0 0 0.3
1124 34 29 0 0 0.34
1125 28 28 0 0 0.28
1126 30 45 0 0 0.3
1127 15 34 0 0 0.15
1128 34 39 0 0 0.34
1129 26 24 0 0 0.26
1130 36 38 0 0 0.36
1131 21 30 0 0 0.21
1132 27 43 0 0 0.27
1133 20 34 0 0 0.2
1134 37 34 0 0 0.37
1135 48 21 0 0 0.48
1136 48 17 0 0 0.48
1137 35 30 0 0 0.35
1138 24 47 0 0 0.24
1139 15 46 0 0 0.15
1140 27 33 0 0 0.27
1141 43 23 0 0 0.43
1142 34 27 0 0 0.34
1143 29 44 0 0 0.29
1144 21 44 0 0 0.21
1145 26 41 0 0 0.26
1146 33 32 0 0 0.33
1147 40 24 0 0 0.4
1148 39 22 0 0 0.39
1149 32 30 0 0 0.32
1150 23 35 0 0 0.23
1151 24 38 0 0 0.24
1152 29 32 0 0 0.29
1153 41 33 0 0 0.41
1154 33 30 0 0 0.33
1155 28 42 0 0 0.28
1156 24 46 0 0 0.24
1157 26 38 0 0 0.26
1158 33 29 0 0 0.33
1159 36 23 0 0 0.36
1160 37 26 0 0 0.37
1161 33 33 0 0 0.33
1162 26 37 0 0 0.26
1163 27 36 0 0 0.27
1164 34 27 0 0 0.34
1165 41 22 0 0 0.41
1166 36 26 0 0 0.36
1167 21 36 0 0 0.21
1168 23 39 0 0 0.23
1169 35 30 0 0 0.35
1170 37 24 0 0 0.37
1171 33 32 0 0 0.33
1172 27 38 0 0 0.27
1173 28 36 0 0 0.28
1174 34 34 0 0 0.34
1175 33 29 0 0 0.33
1176 31 30 0 0 0.31
1177 26 33 0 0 0.26
1178 24 36 0 0 0.24
1179 28 30 0 0 0.28
1180 40 24 0 0 0.4
1181 41 21 0 0 0.41
1182 34 29 0 0 0.34
1183 29 35 0 0 0.29
1184 27 32 0 0 0.27
1185 32 33 0 0 0.32
1186 30 28 0 0 0.3
1187 34 34 0 0 0.34
1188 26 31 0 0 0.26
1189 29 38 0 0 0.29
1190 26 35 0 0 0.26
1191 29 33 0 0 0.29
1192 31 28 0 0 0.31
1193 39 27 0 0 0.39
1194 32 24 0 0 0.32
1195 28 40 0 0 0.28
1196 19 43 0 0 0.19
1197 27 43 0 0 0.27
1198 36 30 0 0 0.36
1199 44 19 0 0 0.44
1200 50 26 0 0 0.5
1201 29 29 0 0 0.29
1202 24 44 0 0 0.24
1203 22 33 0 0 0.22
1204 41 28 0 0 0.41
1205 37 21 0 0 0.37
1206 35 36 0 0 0.35
1207 21 39 0 0 0.21
1208 24 47 0 0 0.24
1209 31 37 0 0 0.31
1210 38 25 0 0 0.38
1211 40 28 0 0 0.4
1212 29 38 0 0 0.29
1213 23 45 0 0 0.23
1214 28 37 0 0 0.28
1215 33 32 0 0 0.33
1216 35 33 0 0 0.35
1217 38 36 0 0 0.38
1218 29 37 0 0 0.29
1219 27 43 0 0 0.27
1220 30 44 0 0 0.3
1221 28 38 0 0 0.28
1222 30 39 0 0 0.3
1223 33 40 0 0 0.33
1224 35 36 0 0 0.35
1225 37 31 0 0 0.37
1226 41 25 0 0 0.41
1227 48 29 0 0 0.48
1228 40 28 0 0 0.4
1229 38 37 0 0 0.38
1230 33 33 0 0 0.33
1231 36 27 0 0 0.36
1232 38 32 0 0 0.38
1233 27 34 0 0 0.27
1234 27 35 0 0 0.27
1235 39 37 0 0 0.39
1236 34 24 0 0 0.34
1237 39 32 0 0 0.39
1238 29 37 0 0 0.29
1239 27 43 0 0 0.27
1240 29 35 0 0 0.29
1241 41 32 0 0 0.41
1242 44 24 0 0 0.44
1243 43 25 0 0 0.43
1244 33 30 0 0 0.33
1245 33 39 0 0 0.33
1246 32 38 0 0 0.32
1247 37 31 0 0 0.37
1248 49 31 0 0 0.49
1249 44 24 0 0 0.44
1250 42 30 0 0 0.42
1251 32 34 0 0 0.32
1252 27 40 0 0 0.27
1253 28 40 0 0 0.28
1254 30 28 0 0 0.3
1255 44 28 0 0 0.44
1256 38 19 0 0 0.38
1257 34 32 0 0 0.34
1258 19 40 0 0 0.19
1259 22 44 0 0 0.22
1260 26 28 0 0 0.26
1261 38 29 0 0 0.38
1262 28 26 0 0 0.28
1263 23 34 0 0 0.23
1264 26 39 0 0 0.26
1265 33 21 0 0 0.33
1266 45 17 0 0 0.45
1267 24 26 0 0 0.24
1268 14 51 0 0 0.14
1269 15 38 0 0 0.15
1270 39 19 0 0 0.39
1271 51 16 0 0 0.51
1272 29 25 0 0 0.29
1273 19 49 0 0 0.19
1274 18 40 0 0 0.18
1275 41 26 0 0 0.41
1276 53 14 0 0 0.53
1277 43 20 0 0 0.43
1278 28 37 0 0 0.28
1279 22 46 0 0 0.22
1280 26 43 0 0 0.26
1281 33 25 0 0 0.33
1282 47 22 0 0 0.47
1283 41 22 0 0 0.41
1284 36 29 0 0 0.36
1285 33 28 0 0 0.33
1286 36 26 0 0 0.36
1287 35 29 0 0 0.35
1288 26 31 0 0 0.26
1289 29 38 0 0 0.29
1290 30 37 0 0 0.3
1291 34 33 0 0 0.34
1292 41 29 0 0 0.41
1293 41 27 0 0 0.41
1294 37 32 0 0 0.37
1295 28 44 0 0 0.28
1296 24 49 0 0 0.24
1297 33 35 0 0 0.33
1298 46 29 0 0 0.46
1299 47 32 0 0 0.47
1300 42 32 0 0 0.42
1301 38 33 0 0 0.38
1302 36 34 0 0 0.36
1303 34 36 0 0 0.34
1304 30 35 0 0 0.3
1305 31 30 0 0 0.31
1306 29 28 0 0 0.29
1307 28 35 0 0 0.28
1308 27 31 0 0 0.27
1309 31 28 0 0 0.31
1310 32 27 0 0 0.32
1311 31 31 0 0 0.31
1312 23 38 0 0 0.23
1313 25 46 0 0 0.25
1314 24 30 0 0 0.24
1315 36 25 0 0 0.36
1316 36 25 0 0 0.36
1317 27 32 0 0 0.27
1318 25 34 0 0 0.25
1319 36 26 0 0 0.36
1320 40 21 0 0 0.4
1321 32 28 0 0 0.32
1322 23 37 0 0 0.23
1323 27 37 0 0 0.27
1324 32 21 0 0 0.32
1325 43 22 0 0 0.43
1326 28 24 0 0 0.28
1327 30 45 0 0 0.3
1328 22 32 0 0 0.22
1329 39 34 0 0 0.39
1330 30 25 0 0 0.3
1331 24 37 0 0 0.24
1332 22 35 0 0 0.22
1333 39 24 0 0 0.39
1334 53 20 0 0 0.53
1335 43 22 0 0 0.43
1336 40 34 0 0 0.4
1337 27 32 0 0 0.27
1338 27 38 0 0 0.27
1339 28 31 0 0 0.28
1340 33 28 0 0 0.33
1341 34 30 0 0 0.34
1342 25 29 0 0 0.25
1343 27 32 0 0 0.27
1344 30 26 0 0 0.3
1345 35 30 0 0 0.35
1346 26 31 0 0 0.26
1347 29 39 0 0 0.29
1348 29 29 0 0 0.29
1349 42 32 0 0 0.42
1350 31 26 0 0 0.31
1351 29 34 0 0 0.29
1352 20 32 0 0 0.2
1353 26 35 0 0 0.26
1354 29 26 0 0 0.29
1355 36 25 0 0 0.36
1356 34 29 0 0 0.34
1357 27 34 0 0 0.27
1358 25 36 0 0 0.25
1359 35 32 0 0 0.35
1360 41 18 0 0 0.41
1361 40 21 0 0 0.4
1362 28 33 0 0 0.28
1363 25 41 0 0 0.25
1364 32 32 0 0 0.32
1365 45 18 0 0 0.45
1366 44 20 0 0 0.44
1367 28 33 0 0 0.28
1368 21 46 0 0 0.21
1369 15 38 0 0 0.15
1370 34 32 0 0 0.34
1371 40 21 0 0 0.4
1372 34 28 0 0 0.34
1373 18 38 0 0 0.18
1374 20 41 0 0 0.2
1375 31 25 0 0 0.31
1376 42 24 0 0 0.42
1377 24 28 0 0 0.24
1378 21 45 0 0 0.21
1379 23 38 0 0 0.23
1380 35 28 0 0 0.35
1381 44 24 0 0 0.44
1382 43 29 0 0 0.43
1383 30 31 0 0 0.3
1384 33 41 0 0 0.33
1385 33 35 0 0 0.33
1386 31 30 0 0 0.31
1387 30 36 0 0 0.3
1388 23 36 0 0 0.23
1389 31 39 0 0 0.31
1390 32 25 0 0 0.32
1391 35 26 0 0 0.35
1392 28 31 0 0 0.28
1393 26 35 0 0 0.26
1394 30 29 0 0 0.3
1395 36 28 0 0 0.36
1396 28 33 0 0 0.28
1397 19 38 0 0 0.19
1398 25 42 0 0 0.25
1399 26 25 0 0 0.26
1400 42 19 0 0 0.42
1401 45 19 0 0 0.45
1402 28 29 0 0 0.28
1403 16 41 0 0 0.16
1404 26 43 0 0 0.26
1405 30 27 0 0 0.3
1406 41 31 0 0 0.41
1407 30 22 0 0 0.3
1408 39 29 0 0 0.39
1409 35 21 0 0 0.35
1410 39 33 0 0 0.39
1411 23 39 0 0 0.23
1412 23 45 0 0 0.23
1413 28 35 0 0 0.28
1414 37 30 0 0 0.37
1415 38 27 0 0 0.38
1416 37 35 0 0 0.37
1417 32 35 0 0 0.32
1418 37 26 0 0 0.37
1419 46 25 0 0 0.46
1420 40 28 0 0 0.4
1421 32 28 0 0 0.32
1422 29 27 0 0 0.29
1423 32 32 0 0 0.32
1424 27 27 0 0 0.27
1425 31 30 0 0 0.31
1426 27 26 0 0 0.27
1427 28 27 0 0 0.28
1428 32 28 0 0 0.32
1429 36 27 0 0 0.36
1430 31 25 0 0 0.31
1431 34 32 0 0 0.34
1432 34 28 0 0 0.34
1433 34 29 0 0 0.34
1434 34 29 0 0 0.34
1435 32 29 0 0 0.32
1436 22 37 0 0 0.22
1437 21 47 0 0 0.21
1438 29 41 0 0 0.29
1439 35 39 0 0 0.35
1440 24 39 0 0 0.24
1441 24 49 0 0 0.24
1442 24 46 0 0 0.24
1443 33 34 0 0 0.33
1444 40 28 0 0 0.4
1445 34 33 0 0 0.34
1446 26 37 0 0 0.26
1447 29 40 0 0 0.29
1448 33 29 0 0 0.33
1449 43 19 0 0 0.43
1450 44 22 0 0 0.44
1451 32 34 0 0 0.32
1452 24 43 0 0 0.24
1453 26 34 0 0 0.26
1454 44 26 0 0 0.44
1455 40 19 0 0 0.4
1456 38 29 0 0 0.38
1457 35 32 0 0 0.35
1458 29 35 0 0 0.29
1459 29 35 0 0 0.29
1460 34 34 0 0 0.34
1461 36 33 0 0 0.36
1462 41 31 0 0 0.41
1463 42 28 0 0 0.42
1464 41 31 0 0 0.41
1465 33 39 0 0 0.33
1466 24 42 0 0 0.24
1467 27 38 0 0 0.27
1468 33 35 0 0 0.33
1469 33 34 0 0 0.33
1470 33 32 0 0 0.33
1471 32 30 0 0 0.32
1472 34 33 0 0 0.34
1473 31 25 0 0 0.31
1474 31 30 0 0 0.31
1475 22 32 0 0 0.22
1476 27 30 0 0 0.27
1477 39 29 0 0 0.39
1478 33 22 0 0 0.33
1479 36 37 0 0 0.36
1480 19 40 0 0 0.19
1481 22 47 0 0 0.22
1482 26 33 0 0 0.26
1483 38 30 0 0 0.38
1484 28 28 0 0 0.28
1485 25 47 0 0 0.25
1486 15 39 0 0 0.15
1487 33 28 0 0 0.33
1488 48 19 0 0 0.48
1489 41 21 0 0 0.41
1490 28 34 0 0 0.28
1491 30 46 0 0 0.3
1492 30 35 0 0 0.3
1493 42 25 0 0 0.42
1494 47 18 0 0 0.47
1495 46 23 0 0 0.46
1496 43 31 0 0 0.43
1497 26 32 0 0 0.26
1498 30 45 0 0 0.3
1499 25 25 0 0 0.25
1500 38 26 0 0 0.38
1501 29 28 0 0 0.29
1502 25 33 0 0 0.25
1503 30 34 0 0 0.3
1504 35 27 0 0 0.35
1505 42 26 0 0 0.42
1506 30 25 0 0 0.3
1507 22 38 0 0 0.22
1508 19 43 0 0 0.19
1509 25 44 0 0 0.25
1510 26 31 0 0 0.26
1511 40 29 0 0 0.4
1512 43 29 0 0 0.43
1513 35 30 0 0 0.35
1514 25 33 0 0 0.25
1515 28 37 0 0 0.28
1516 30 26 0 0 0.3
1517 38 27 0 0 0.38
1518 32 29 0 0 0.32
1519 26 35 0 0 0.26
1520 24 27 0 0 0.24
1521 40 29 0 0 0.4
1522 35 22 0 0 0.35
1523 41 32 0 0 0.41
1524 24 24 0 0 0.24
1525 33 39 0 0 0.33
1526 22 33 0 0 0.22
1527 29 42 0 0 0.29
1528 32 34 0 0 0.32
1529 43 36 0 0 0.43
1530 32 29 0 0 0.32
1531 33 42 0 0 0.33
1532 20 45 0 0 0.2
1533 24 54 0 0 0.24
1534 26 38 0 0 0.26
1535 41 33 0 0 0.41
1536 45 28 0 0 0.45
1537 42 27 0 0 0.42
1538 38 36 0 0 0.38
1539 29 42 0 0 0.29
1540 23 45 0 0 0.23
1541 27 46 0 0 0.27
1542 30 38 0 0 0.3
1543 35 32 0 0 0.35
1544 31 23 0 0 0.31
1545 33 34 0 0 0.33
1546 23 30 0 0 0.23
1547 33 33 0 0 0.33
1548 37 26 0 0 0.37
1549 41 31 0 0 0.41
1550 23 33 0 0 0.23
1551 27 47 0 0 0.27
1552 27 38 0 0 0.27
1553 34 34 0 0 0.34
1554 41 32 0 0 0.41
1555 32 31 0 0 0.32
1556 27 46 0 0 0.27
1557 24 42 0 0 0.24
1558 32 34 0 0 0.32
1559 35 26 0 0 0.35
1560 39 26 0 0 0.39
1561 36 28 0 0 0.36
1562 22 29 0 0 0.22
1563 24 33 0 0 0.24
1564 33 27 0 0 0.33
1565 35 21 0 0 0.35
1566 30 28 0 0 0.3
1567 24 32 0 0 0.24
1568 29 30 0 0 0.29
1569 34 28 0 0 0.34
1570 33 29 0 0 0.33
1571 30 37 0 0 0.3
1572 31 42 0 0 0.31
1573 36 34 0 0 0.36
1574 35 27 0 0 0.35
1575 41 30 0 0 0.41
1576 42 23 0 0 0.42
1577 37 24 0 0 0.37
1578 35 31 0 0 0.35
1579 32 31 0 0 0.32
1580 30 35 0 0 0.3
1581 26 33 0 0 0.26
1582 35 30 0 0 0.35
1583 45 27 0 0 0.45
1584 41 20 0 0 0.41
1585 32 31 0 0 0.32
1586 19 35 0 0 0.19
1587 35 35 0 0 0.35
1588 33 15 0 0 0.33
1589 40 25 0 0 0.4
1590 26 27 0 0 0.26
1591 24 37 0 0 0.24
1592 26 35 0 0 0.26
1593 34 29 0 0 0.34
1594 36 25 0 0 0.36
1595 33 31 0 0 0.33
1596 23 33 0 0 0.23
1597 26 40 0 0 0.26
1598 25 30 0 0 0.25
1599 37 27 0 0 0.37
1600 26 20 0 0 0.26
1601 30 46 0 0 0.3
1602 13 36 0 0 0.13
1603 31 35 0 0 0.31
1604 36 24 0 0 0.36
1605 34 28 0 0 0.34
1606 22 29 0 0 0.22
1607 35 42 0 0 0.35
1608 30 25 0 0 0.3
1609 36 26 0 0 0.36
1610 27 28 0 0 0.27
1611 25 43 0 0 0.25
1612 22 36 0 0 0.22
1613 41 29 0 0 0.41
1614 43 22 0 0 0.43
1615 33 31 0 0 0.33
1616 24 42 0 0 0.24
1617 23 37 0 0 0.23
1618 38 25 0 0 0.38
1619 47 18 0 0 0.47
1620 34 25 0 0 0.34
1621 16 47 0 0 0.16
1622 14 61 0 0 0.14
1623 24 47 0 0 0.24
1624 34 28 0 0 0.34
1625 37 26 0 0 0.37
1626 29 36 0 0 0.29
1627 19 47 0 0 0.19
1628 19 46 0 0 0.19
1629 27 32 0 0 0.27
1630 35 19 0 0 0.35
1631 41 22 0 0 0.41
1632 27 25 0 0 0.27
1633 25 39 0 0 0.25
1634 26 32 0 0 0.26
1635 39 28 0 0 0.39
1636 33 31 0 0 0.33
1637 21 47 0 0 0.21
1638 16 47 0 0 0.16
1639 33 30 0 0 0.33
1640 50 18 0 0 0.5
1641 41 24 0 0 0.41
1642 22 41 0 0 0.22
1643 16 56 0 0 0.16
1644 17 44 0 0 0.17
1645 37 22 0 0 0.37
1646 49 15 0 0 0.49
1647 36 31 0 0 0.36
1648 14 50 0 0 0.14
1649 13 60 0 0 0.13
1650 25 53 0 0 0.25
1651 38 39 0 0 0.38
1652 48 28 0 0 0.48
1653 47 30 0 0 0.47
1654 35 42 0 0 0.35
1655 23 53 0 0 0.23
1656 23 56 0 0 0.23
1657 33 48 0 0 0.33
1658 39 32 0 0 0.39
1659 43 27 0 0 0.43
1660 40 35 0 0 0.4
1661 34 47 0 0 0.34
1662 23 54 0 0 0.23
1663 19 63 0 0 0.19
1664 21 55 0 0 0.21
1665 35 37 0 0 0.35
1666 53 19 0 0 0.53
1667 60 15 0 0 0.6
1668 47 26 0 0 0.47
1669 30 45 0 0 0.3
1670 23 57 0 0 0.23
1671 29 55 0 0 0.29
1672 41 42 0 0 0.41
1673 56 34 0 0 0.56
1674 59 28 0 0 0.59
1675 52 29 0 0 0.52
1676 39 43 0 0 0.39
1677 28 57 0 0 0.28
1678 27 56 0 0 0.27
1679 36 47 0 0 0.36
1680 46 39 0 0 0.46
1681 51 36 0 0 0.51
1682 50 33 0 0 0.5
1683 45 34 0 0 0.45
1684 38 41 0 0 0.38
1685 35 43 0 0 0.35
1686 34 33 0 0 0.34
1687 43 36 0 0 0.43
1688 37 36 0 0 0.37
1689 28 37 0 0 0.28
1690 34 40 0 0 0.34
1691 42 29 0 0 0.42
1692 58 33 0 0 0.58
1693 54 28 0 0 0.54
1694 51 29 0 0 0.51
1695 39 28 0 0 0.39
1696 31 35 0 0 0.31
1697 26 36 0 0 0.26
1698 32 30 0 0 0.32
1699 41 27 0 0 0.41
1700 32 28 0 0 0.32
1701 22 41 0 0 0.22
1702 18 43 0 0 0.18
1703 30 35 0 0 0.3
1704 33 16 0 0 0.33
1705 44 28 0 0 0.44
1706 23 30 0 0 0.23
1707 22 44 0 0 0.22
1708 20 29 0 0 0.2
1709 41 26 0 0 0.41
1710 35 18 0 0 0.35
1711 29 33 0 0 0.29
1712 21 36 0 0 0.21
1713 29 29 0 0 0.29
1714 42 21 0 0 0.42
1715 34 18 0 0 0.34
1716 28 33 0 0 0.28
1717 26 34 0 0 0.26
1718 30 26 0 0 0.3
1719 38 25 0 0 0.38
1720 36 22 0 0 0.36
1721 32 25 0 0 0.32
1722 26 29 0 0 0.26
1723 28 33 0 0 0.28
1724 33 28 0 0 0.33
1725 33 25 0 0 0.33
1726 25 27 0 0 0.25
1727 27 34 0 0 0.27
1728 27 28 0 0 0.27
1729 33 28 0 0 0.33
1730 26 30 0 0 0.26
1731 29 38 0 0 0.29
1732 33 30 0 0 0.33
1733 39 29 0 0 0.39
1734 34 29 0 0 0.34
1735 32 36 0 0 0.32
1736 25 34 0 0 0.25
1737 34 37 0 0 0.34
1738 35 24 0 0 0.35
1739 34 24 0 0 0.34
1740 26 31 0 0 0.26
1741 26 36 0 0 0.26
1742 31 32 0 0 0.31
1743 30 28 0 0 0.3
1744 30 39 0 0 0.3
1745 25 39 0 0 0.25
1746 30 33 0 0 0.3
1747 40 29 0 0 0.4
1748 37 29 0 0 0.37
1749 31 40 0 0 0.31
1750 25 41 0 0 0.25
1751 31 36 0 0 0.31
1752 39 28 0 0 0.39
1753 45 25 0 0 0.45
1754 41 29 0 0 0.41
1755 32 34 0 0 0.32
1756 28 33 0 0 0.28
1757 32 32 0 0 0.32
1758 31 30 0 0 0.31
1759 26 26 0 0 0.26
1760 34 33 0 0 0.34
1761 24 24 0 0 0.24
1762 30 31 0 0 0.3
1763 25 25 0 0 0.25
1764 33 30 0 0 0.33
1765 26 26 0 0 0.26
1766 32 34 0 0 0.32
1767 27 23 0 0 0.27
1768 33 33 0 0 0.33
1769 20 31 0 0 0.2
1770 28 39 0 0 0.28
1771 25 30 0 0 0.25
1772 36 31 0 0 0.36
1773 36 18 0 0 0.36
1774 39 22 0 0 0.39
1775 31 30 0 0 0.31
1776 26 36 0 0 0.26
1777 30 38 0 0 0.3
1778 28 28 0 0 0.28
1779 35 33 0 0 0.35
1780 30 30 0 0 0.3
1781 30 27 0 0 0.3
1782 31 27 0 0 0.31
1783 24 26 0 0 0.24
1784 28 32 0 0 0.28
1785 30 31 0 0 0.3
1786 30 27 0 0 0.3
1787 35 28 0 0 0.35
1788 35 25 0 0 0.35
1789 33 27 0 0 0.33
1790 30 36 0 0 0.3
1791 24 39 0 0 0.24
1792 27 39 0 0 0.27
1793 31 29 0 0 0.31
1794 40 28 0 0 0.4
1795 33 26 0 0 0.33
1796 29 34 0 0 0.29
1797 27 29 0 0 0.27
1798 37 25 0 0 0.37
1799 32 24 0 0 0.32
1800 27 35 0 0 0.27
1801 23 34 0 0 0.23
1802 32 37 0 0 0.32
1803 28 30 0 0 0.28
1804 32 38 0 0 0.32
1805 19 32 0 0 0.19
1806 30 35 0 0 0.3
1807 34 19 0 0 0.34
1808 40 24 0 0 0.4
1809 26 29 0 0 0.26
1810 22 40 0 0 0.22
1811 24 34 0 0 0.24
1812 42 25 0 0 0.42
1813 43 18 0 0 0.43
1814 26 31 0 0 0.26
1815 18 51 0 0 0.18
1816 22 40 0 0 0.22
1817 44 23 0 0 0.44
1818 47 17 0 0 0.47
1819 38 34 0 0 0.38
1820 20 39 0 0 0.2
1821 25 50 0 0 0.25
1822 26 31 0 0 0.26
1823 42 28 0 0 0.42
1824 40 26 0 0 0.4
1825 40 30 0 0 0.4
1826 32 29 0 0 0.32
1827 34 33 0 0 0.34
1828 38 29 0 0 0.38
1829 40 29 0 0 0.4
1830 38 30 0 0 0.38
1831 42 25 0 0 0.42
1832 44 27 0 0 0.44
1833 32 33 0 0 0.32
1834 22 36 0 0 0.22
1835 25 31 0 0 0.25
1836 33 31 0 0 0.33
1837 30 34 0 0 0.3
1838 24 36 0 0 0.24
1839 31 42 0 0 0.31
1840 33 27 0 0 0.33
1841 46 26 0 0 0.46
1842 44 26 0 0 0.44
1843 38 36 0 0 0.38
1844 31 38 0 0 0.31
1845 32 33 0 0 0.32
1846 30 31 0 0 0.3
1847 32 36 0 0 0.32
1848 31 32 0 0 0.31
1849 34 26 0 0 0.34
1850 33 21 0 0 0.33
1851 34 31 0 0 0.34
1852 25 32 0 0 0.25
1853 30 33 0 0 0.3
1854 33 26 0 0 0.33
1855 36 27 0 0 0.36
1856 35 29 0 0 0.35
1857 27 29 0 0 0.27
1858 27 35 0 0 0.27
1859 33 33 0 0 0.33
1860 42 27 0 0 0.42
1861 43 26 0 0 0.43
1862 35 33 0 0 0.35
1863 26 46 0 0 0.26
1864 19 56 0 0 0.19
1865 18 55 0 0 0.18
1866 26 42 0 0 0.26
1867 42 28 0 0 0.42
1868 52 19 0 0 0.52
1869 45 22 0 0 0.45
1870 30 35 0 0 0.3
1871 22 45 0 0 0.22
1872 24 38 0 0 0.24
1873 34 25 0 0 0.34
1874 35 25 0 0 0.35
1875 25 34 0 0 0.25
1876 23 41 0 0 0.23
1877 29 32 0 0 0.29
1878 43 28 0 0 0.43
1879 36 23 0 0 0.36
1880 28 34 0 0 0.28
1881 28 47 0 0 0.28
1882 24 43 0 0 0.24
1883 30 38 0 0 0.3
1884 35 25 0 0 0.35
1885 40 25 0 0 0.4
1886 28 27 0 0 0.28
1887 29 36 0 0 0.29
1888 30 24 0 0 0.3
1889 43 31 0 0 0.43
1890 28 28 0 0 0.28
1891 27 32 0 0 0.27
1892 28 26 0 0 0.28
1893 37 26 0 0 0.37
1894 37 24 0 0 0.37
1895 35 28 0 0 0.35
1896 33 32 0 0 0.33
1897 27 30 0 0 0.27
1898 30 33 0 0 0.3
1899 29 27 0 0 0.29
1900 31 30 0 0 0.31
1901 29 35 0 0 0.29
1902 30 33 0 0 0.3
1903 34 38 0 0 0.34
1904 29 40 0 0 0.29
1905 30 39 0 0 0.3
1906 37 30 0 0 0.37
1907 44 24 0 0 0.44
1908 33 28 0 0 0.33
1909 31 41 0 0 0.31
1910 31 42 0 0 0.31
1911 30 38 0 0 0.3
1912 36 30 0 0 0.36
1913 44 28 0 0 0.44
1914 40 37 0 0 0.4
1915 28 42 0 0 0.28
1916 29 43 0 0 0.29
1917 31 36 0 0 0.31
1918 34 36 0 0 0.34
1919 35 41 0 0 0.35
1920 32 35 0 0 0.32
1921 38 33 0 0 0.38
1922 35 28 0 0 0.35
1923 35 31 0 0 0.35
1924 36 34 0 0 0.36
1925 32 25 0 0 0.32
1926 39 28 0 0 0.39
1927 29 26 0 0 0.29
1928 29 39 0 0 0.29
1929 26 33 0 0 0.26
1930 32 30 0 0 0.32
1931 30 26 0 0 0.3
1932 34 29 0 0 0.34
1933 28 29 0 0 0.28
1934 31 39 0 0 0.31
1935 27 29 0 0 0.27
1936 35 28 0 0 0.35
1937 36 31 0 0 0.36
1938 30 26 0 0 0.3
1939 34 32 0 0 0.34
1940 27 28 0 0 0.27
1941 30 31 0 0 0.3
1942 33 26 0 0 0.33
1943 38 27 0 0 0.38
1944 27 30 0 0 0.27
1945 30 43 0 0 0.3
1946 27 29 0 0 0.27
1947 41 27 0 0 0.41
1948 35 23 0 0 0.35
1949 36 36 0 0 0.36
1950 24 35 0 0 0.24
1951 28 44 0 0 0.28
1952 28 33 0 0 0.28
1953 41 25 0 0 0.41
1954 43 19 0 0 0.43
1955 33 28 0 0 0.33
1956 22 40 0 0 0.22
1957 18 45 0 0 0.18
1958 22 44 0 0 0.22
1959 29 27 0 0 0.29
1960 44 20 0 0 0.44
1961 33 23 0 0 0.33
1962 21 38 0 0 0.21
1963 25 34 0 0 0.25
1964 38 29 0 0 0.38
1965 35 27 0 0 0.35
1966 40 33 0 0 0.4
1967 33 27 0 0 0.33
1968 32 37 0 0 0.32
1969 26 38 0 0 0.26
1970 33 45 0 0 0.33
1971 29 39 0 0 0.29
1972 35 40 0 0 0.35
1973 32 38 0 0 0.32
1974 28 37 0 0 0.28
1975 29 40 0 0 0.29
1976 26 39 0 0 0.26
1977 31 32 0 0 0.31
1978 34 22 0 0 0.34
1979 36 28 0 0 0.36
1980 32 32 0 0 0.32
1981 32 29 0 0 0.32
1982 36 23 0 0 0.36
1983 36 26 0 0 0.36
1984 35 31 0 0 0.35
1985 34 26 0 0 0.34
1986 35 30 0 0 0.35
1987 30 36 0 0 0.3
1988 24 31 0 0 0.24
1989 31 25 0 0 0.31
1990 35 23 0 0 0.35
1991 33 32 0 0 0.33
1992 21 36 0 0 0.21
1993 29 39 0 0 0.29
1994 38 16 0 0 0.38
1995 54 16 0 0 0.54
1996 34 21 0 0 0.34
1997 23 40 0 0 0.23
1998 21 39 0 0 0.21
1999 37 26 0 0 0.37
2000 44 11 0 0 0.44
2001 31 25 0 0 0.31
2002 20 43 0 0 0.2
2003 26 34 0 0 0.26
2004 41 21 0 0 0.41
2005 42 23 0 0 0.42
2006 29 40 0 0 0.29
2007 18 44 0 0 0.18
2008 29 35 0 0 0.29
2009 42 17 0 0 0.42
2010 47 21 0 0 0.47
2011 26 30 0 0 0.26
2012 20 49 0 0 0.2
2013 18 45 0 0 0.18
2014 29 28 0 0 0.29
2015 46 18 0 0 0.46
2016 42 19 0 0 0.42
2017 27 32 0 0 0.27
2018 21 47 0 0 0.21
2019 23 49 0 0 0.23
2020 27 33 0 0 0.27
2021 36 20 0 0 0.36
2022 34 24 0 0 0.34
2023 21 35 0 0 0.21
2024 23 37 0 0 0.23
2025 32 23 0 0 0.32
2026 40 20 0 0 0.4
2027 36 27 0 0 0.36
2028 25 28 0 0 0.25
2029 27 31 0 0 0.27
2030 32 34 0 0 0.32
2031 25 29 0 0 0.25
2032 29 36 0 0 0.29
2033 24 30 0 0 0.24
2034 32 31 0 0 0.32
2035 28 24 0 0 0.28
2036 31 29 0 0 0.31
2037 26 31 0 0 0.26
2038 22 38 0 0 0.22
2039 24 36 0 0 0.24
2040 31 29 0 0 0.31
2041 38 31 0 0 0.38
2042 32 29 0 0 0.32
2043 31 37 0 0 0.31
2044 25 39 0 0 0.25
2045 30 33 0 0 0.3
2046 41 25 0 0 0.41
2047 44 25 0 0 0.44
2048 33 30 0 0 0.33
2049 21 37 0 0 0.21
2050 23 41 0 0 0.23
2051 29 37 0 0 0.29
2052 28 26 0 0 0.28
2053 30 31 0 0 0.3
2054 22 32 0 0 0.22
2055 25 29 0 0 0.25
2056 35 22 0 0 0.35
2057 42 22 0 0 0.42
2058 37 27 0 0 0.37
2059 26 34 0 0 0.26
2060 24 33 0 0 0.24
2061 38 25 0 0 0.38
2062 40 19 0 0 0.4
2063 34 33 0 0 0.34
2064 21 40 0 0 0.21
2065 23 39 0 0 0.23
2066 35 33 0 0 0.35
2067 40 25 0 0 0.4
2068 46 25 0 0 0.46
2069 40 26 0 0 0.4
2070 28 34 0 0 0.28
2071 22 40 0 0 0.22
2072 20 35 0 0 0.2
2073 31 31 0 0 0.31
2074 33 20 0 0 0.33
2075 36 29 0 0 0.36
2076 27 34 0 0 0.27
2077 30 33 0 0 0.3
2078 39 27 0 0 0.39
2079 46 20 0 0 0.46
2080 42 19 0 0 0.42
2081 32 38 0 0 0.32
2082 10 40 0 0 0.1
2083 26 53 0 0 0.26
2084 26 28 0 0 0.26
2085 49 28 0 0 0.49
2086 43 17 0 0 0.43
2087 41 32 0 0 0.41
2088 17 39 0 0 0.17
2089 22 52 0 0 0.22
2090 27 27 0 0 0.27
2091 44 21 0 0 0.44
2092 30 23 0 0 0.3
2093 27 40 0 0 0.27
2094 23 30 0 0 0.23
2095 41 26 0 0 0.41
2096 43 17 0 0 0.43
2097 38 26 0 0 0.38
2098 22 32 0 0 0.22
2099 25 34 0 0 0.25
2100 39 22 0 0 0.39
2101 42 16 0 0 0.42
2102 29 29 0 0 0.29
2103 17 45 0 0 0.17
2104 19 35 0 0 0.19
2105 38 23 0 0 0.38
2106 35 22 0 0 0.35
2107 21 34 0 0 0.21
2108 22 40 0 0 0.22
2109 30 22 0 0 0.3
2110 43 19 0 0 0.43
2111 33 25 0 0 0.33
2112 29 38 0 0 0.29
2113 26 29 0 0 0.26
2114 41 33 0 0 0.41
2115 33 22 0 0 0.33
2116 40 29 0 0 0.4
2117 33 27 0 0 0.33
2118 31 29 0 0 0.31
2119 32 30 0 0 0.32
2120 33 28 0 0 0.33
2121 29 29 0 0 0.29
2122 34 41 0 0 0.34
2123 30 31 0 0 0.3
2124 40 28 0 0 0.4
2125 42 23 0 0 0.42
2126 45 30 0 0 0.45
2127 35 32 0 0 0.35
2128 28 43 0 0 0.28
2129 21 51 0 0 0.21
2130 23 48 0 0 0.23
2131 35 28 0 0 0.35
2132 51 20 0 0 0.51
2133 40 21 0 0 0.4
2134 26 42 0 0 0.26
2135 14 49 0 0 0.14
2136 27 45 0 0 0.27
2137 39 28 0 0 0.39
2138 45 21 0 0 0.45
2139 31 24 0 0 0.31
2140 27 43 0 0 0.27
2141 27 34 0 0 0.27
2142 45 28 0 0 0.45
2143 45 18 0 0 0.45
2144 40 24 0 0 0.4
2145 25 29 0 0 0.25
2146 30 33 0 0 0.3
2147 36 18 0 0 0.36
2148 48 24 0 0 0.48
2149 27 22 0 0 0.27
2150 29 41 0 0 0.29
2151 26 34 0 0 0.26
2152 37 32 0 0 0.37
2153 31 26 0 0 0.31
2154 32 40 0 0 0.32
2155 24 39 0 0 0.24
2156 30 43 0 0 0.3
2157 30 36 0 0 0.3
2158 37 41 0 0 0.37
2159 21 42 0 0 0.21
2160 22 50 0 0 0.22
2161 31 35 0 0 0.31
2162 45 18 0 0 0.45
2163 50 17 0 0 0.5
2164 35 28 0 0 0.35
2165 22 42 0 0 0.22
2166 23 50 0 0 0.23
2167 23 41 0 0 0.23
2168 34 34 0 0 0.34
2169 39 24 0 0 0.39
2170 39 27 0 0 0.39
2171 32 31 0 0 0.32
2172 30 31 0 0 0.3
2173 35 29 0 0 0.35
2174 39 25 0 0 0.39
2175 31 26 0 0 0.31
2176 26 38 0 0 0.26
2177 26 32 0 0 0.26
2178 35 24 0 0 0.35
2179 43 27 0 0 0.43
2180 28 29 0 0 0.28
2181 22 45 0 0 0.22
2182 19 37 0 0 0.19
2183 39 34 0 0 0.39
2184 45 21 0 0 0.45
2185 48 26 0 0 0.48
2186 44 35 0 0 0.44
2187 38 35 0 0 0.38
2188 40 41 0 0 0.4
2189 31 37 0 0 0.31
2190 35 40 0 0 0.35
2191 30 30 0 0 0.3
2192 33 37 0 0 0.33
2193 23 33 0 0 0.23
2194 28 33 0 0 0.28
2195 30 25 0 0 0.3
2196 34 24 0 0 0.34
2197 36 30 0 0 0.36
2198 30 27 0 0 0.3
2199 34 30 0 0 0.34
2200 27 29 0 0 0.27
2201 32 34 0 0 0.32
2202 33 23 0 0 0.33
2203 33 25 0 0 0.33
2204 29 31 0 0 0.29
2205 27 30 0 0 0.27
2206 30 31 0 0 0.3
2207 26 31 0 0 0.26
2208 22 34 0 0 0.22
2209 25 34 0 0 0.25
2210 32 28 0 0 0.32
2211 28 26 0 0 0.28
2212 23 39 0 0 0.23
2213 24 37 0 0 0.24
2214 32 24 0 0 0.32
2215 43 31 0 0 0.43
2216 18 31 0 0 0.18
2217 21 49 0 0 0.21
2218 27 31 0 0 0.27
2219 46 19 0 0 0.46
2220 52 18 0 0 0.52
2221 42 25 0 0 0.42
2222 34 41 0 0 0.34
2223 28 44 0 0 0.28
2224 33 39 0 0 0.33
2225 40 29 0 0 0.4
2226 44 25 0 0 0.44
2227 33 24 0 0 0.33
2228 30 34 0 0 0.3
2229 30 31 0 0 0.3
2230 38 32 0 0 0.38
2231 24 28 0 0 0.24
2232 24 44 0 0 0.24
2233 20 35 0 0 0.2
2234 33 31 0 0 0.33
2235 32 28 0 0 0.32
2236 35 35 0 0 0.35
2237 38 32 0 0 0.38
2238 45 32 0 0 0.45
2239 40 28 0 0 0.4
2240 40 34 0 0 0.4
2241 32 26 0 0 0.32
2242 37 26 0 0 0.37
2243 33 23 0 0 0.33
2244 34 30 0 0 0.34
2245 22 27 0 0 0.22
2246 31 37 0 0 0.31
2247 27 27 0 0 0.27
2248 35 31 0 0 0.35
2249 30 20 0 0 0.3
2250 38 28 0 0 0.38
2251 21 30 0 0 0.21
2252 25 44 0 0 0.25
2253 26 27 0 0 0.26
2254 39 25 0 0 0.39
2255 34 25 0 0 0.34
2256 27 34 0 0 0.27
2257 18 38 0 0 0.18
2258 29 38 0 0 0.29
2259 39 22 0 0 0.39
2260 50 22 0 0 0.5
2261 41 24 0 0 0.41
2262 37 39 0 0 0.37
2263 30 39 0 0 0.3
2264 38 40 0 0 0.38
2265 43 29 0 0 0.43
2266 48 25 0 0 0.48
2267 38 30 0 0 0.38
2268 28 43 0 0 0.28
2269 26 46 0 0 0.26
2270 27 40 0 0 0.27
2271 36 33 0 0 0.36
2272 36 21 0 0 0.36
2273 30 33 0 0 0.3
2274 18 46 0 0 0.18
2275 18 44 0 0 0.18
2276 32 27 0 0 0.32
2277 43 16 0 0 0.43
2278 32 24 0 0 0.32
2279 18 41 0 0 0.18
2280 21 37 0 0 0.21
2281 41 21 0 0 0.41
2282 45 13 0 0 0.45
2283 32 26 0 0 0.32
2284 16 41 0 0 0.16
2285 22 46 0 0 0.22
2286 30 27 0 0 0.3
2287 49 26 0 0 0.49
2288 44 24 0 0 0.44
2289 31 31 0 0 0.31
2290 24 38 0 0 0.24
2291 29 35 0 0 0.29
2292 37 29 0 0 0.37
2293 41 31 0 0 0.41
2294 30 32 0 0 0.3
2295 27 48 0 0 0.27
2296 24 49 0 0 0.24
2297 34 31 0 0 0.34
2298 56 18 0 0 0.56
2299 54 13 0 0 0.54
2300 40 30 0 0 0.4
2301 20 41 0 0 0.2
2302 22 45 0 0 0.22
2303 31 30 0 0 0.31
2304 45 20 0 0 0.45
2305 43 20 0 0 0.43
2306 29 29 0 0 0.29
2307 21 39 0 0 0.21
2308 26 29 0 0 0.26
2309 41 17 0 0 0.41
2310 36 18 0 0 0.36
2311 20 32 0 0 0.2
2312 19 40 0 0 0.19
2313 28 32 0 0 0.28
2314 32 28 0 0 0.32
2315 27 33 0 0 0.27
2316 22 39 0 0 0.22
2317 26 40 0 0 0.26
2318 35 30 0 0 0.35
2319 47 21 0 0 0.47
2320 46 18 0 0 0.46
2321 39 26 0 0 0.39
2322 34 31 0 0 0.34
2323 38 32 0 0 0.38
2324 32 25 0 0 0.32
2325 28 31 0 0 0.28
2326 28 34 0 0 0.28
2327 33 27 0 0 0.33
2328 39 21 0 0 0.39
2329 32 25 0 0 0.32
2330 28 39 0 0 0.28
2331 27 33 0 0 0.27
2332 41 25 0 0 0.41
2333 45 17 0 0 0.45
2334 34 28 0 0 0.34
2335 26 46 0 0 0.26
2336 23 41 0 0 0.23
2337 33 33 0 0 0.33
2338 34 26 0 0 0.34
2339 33 32 0 0 0.33
2340 30 35 0 0 0.3
2341 27 28 0 0 0.27
2342 37 32 0 0 0.37
2343 28 25 0 0 0.28
2344 35 35 0 0 0.35
2345 33 31 0 0 0.33
2346 30 29 0 0 0.3
2347 25 32 0 0 0.25
2348 22 36 0 0 0.22
2349 25 29 0 0 0.25
2350 37 21 0 0 0.37
2351 37 22 0 0 0.37
2352 28 33 0 0 0.28
2353 24 39 0 0 0.24
2354 28 30 0 0 0.28
2355 36 27 0 0 0.36
2356 33 32 0 0 0.33
2357 24 34 0 0 0.24
2358 27 37 0 0 0.27
2359 29 30 0 0 0.29
2360 34 31 0 0 0.34
2361 28 30 0 0 0.28
2362 25 32 0 0 0.25
2363 27 34 0 0 0.27
2364 31 29 0 0 0.31
2365 30 27 0 0 0.3
2366 25 32 0 0 0.25
2367 26 36 0 0 0.26
2368 26 28 0 0 0.26
2369 32 25 0 0 0.32
2370 29 24 0 0 0.29
2371 31 30 0 0 0.31
2372 27 33 0 0 0.27
2373 23 35 0 0 0.23
2374 24 31 0 0 0.24
2375 33 30 0 0 0.33
2376 29 30 0 0 0.29
2377 27 40 0 0 0.27
2378 21 36 0 0 0.21
2379 27 35 0 0 0.27
2380 31 32 0 0 0.31
2381 24 33 0 0 0.24
2382 21 39 0 0 0.21
2383 25 33 0 0 0.25
2384 33 19 0 0 0.33
2385 42 21 0 0 0.42
2386 23 28 0 0 0.23
2387 22 46 0 0 0.22
2388 25 35 0 0 0.25
2389 39 28 0 0 0.39
2390 39 26 0 0 0.39
2391 29 31 0 0 0.29
2392 24 40 0 0 0.24
2393 26 41 0 0 0.26
2394 34 31 0 0 0.34
2395 43 25 0 0 0.43
2396 35 20 0 0 0.35
2397 35 34 0 0 0.35
2398 28 32 0 0 0.28
2399 30 28 0 0 0.3
2400 31 30 0 0 0.31
2401 26 35 0 0 0.26
2402 28 44 0 0 0.28
2403 23 35 0 0 0.23
2404 31 35 0 0 0.31
2405 27 25 0 0 0.27
2406 40 35 0 0 0.4
2407 23 27 0 0 0.23
2408 29 37 0 0 0.29
2409 26 24 0 0 0.26
2410 38 30 0 0 0.38
2411 26 27 0 0 0.26
2412 25 38 0 0 0.25
2413 25 36 0 0 0.25
2414 29 30 0 0 0.29
2415 33 26 0 0 0.33
2416 33 28 0 0 0.33
2417 31 36 0 0 0.31
2418 33 38 0 0 0.33
2419 30 28 0 0 0.3
2420 38 32 0 0 0.38
2421 28 26 0 0 0.28
2422 29 38 0 0 0.29
2423 26 38 0 0 0.26
2424 32 36 0 0 0.32
2425 32 31 0 0 0.32
2426 30 41 0 0 0.3
2427 20 53 0 0 0.2
2428 16 53 0 0 0.16
2429 28 34 0 0 0.28
2430 48 15 0 0 0.48
2431 44 16 0 0 0.44
2432 16 36 0 0 0.16
2433 12 50 0 0 0.12
2434 27 23 0 0 0.27
2435 51 16 0 0 0.51
2436 30 21 0 0 0.3
2437 21 50 0 0 0.21
2438 15 50 0 0 0.15
2439 30 35 0 0 0.3
2440 49 18 0 0 0.49
2441 47 18 0 0 0.47
2442 29 36 0 0 0.29
2443 22 49 0 0 0.22
2444 29 42 0 0 0.29
2445 40 30 0 0 0.4
2446 44 23 0 0 0.44
2447 41 31 0 0 0.41
2448 28 37 0 0 0.28
2449 26 35 0 0 0.26
2450 39 32 0 0 0.39
2451 41 20 0 0 0.41
2452 42 25 0 0 0.42
2453 30 34 0 0 0.3
2454 21 39 0 0 0.21
2455 28 43 0 0 0.28
2456 29 31 0 0 0.29
2457 39 28 0 0 0.39
2458 46 28 0 0 0.46
2459 44 25 0 0 0.44
2460 42 29 0 0 0.42
2461 39 31 0 0 0.39
2462 44 35 0 0 0.44
2463 36 31 0 0 0.36
2464 39 41 0 0 0.39
2465 30 38 0 0 0.3
2466 34 41 0 0 0.34
2467 39 37 0 0 0.39
2468 39 34 0 0 0.39
2469 38 34 0 0 0.38
2470 37 33 0 0 0.37
2471 39 27 0 0 0.39
2472 38 24 0 0 0.38
2473 30 29 0 0 0.3
2474 29 34 0 0 0.29
2475 32 33 0 0 0.32
2476 34 31 0 0 0.34
2477 33 32 0 0 0.33
2478 28 37 0 0 0.28
2479 26 39 0 0 0.26
2480 29 38 0 0 0.29
2481 37 43 0 0 0.37
2482 34 34 0 0 0.34
2483 39 32 0 0 0.39
2484 35 31 0 0 0.35
2485 28 40 0 0 0.28
2486 24 41 0 0 0.24
2487 33 30 0 0 0.33
2488 42 21 0 0 0.42
2489 45 22 0 0 0.45
2490 31 22 0 0 0.31
2491 27 41 0 0 0.27
2492 19 33 0 0 0.19
2493 38 26 0 0 0.38
2494 43 12 0 0 0.43
2495 39 25 0 0 0.39
2496 13 39 0 0 0.13
2497 17 52 0 0 0.17
2498 32 33 0 0 0.32
2499 53 18 0 0 0.53
2500 60 13 0 0 0.6
2501 51 24 0 0 0.51
2502 28 41 0 0 0.28
2503 19 60 0 0 0.19
2504 20 56 0 0 0.2
2505 38 39 0 0 0.38
2506 55 22 0 0 0.55
2507 64 21 0 0 0.64
2508 53 22 0 0 0.53
2509 41 33 0 0 0.41
2510 29 44 0 0 0.29
2511 22 41 0 0 0.22
2512 37 37 0 0 0.37
2513 42 24 0 0 0.42
2514 42 28 0 0 0.42
2515 31 32 0 0 0.31
2516 30 40 0 0 0.3
2517 26 34 0 0 0.26
2518 39 31 0 0 0.39
2519 38 27 0 0 0.38
2520 30 39 0 0 0.3
2521 19 42 0 0 0.19
2522 28 43 0 0 0.28
2523 30 32 0 0 0.3
2524 35 34 0 0 0.35
2525 35 29 0 0 0.35
2526 34 24 0 0 0.34
2527 35 32 0 0 0.35
2528 23 30 0 0 0.23
2529 29 43 0 0 0.29
2530 28 31 0 0 0.28
2531 38 23 0 0 0.38
2532 44 25 0 0 0.44
2533 42 29 0 0 0.42
2534 31 36 0 0 0.31
2535 23 48 0 0 0.23
2536 19 46 0 0 0.19
2537 29 36 0 0 0.29
2538 38 20 0 0 0.38
2539 38 23 0 0 0.38
2540 23 38 0 0 0.23
2541 16 42 0 0 0.16
2542 26 39 0 0 0.26
2543 33 29 0 0 0.33
2544 36 27 0 0 0.36
2545 30 34 0 0 0.3
2546 30 49 0 0 0.3
2547 22 45 0 0 0.22
2548 32 40 0 0 0.32
2549 34 30 0 0 0.34
2550 37 37 0 0 0.37
2551 24 32 0 0 0.24
2552 34 41 0 0 0.34
2553 28 30 0 0 0.28
2554 36 35 0 0 0.36
2555 36 27 0 0 0.36
2556 34 26 0 0 0.34
2557 31 35 0 0 0.31
2558 26 34 0 0 0.26
2559 29 30 0 0 0.29
2560 33 29 0 0 0.33
2561 32 34 0 0 0.32
2562 24 37 0 0 0.24
2563 24 37 0 0 0.24
2564 35 29 0 0 0.35
2565 40 17 0 0 0.4
2566 36 24 0 0 0.36
2567 22 36 0 0 0.22
2568 21 39 0 0 0.21
2569 29 23 0 0 0.29
2570 41 22 0 0 0.41
2571 35 28 0 0 0.35
2572 30 32 0 0 0.3
2573 31 37 0 0 0.31
2574 23 38 0 0 0.23
2575 26 44 0 0 0.26
2576 26 39 0 0 0.26
2577 32 33 0 0 0.32
2578 39 29 0 0 0.39
2579 42 30 0 0 0.42
2580 40 29 0 0 0.4
2581 39 33 0 0 0.39
2582 29 27 0 0 0.29
2583 43 37 0 0 0.43
2584 33 25 0 0 0.33
2585 36 32 0 0 0.36
2586 27 26 0 0 0.27
2587 26 33 0 0 0.26
2588 24 37 0 0 0.24
2589 26 32 0 0 0.26
2590 32 28 0 0 0.32
2591 32 26 0 0 0.32
2592 28 28 0 0 0.28
2593 24 34 0 0 0.24
2594 22 38 0 0 0.22
2595 28 34 0 0 0.28
2596 33 28 0 0 0.33
2597 28 30 0 0 0.28
2598 25 38 0 0 0.25
2599 27 37 0 0 0.27
2600 31 25 0 0 0.31
2601 35 23 0 0 0.35
2602 28 27 0 0 0.28
2603 24 35 0 0 0.24
2604 22 38 0 0 0.22
2605 26 29 0 0 0.26
2606 43 24 0 0 0.43
2607 42 21 0 0 0.42
2608 33 31 0 0 0.33
2609 22 39 0 0 0.22
2610 28 44 0 0 0.28
2611 29 35 0 0 0.29
2612 38 39 0 0 0.38
2613 35 30 0 0 0.35
2614 38 29 0 0 0.38
2615 36 33 0 0 0.36
2616 30 37 0 0 0.3
2617 27 33 0 0 0.27
2618 31 30 0 0 0.31
2619 39 33 0 0 0.39
2620 38 30 0 0 0.38
2621 32 37 0 0 0.32
2622 19 47 0 0 0.19
2623 22 53 0 0 0.22
2624 27 36 0 0 0.27
2625 42 22 0 0 0.42
2626 51 14 0 0 0.51
2627 43 20 0 0 0.43
2628 28 34 0 0 0.28
2629 27 41 0 0 0.27
2630 33 31 0 0 0.33
2631 42 21 0 0 0.42
2632 43 23 0 0 0.43
2633 26 33 0 0 0.26
2634 20 43 0 0 0.2
2635 28 34 0 0 0.28
2636 38 24 0 0 0.38
2637 39 24 0 0 0.39
2638 33 33 0 0 0.33
2639 23 35 0 0 0.23
2640 28 37 0 0 0.28
2641 28 28 0 0 0.28
2642 31 33 0 0 0.31
2643 32 39 0 0 0.32
2644 29 27 0 0 0.29
2645 38 25 0 0 0.38
2646 41 27 0 0 0.41
2647 37 28 0 0 0.37
2648 29 24 0 0 0.29
2649 38 34 0 0 0.38
2650 22 27 0 0 0.22
2651 25 36 0 0 0.25
2652 33 29 0 0 0.33
2653 34 20 0 0 0.34
2654 32 30 0 0 0.32
2655 20 37 0 0 0.2
2656 24 43 0 0 0.24
2657 30 33 0 0 0.3
2658 41 28 0 0 0.41
2659 46 21 0 0 0.46
2660 45 17 0 0 0.45
2661 35 23 0 0 0.35
2662 24 38 0 0 0.24
2663 18 39 0 0 0.18
2664 31 33 0 0 0.31
2665 36 15 0 0 0.36
2666 47 23 0 0 0.47
2667 34 25 0 0 0.34
2668 30 34 0 0 0.3
2669 33 34 0 0 0.33
2670 31 21 0 0 0.31
2671 36 28 0 0 0.36
2672 27 26 0 0 0.27
2673 34 32 0 0 0.34
2674 32 27 0 0 0.32
2675 34 30 0 0 0.34
2676 32 32 0 0 0.32
2677 26 33 0 0 0.26
2678 25 36 0 0 0.25
2679 31 30 0 0 0.31
2680 40 25 0 0 0.4
2681 32 27 0 0 0.32
2682 24 39 0 0 0.24
2683 23 36 0 0 0.23
2684 34 27 0 0 0.34
2685 40 26 0 0 0.4
2686 37 31 0 0 0.37
2687 27 30 0 0 0.27
2688 28 34 0 0 0.28
2689 34 30 0 0 0.34
2690 44 30 0 0 0.44
2691 38 26 0 0 0.38
2692 35 37 0 0 0.35
2693 31 40 0 0 0.31
2694 38 37 0 0 0.38
2695 41 35 0 0 0.41
2696 42 41 0 0 0.42
2697 40 42 0 0 0.4
2698 43 43 0 0 0.43
2699 47 41 0 0 0.47
2700 50 37 0 0 0.5
2701 47 31 0 0 0.47
2702 50 33 0 0 0.5
2703 48 31 0 0 0.48
2704 43 29 0 0 0.43
2705 36 32 0 0 0.36
2706 27 38 0 0 0.27
2707 23 39 0 0 0.23
2708 31 35 0 0 0.31
2709 38 24 0 0 0.38
2710 48 24 0 0 0.48
2711 37 22 0 0 0.37
2712 31 36 0 0 0.31
2713 29 38 0 0 0.29
2714 32 30 0 0 0.32
2715 35 27 0 0 0.35
2716 32 31 0 0 0.32
2717 29 38 0 0 0.29
2718 28 35 0 0 0.28
2719 35 29 0 0 0.35
2720 40 23 0 0 0.4
2721 35 27 0 0 0.35
2722 26 32 0 0 0.26
2723 32 31 0 0 0.32
2724 33 18 0 0 0.33
2725 37 24 0 0 0.37
2726 29 25 0 0 0.29
2727 36 31 0 0 0.36
2728 29 23 0 0 0.29
2729 29 33 0 0 0.29
2730 20 33 0 0 0.2
2731 31 36 0 0 0.31
2732 28 21 0 0 0.28
2733 36 32 0 0 0.36
2734 28 30 0 0 0.28
2735 30 28 0 0 0.3
2736 31 25 0 0 0.31
2737 29 25 0 0 0.29
2738 29 30 0 0 0.29
2739 26 30 0 0 0.26
2740 26 31 0 0 0.26
2741 26 30 0 0 0.26
2742 35 29 0 0 0.35
2743 35 26 0 0 0.35
2744 28 26 0 0 0.28
2745 32 28 0 0 0.32
2746 31 24 0 0 0.31
2747 33 32 0 0 0.33
2748 24 29 0 0 0.24
2749 30 31 0 0 0.3
2750 29 24 0 0 0.29
2751 34 36 0 0 0.34
2752 21 37 0 0 0.21
2753 24 38 0 0 0.24
2754 34 33 0 0 0.34
2755 35 27 0 0 0.35
2756 41 32 0 0 0.41
2757 34 26 0 0 0.34
2758 29 31 0 0 0.29
2759 23 38 0 0 0.23
2760 25 36 0 0 0.25
2761 34 27 0 0 0.34
2762 42 23 0 0 0.42
2763 40 27 0 0 0.4
2764 33 34 0 0 0.33
2765 26 31 0 0 0.26
2766 35 32 0 0 0.35
2767 38 23 0 0 0.38
2768 43 21 0 0 0.43
2769 43 24 0 0 0.43
2770 32 27 0 0 0.32
2771 30 35 0 0 0.3
2772 27 27 0 0 0.27
2773 37 28 0 0 0.37
2774 29 24 0 0 0.29
2775 27 32 0 0 0.27
2776 30 33 0 0 0.3
2777 33 28 0 0 0.33
2778 32 28 0 0 0.32
2779 27 33 0 0 0.27
2780 23 38 0 0 0.23
2781 24 29 0 0 0.24
2782 39 21 0 0 0.39
2783 38 22 0 0 0.38
2784 22 31 0 0 0.22
2785 18 35 0 0 0.18
2786 26 28 0 0 0.26
2787 31 22 0 0 0.31
2788 28 27 0 0 0.28
2789 21 33 0 0 0.21
2790 25 31 0 0 0.25
2791 33 29 0 0 0.33
2792 22 27 0 0 0.22
2793 26 37 0 0 0.26
2794 27 30 0 0 0.27
2795 30 26 0 0 0.3
2796 31 28 0 0 0.31
2797 24 27 0 0 0.24
2798 29 39 0 0 0.29
2799 22 25 0 0 0.22
2800 40 25 0 0 0.4
2801 33 20 0 0 0.33
2802 29 35 0 0 0.29
2803 18 32 0 0 0.18
2804 30 35 0 0 0.3
2805 30 22 0 0 0.3
2806 44 26 0 0 0.44
2807 29 18 0 0 0.29
2808 25 40 0 0 0.25
2809 17 45 0 0 0.17
2810 26 38 0 0 0.26
2811 38 22 0 0 0.38
2812 49 20 0 0 0.49
2813 39 25 0 0 0.39
2814 19 38 0 0 0.19
2815 17 52 0 0 0.17
2816 22 34 0 0 0.22
2817 42 27 0 0 0.42
2818 39 22 0 0 0.39
2819 39 31 0 0 0.39
2820 30 30 0 0 0.3
2821 35 28 0 0 0.35
2822 42 18 0 0 0.42
2823 46 22 0 0 0.46
2824 35 29 0 0 0.35
2825 23 37 0 0 0.23
2826 26 39 0 0 0.26
2827 30 26 0 0 0.3
2828 39 26 0 0 0.39
2829 39 26 0 0 0.39
2830 31 27 0 0 0.31
2831 24 38 0 0 0.24
2832 24 44 0 0 0.24
2833 31 38 0 0 0.31
2834 34 25 0 0 0.34
2835 35 29 0 0 0.35
2836 22 32 0 0 0.22
2837 27 43 0 0 0.27
2838 23 33 0 0 0.23
2839 35 34 0 0 0.35
2840 19 26 0 0 0.19
2841 28 48 0 0 0.28
2842 22 27 0 0 0.22
2843 47 24 0 0 0.47
2844 40 12 0 0 0.4
2845 27 32 0 0 0.27
2846 11 46 0 0 0.11
2847 23 42 0 0 0.23
2848 36 17 0 0 0.36
2849 43 17 0 0 0.43
2850 29 30 0 0 0.29
2851 26 44 0 0 0.26
2852 28 34 0 0 0.28
2853 38 25 0 0 0.38
2854 46 23 0 0 0.46
2855 37 24 0 0 0.37
2856 27 37 0 0 0.27
2857 23 41 0 0 0.23
2858 32 32 0 0 0.32
2859 40 17 0 0 0.4
2860 42 22 0 0 0.42
2861 21 29 0 0 0.21
2862 20 44 0 0 0.2
2863 22 34 0 0 0.22
2864 33 28 0 0 0.33
2865 39 28 0 0 0.39
2866 36 28 0 0 0.36
2867 26 34 0 0 0.26
2868 17 41 0 0 0.17
2869 23 33 0 0 0.23
2870 31 24 0 0 0.31
2871 28 26 0 0 0.28
2872 23 32 0 0 0.23
2873 25 33 0 0 0.25
2874 35 23 0 0 0.35
2875 47 21 0 0 0.47
2876 35 23 0 0 0.35
2877 28 38 0 0 0.28
2878 26 37 0 0 0.26
2879 35 29 0 0 0.35
2880 36 20 0 0 0.36
2881 34 30 0 0 0.34
2882 28 39 0 0 0.28
2883 28 43 0 0 0.28
2884 30 38 0 0 0.3
2885 34 35 0 0 0.34
2886 33 37 0 0 0.33
2887 33 37 0 0 0.33
2888 36 37 0 0 0.36
2889 36 38 0 0 0.36
2890 39 46 0 0 0.39
2891 29 38 0 0 0.29
2892 36 35 0 0 0.36
2893 46 33 0 0 0.46
2894 43 30 0 0 0.43
2895 37 34 0 0 0.37
2896 28 34 0 0 0.28
2897 34 36 0 0 0.34
2898 37 32 0 0 0.37
2899 32 29 0 0 0.32
2900 36 42 0 0 0.36
2901 28 42 0 0 0.28
2902 27 44 0 0 0.27
2903 33 36 0 0 0.33
2904 44 23 0 0 0.44
2905 52 26 0 0 0.52
2906 35 28 0 0 0.35
2907 32 47 0 0 0.32
2908 23 38 0 0 0.23
2909 32 34 0 0 0.32
2910 30 27 0 0 0.3
2911 32 35 0 0 0.32
2912 24 28 0 0 0.24
2913 36 26 0 0 0.36
2914 41 17 0 0 0.41
2915 41 26 0 0 0.41
2916 16 36 0 0 0.16
2917 20 56 0 0 0.2
2918 19 34 0 0 0.19
2919 36 26 0 0 0.36
2920 37 26 0 0 0.37
2921 19 32 0 0 0.19
2922 22 44 0 0 0.22
2923 28 31 0 0 0.28
2924 45 28 0 0 0.45
2925 43 24 0 0 0.43
2926 31 30 0 0 0.31
2927 23 41 0 0 0.23
2928 25 44 0 0 0.25
2929 31 40 0 0 0.31
2930 34 26 0 0 0.34
2931 44 21 0 0 0.44
2932 42 23 0 0 0.42
2933 29 31 0 0 0.29
2934 23 44 0 0 0.23
2935 29 50 0 0 0.29
2936 37 40 0 0 0.37
2937 46 29 0 0 0.46
2938 47 26 0 0 0.47
2939 42 31 0 0 0.42
2940 36 31 0 0 0.36
2941 41 27 0 0 0.41
2942 45 18 0 0 0.45
2943 47 29 0 0 0.47
2944 24 33 0 0 0.24
2945 27 46 0 0 0.27
2946 24 33 0 0 0.24
2947 37 28 0 0 0.37
2948 32 17 0 0 0.32
2949 33 35 0 0 0.33
2950 19 26 0 0 0.19
2951 39 29 0 0 0.39
2952 36 23 0 0 0.36
2953 32 36 0 0 0.32
2954 28 40 0 0 0.28
2955 28 30 0 0 0.28
2956 38 28 0 0 0.38
2957 33 23 0 0 0.33
2958 37 35 0 0 0.37
2959 26 31 0 0 0.26
2960 31 37 0 0 0.31
2961 27 27 0 0 0.27
2962 40 30 0 0 0.4
2963 37 24 0 0 0.37
2964 37 36 0 0 0.37
2965 27 41 0 0 0.27
2966 30 39 0 0 0.3
2967 41 26 0 0 0.41
2968 47 18 0 0 0.47
2969 38 25 0 0 0.38
2970 25 39 0 0 0.25
2971 25 45 0 0 0.25
2972 31 33 0 0 0.31
2973 43 26 0 0 0.43
2974 38 21 0 0 0.38
2975 40 30 0 0 0.4
2976 31 26 0 0 0.31
2977 31 33 0 0 0.31
2978 29 35 0 0 0.29
2979 32 34 0 0 0.32
2980 38 30 0 0 0.38
2981 41 27 0 0 0.41
2982 38 26 0 0 0.38
2983 37 28 0 0 0.37
2984 35 33 0 0 0.35
2985 26 34 0 0 0.26
2986 32 37 0 0 0.32
2987 33 26 0 0 0.33
2988 34 30 0 0 0.34
2989 26 33 0 0 0.26
2990 31 38 0 0 0.31
2991 28 29 0 0 0.28
2992 34 35 0 0 0.34
2993 26 29 0 0 0.26
2994 35 40 0 0 0.35
2995 24 36 0 0 0.24
2996 26 37 0 0 0.26
2997 34 31 0 0 0.34
2998 43 30 0 0 0.43
2999 38 25 0 0 0.38
3000 39 26 0 0 0.39
3001 33 30 0 0 0.33
3002 26 38 0 0 0.26
3003 29 35 0 0 0.29
3004 38 30 0 0 0.38
3005 35 28 0 0 0.35
3006 26 37 0 0 0.26
3007 14 40 0 0 0.14
3008 27 43 0 0 0.27
3009 29 28 0 0 0.29
3010 36 37 0 0 0.36
3011 25 37 0 0 0.25
3012 29 42 0 0 0.29
3013 23 31 0 0 0.23
3014 34 32 0 0 0.34
3015 33 24 0 0 0.33
3016 28 29 0 0 0.28
3017 25 35 0 0 0.25
3018 28 30 0 0 0.28
3019 35 22 0 0 0.35
3020 32 22 0 0 0.32
3021 27 39 0 0 0.27
3022 21 42 0 0 0.21
3023 24 35 0 0 0.24
3024 34 32 0 0 0.34
3025 31 23 0 0 0.31
3026 36 30 0 0 0.36
3027 30 30 0 0 0.3
3028 31 35 0 0 0.31
3029 24 28 0 0 0.24
3030 30 33 0 0 0.3
3031 26 26 0 0 0.26
3032 37 28 0 0 0.37
3033 32 20 0 0 0.32
3034 30 32 0 0 0.3
3035 20 35 0 0 0.2
3036 27 34 0 0 0.27
3037 33 23 0 0 0.33
3038 38 23 0 0 0.38
3039 31 24 0 0 0.31
3040 29 32 0 0 0.29
3041 25 34 0 0 0.25
3042 28 29 0 0 0.28
3043 37 26 0 0 0.37
3044 28 30 0 0 0.28
3045 21 44 0 0 0.21
3046 21 37 0 0 0.21
3047 33 25 0 0 0.33
3048 37 21 0 0 0.37
3049 35 28 0 0 0.35
3050 30 40 0 0 0.3
3051 20 39 0 0 0.2
3052 30 42 0 0 0.3
3053 32 30 0 0 0.32
3054 37 31 0 0 0.37
3055 35 30 0 0 0.35
3056 38 28 0 0 0.38
3057 33 27 0 0 0.33
3058 32 32 0 0 0.32
3059 26 26 0 0 0.26
3060 34 38 0 0 0.34
3061 28 38 0 0 0.28
3062 26 37 0 0 0.26
3063 27 32 0 0 0.27
3064 30 26 0 0 0.3
3065 34 26 0 0 0.34
3066 29 26 0 0 0.29
3067 27 29 0 0 0.27
3068 31 33 0 0 0.31
3069 25 27 0 0 0.25
3070 28 35 0 0 0.28
3071 17 34 0 0 0.17
3072 24 36 0 0 0.24
3073 30 26 0 0 0.3
3074 39 24 0 0 0.39
3075 36 20 0 0 0.36
3076 39 30 0 0 0.39
3077 27 29 0 0 0.27
3078 24 33 0 0 0.24
3079 25 27 0 0 0.25
3080 29 28 0 0 0.29
3081 25 32 0 0 0.25
3082 25 32 0 0 0.25
3083 31 24 0 0 0.31
3084 43 19 0 0 0.43
3085 40 22 0 0 0.4
3086 31 33 0 0 0.31
3087 32 27 0 0 0.32
3088 35 19 0 0 0.35
3089 29 33 0 0 0.29
3090 20 43 0 0 0.2
3091 25 39 0 0 0.25
3092 38 32 0 0 0.38
3093 40 28 0 0 0.4
3094 35 37 0 0 0.35
3095 28 40 0 0 0.28
3096 32 35 0 0 0.32
3097 39 25 0 0 0.39
3098 40 24 0 0 0.4
3099 33 31 0 0 0.33
3100 29 35 0 0 0.29
3101 32 29 0 0 0.32
3102 39 23 0 0 0.39
3103 48 24 0 0 0.48
3104 33 19 0 0 0.33
3105 28 42 0 0 0.28
3106 18 39 0 0 0.18
3107 31 28 0 0 0.31
3108 37 18 0 0 0.37
3109 34 28 0 0 0.34
3110 24 38 0 0 0.24
3111 22 34 0 0 0.22
3112 34 22 0 0 0.34
3113 44 18 0 0 0.44
3114 33 21 0 0 0.33
3115 24 35 0 0 0.24
3116 28 39 0 0 0.28
3117 39 29 0 0 0.39
3118 44 27 0 0 0.44
3119 35 31 0 0 0.35
3120 26 35 0 0 0.26
3121 28 39 0 0 0.28
3122 30 33 0 0 0.3
3123 32 25 0 0 0.32
3124 32 29 0 0 0.32
3125 25 33 0 0 0.25
3126 27 32 0 0 0.27
3127 33 26 0 0 0.33
3128 36 26 0 0 0.36
3129 26 32 0 0 0.26
3130 29 42 0 0 0.29
3131 33 26 0 0 0.33
3132 47 24 0 0 0.47
3133 43 21 0 0 0.43
3134 34 26 0 0 0.34
3135 26 40 0 0 0.26
3136 21 44 0 0 0.21
3137 28 37 0 0 0.28
3138 38 27 0 0 0.38
3139 39 23 0 0 0.39
3140 38 32 0 0 0.38
3141 28 36 0 0 0.28
3142 27 37 0 0 0.27
3143 28 28 0 0 0.28
3144 39 30 0 0 0.39
3145 33 29 0 0 0.33
3146 27 38 0 0 0.27
3147 23 38 0 0 0.23
3148 30 28 0 0 0.3
3149 43 28 0 0 0.43
3150 31 29 0 0 0.31
3151 25 38 0 0 0.25
3152 26 33 0 0 0.26
3153 38 24 0 0 0.38
3154 42 21 0 0 0.42
3155 28 29 0 0 0.28
3156 20 42 0 0 0.2
3157 19 38 0 0 0.19
3158 28 35 0 0 0.28
3159 34 26 0 0 0.34
3160 42 23 0 0 0.42
3161 41 23 0 0 0.41
3162 30 28 0 0 0.3
3163 31 37 0 0 0.31
3164 31 24 0 0 0.31
3165 35 28 0 0 0.35
3166 26 28 0 0 0.26
3167 31 34 0 0 0.31
3168 31 26 0 0 0.31
3169 36 26 0 0 0.36
3170 29 33 0 0 0.29
3171 20 34 0 0 0.2
3172 29 30 0 0 0.29
3173 35 24 0 0 0.35
3174 39 28 0 0 0.39
3175 31 28 0 0 0.31
3176 31 41 0 0 0.31
3177 29 35 0 0 0.29
3178 45 34 0 0 0.45
3179 44 25 0 0 0.44
3180 45 33 0 0 0.45
3181 37 36 0 0 0.37
3182 33 39 0 0 0.33
3183 32 35 0 0 0.32
3184 41 34 0 0 0.41
3185 35 27 0 0 0.35
3186 44 38 0 0 0.44
3187 41 36 0 0 0.41
3188 42 35 0 0 0.42
3189 41 33 0 0 0.41
3190 40 34 0 0 0.4
3191 38 36 0 0 0.38
3192 37 37 0 0 0.37
3193 36 31 0 0 0.36
3194 36 33 0 0 0.36
3195 36 29 0 0 0.36
3196 39 22 0 0 0.39
3197 31 27 0 0 0.31
3198 21 41 0 0 0.21
3199 19 44 0 0 0.19
3200 28 28 0 0 0.28
3201 43 20 0 0 0.43
3202 32 25 0 0 0.32
3203 25 47 0 0 0.25
3204 23 48 0 0 0.23
3205 30 38 0 0 0.3
3206 37 32 0 0 0.37
3207 32 30 0 0 0.32
3208 28 37 0 0 0.28
3209 23 33 0 0 0.23
3210 31 28 0 0 0.31
3211 36 18 0 0 0.36
3212 39 22 0 0 0.39
3213 31 28 0 0 0.31
3214 25 36 0 0 0.25
3215 25 34 0 0 0.25
3216 31 22 0 0 0.31
3217 34 23 0 0 0.34
3218 24 30 0 0 0.24
3219 23 38 0 0 0.23
3220 24 31 0 0 0.24
3221 33 32 0 0 0.33
3222 27 26 0 0 0.27
3223 29 34 0 0 0.29
3224 28 32 0 0 0.28
3225 32 25 0 0 0.32
3226 33 29 0 0 0.33
3227 23 28 0 0 0.23
3228 30 30 0 0 0.3
3229 29 21 0 0 0.29
3230 37 25 0 0 0.37
3231 38 25 0 0 0.38
3232 26 30 0 0 0.26
3233 19 46 0 0 0.19
3234 18 36 0 0 0.18
3235 37 23 0 0 0.37
3236 53 21 0 0 0.53
3237 41 21 0 0 0.41
3238 35 41 0 0 0.35
3239 18 42 0 0 0.18
3240 28 47 0 0 0.28
3241 38 28 0 0 0.38
3242 53 17 0 0 0.53
3243 51 19 0 0 0.51
3244 33 31 0 0 0.33
3245 23 45 0 0 0.23
3246 23 48 0 0 0.23
3247 28 34 0 0 0.28
3248 40 28 0 0 0.4
3249 39 29 0 0 0.39
3250 24 29 0 0 0.24
3251 22 42 0 0 0.22
3252 22 33 0 0 0.22
3253 34 23 0 0 0.34
3254 37 22 0 0 0.37
3255 29 33 0 0 0.29
3256 19 46 0 0 0.19
3257 18 42 0 0 0.18
3258 34 28 0 0 0.34
3259 46 18 0 0 0.46
3260 40 23 0 0 0.4
3261 23 36 0 0 0.23
3262 22 51 0 0 0.22
3263 21 48 0 0 0.21
3264 29 39 0 0 0.29
3265 39 28 0 0 0.39
3266 39 30 0 0 0.39
3267 30 35 0 0 0.3
3268 29 39 0 0 0.29
3269 35 35 0 0 0.35
3270 42 28 0 0 0.42
3271 39 25 0 0 0.39
3272 30 33 0 0 0.3
3273 23 37 0 0 0.23
3274 34 38 0 0 0.34
3275 36 23 0 0 0.36
3276 43 21 0 0 0.43
3277 40 23 0 0 0.4
3278 33 28 0 0 0.33
3279 19 33 0 0 0.19
3280 21 40 0 0 0.21
3281 29 23 0 0 0.29
3282 39 18 0 0 0.39
3283 31 27 0 0 0.31
3284 21 39 0 0 0.21
3285 24 40 0 0 0.24
3286 29 28 0 0 0.29
3287 33 28 0 0 0.33
3288 26 34 0 0 0.26
3289 26 43 0 0 0.26
3290 30 39 0 0 0.3
3291 38 35 0 0 0.38
3292 36 25 0 0 0.36
3293 38 27 0 0 0.38
3294 28 29 0 0 0.28
3295 26 43 0 0 0.26
3296 19 30 0 0 0.19
3297 40 25 0 0 0.4
3298 43 19 0 0 0.43
3299 31 31 0 0 0.31
3300 17 37 0 0 0.17
3301 31 33 0 0 0.31
3302 41 21 0 0 0.41
3303 40 26 0 0 0.4
3304 26 32 0 0 0.26
3305 25 38 0 0 0.25
3306 28 31 0 0 0.28
3307 34 30 0 0 0.34
3308 38 31 0 0 0.38
3309 33 31 0 0 0.33
3310 22 39 0 0 0.22
3311 22 43 0 0 0.22
3312 30 31 0 0 0.3
3313 38 25 0 0 0.38
3314 32 27 0 0 0.32
3315 22 40 0 0 0.22
3316 21 45 0 0 0.21
3317 29 28 0 0 0.29
3318 41 20 0 0 0.41
3319 29 26 0 0 0.29
3320 18 40 0 0 0.18
3321 22 35 0 0 0.22
3322 39 23 0 0 0.39
3323 43 18 0 0 0.43
3324 28 30 0 0 0.28
3325 19 41 0 0 0.19
3326 29 43 0 0 0.29
3327 34 32 0 0 0.34
3328 40 25 0 0 0.4
3329 43 25 0 0 0.43
3330 37 31 0 0 0.37
3331 24 37 0 0 0.24
3332 26 45 0 0 0.26
3333 26 27 0 0 0.26
3334 39 22 0 0 0.39
3335 35 25 0 0 0.35
3336 27 33 0 0 0.27
3337 24 38 0 0 0.24
3338 31 33 0 0 0.31
3339 40 21 0 0 0.4
3340 47 24 0 0 0.47
3341 30 25 0 0 0.3
3342 27 44 0 0 0.27
3343 19 40 0 0 0.19
3344 33 36 0 0 0.33
3345 38 24 0 0 0.38
3346 42 31 0 0 0.42
3347 32 31 0 0 0.32
3348 30 37 0 0 0.3
3349 29 31 0 0 0.29
3350 39 31 0 0 0.39
3351 30 20 0 0 0.3
3352 35 32 0 0 0.35
3353 14 27 0 0 0.14
3354 28 43 0 0 0.28
3355 27 30 0 0 0.27
3356 38 33 0 0 0.38
3357 30 27 0 0 0.3
3358 32 36 0 0 0.32
3359 26 31 0 0 0.26
3360 35 40 0 0 0.35
3361 27 38 0 0 0.27
3362 26 40 0 0 0.26
3363 27 38 0 0 0.27
3364 34 37 0 0 0.34
3365 34 31 0 0 0.34
3366 33 36 0 0 0.33
3367 22 34 0 0 0.22
3368 28 38 0 0 0.28
3369 35 26 0 0 0.35
3370 42 27 0 0 0.42
3371 28 32 0 0 0.28
3372 25 47 0 0 0.25
3373 22 41 0 0 0.22
3374 37 30 0 0 0.37
3375 53 22 0 0 0.53
3376 54 21 0 0 0.54
3377 39 23 0 0 0.39
3378 29 39 0 0 0.29
3379 21 42 0 0 0.21
3380 23 35 0 0 0.23
3381 32 28 0 0 0.32
3382 41 26 0 0 0.41
3383 36 28 0 0 0.36
3384 29 41 0 0 0.29
3385 20 38 0 0 0.2
3386 39 30 0 0 0.39
3387 45 16 0 0 0.45
3388 38 28 0 0 0.38
3389 22 42 0 0 0.22
3390 20 48 0 0 0.2
3391 29 32 0 0 0.29
3392 46 24 0 0 0.46
3393 40 23 0 0 0.4
3394 33 31 0 0 0.33
3395 25 33 0 0 0.25
3396 28 29 0 0 0.28
3397 37 24 0 0 0.37
3398 33 23 0 0 0.33
3399 25 37 0 0 0.25
3400 16 46 0 0 0.16
3401 24 34 0 0 0.24
3402 44 23 0 0 0.44
3403 47 23 0 0 0.47
3404 30 31 0 0 0.3
3405 17 47 0 0 0.17
3406 18 56 0 0 0.18
3407 24 45 0 0 0.24
3408 37 27 0 0 0.37
3409 49 24 0 0 0.49
3410 28 28 0 0 0.28
3411 22 48 0 0 0.22
3412 20 41 0 0 0.2
3413 26 31 0 0 0.26
3414 35 26 0 0 0.35
3415 42 23 0 0 0.42
3416 40 25 0 0 0.4
3417 33 41 0 0 0.33
3418 24 48 0 0 0.24
3419 32 46 0 0 0.32
3420 42 34 0 0 0.42
3421 54 35 0 0 0.54
3422 49 33 0 0 0.49
3423 45 39 0 0 0.45
3424 38 47 0 0 0.38
3425 29 55 0 0 0.29
3426 28 65 0 0 0.28
3427 23 69 0 0 0.23
3428 19 73 0 0 0.19
3429 21 71 0 0 0.21
3430 28 60 0 0 0.28
3431 40 44 0 0 0.4
3432 56 32 0 0 0.56
3433 68 21 0 0 0.68
3434 79 18 0 0 0.79
3435 82 16 0 0 0.82
3436 84 16 0 0 0.84
3437 84 16 0 0 0.84
3438 84 16 0 0 0.84
3439 84 16 0 0 0.84
3440 84 16 0 0 0.84
3441 84 16 0 0 0.84
3442 84 16 0 0 0.84
3443 84 16 0 0 0.84
3444 84 16 0 0 0.84
3445 84 16 0 0 0.84
3446 84 16 0 0 0.84
