1 79 49 40 0.4 0.79
2 95 46 45 0.45 0.95
3 99 42 41 0.41 0.99
4 99 43 42 0.42 0.99
5 96 43 40 0.4 0.96
6 89 48 38 0.38 0.89
7 86 48 36 0.36 0.86
8 88 47 36 0.36 0.88
9 76 49 31 0.31 0.76
10 62 55 28 0.28 0.62
11 57 59 22 0.22 0.57
12 53 55 14 0.14 0.53
13 53 42 9 0.09 0.53
14 51 38 7 0.07 0.51
15 35 42 2 0.02 0.35
16 32 41 3 0.03 0.32
17 46 32 0 0 0.46
18 49 22 0 0 0.49
19 25 29 0 0 0.25
20 22 32 0 0 0.22
21 25 33 0 0 0.25
22 36 29 0 0 0.36
23 38 27 0 0 0.38
24 29 35 0 0 0.29
25 30 41 0 0 0.3
26 32 34 0 0 0.32
27 37 29 0 0 0.37
28 28 31 0 0 0.28
29 25 31 0 0 0.25
30 26 30 0 0 0.26
31 27 14 0 0 0.27
32 36 15 0 0 0.36
33 24 20 0 0 0.24
34 15 30 0 0 0.15
35 14 30 0 0 0.14
36 21 24 0 0 0.21
37 33 14 0 0 0.33
38 37 17 0 0 0.37
39 20 19 0 0 0.2
40 16 31 0 0 0.16
41 15 31 0 0 0.15
42 19 22 0 0 0.19
43 34 19 0 0 0.34
44 28 20 0 0 0.28
45 24 24 0 0 0.24
46 17 33 0 0 0.17
47 23 23 0 0 0.23
48 29 22 0 0 0.29
49 25 24 0 0 0.25
50 30 30 0 0 0.3
51 26 28 0 0 0.26
52 24 39 0 0 0.24
53 23 31 0 0 0.23
54 31 28 0 0 0.31
55 41 25 0 0 0.41
56 33 31 0 0 0.33
57 23 36 0 0 0.23
58 23 37 0 0 0.23
59 30 25 0 0 0.3
60 33 16 0 0 0.33
61 28 22 0 0 0.28
62 17 32 0 0 0.17
63 9 31 0 0 0.09
64 18 18 0 0 0.18
65 27 12 0 0 0.27
66 35 11 0 0 0.35
67 19 21 0 0 0.19
68 14 38 0 0 0.14
69 21 29 0 0 0.21
70 27 14 0 0 0.27
71 24 12 0 0 0.24
72 29 18 0 0 0.29
73 17 20 0 0 0.17
74 18 34 0 0 0.18
75 18 32 0 0 0.18
76 30 19 0 0 0.3
77 37 15 0 0 0.37
78 28 23 0 0 0.28
79 20 40 0 0 0.2
80 22 39 0 0 0.22
81 40 23 0 0 0.4
82 35 20 0 0 0.35
83 22 28 0 0 0.22
84 14 34 0 0 0.14
85 19 24 0 0 0.19
86 30 18 0 0 0.3
87 29 18 0 0 0.29
88 22 22 0 0 0.22
89 24 29 0 0 0.24
90 27 37 0 0 0.27
91 30 34 0 0 0.3
92 37 33 0 0 0.37
93 35 30 0 0 0.35
94 34 37 0 0 0.34
95 26 36 0 0 0.26
96 25 37 0 0 0.25
97 33 34 0 0 0.33
98 37 25 0 0 0.37
99 30 25 0 0 0.3
100 22 29 0 0 0.22
101 25 29 0 0 0.25
102 28 25 0 0 0.28
103 29 19 0 0 0.29
104 27 24 0 0 0.27
105 27 35 0 0 0.27
106 29 29 0 0 0.29
107 31 30 0 0 0.31
108 37 30 0 0 0.37
109 37 34 0 0 0.37
110 23 41 0 0 0.23
111 21 35 0 0 0.21
112 29 20 0 0 0.29
113 31 17 0 0 0.31
114 25 23 0 0 0.25
115 19 25 0 0 0.19
116 20 26 0 0 0.2
117 24 21 0 0 0.24
118 32 21 0 0 0.32
119 26 28 0 0 0.26
120 23 34 0 0 0.23
121 28 36 0 0 0.28
122 36 27 0 0 0.36
123 40 30 0 0 0.4
124 33 34 0 0 0.33
125 31 34 0 0 0.31
126 32 28 0 0 0.32
127 30 26 0 0 0.3
128 27 31 0 0 0.27
129 29 35 0 0 0.29
130 31 34 0 0 0.31
131 30 27 0 0 0.3
132 31 32 0 0 0.31
133 33 34 0 0 0.33
134 33 26 0 0 0.33
135 30 23 0 0 0.3
136 30 20 0 0 0.3
137 23 25 0 0 0.23
138 18 32 0 0 0.18
139 21 28 0 0 0.21
140 21 25 0 0 0.21
141 25 14 0 0 0.25
142 29 18 0 0 0.29
143 25 19 0 0 0.25
144 24 29 0 0 0.24
145 23 34 0 0 0.23
146 25 26 0 0 0.25
147 28 22 0 0 0.28
148 24 25 0 0 0.24
149 21 25 0 0 0.21
150 25 23 0 0 0.25
151 32 23 0 0 0.32
152 29 23 0 0 0.29
153 26 26 0 0 0.26
154 24 27 0 0 0.24
155 28 20 0 0 0.28
156 20 19 0 0 0.2
157 14 18 0 0 0.14
158 17 27 0 0 0.17
159 16 21 0 0 0.16
160 21 15 0 0 0.21
161 24 16 0 0 0.24
162 18 14 0 0 0.18
163 15 18 0 0 0.15
164 18 23 0 0 0.18
165 18 22 0 0 0.18
166 22 19 0 0 0.22
167 25 18 0 0 0.25
168 26 20 0 0 0.26
169 22 25 0 0 0.22
170 20 29 0 0 0.2
171 25 29 0 0 0.25
172 29 23 0 0 0.29
173 31 25 0 0 0.31
174 23 29 0 0 0.23
175 18 31 0 0 0.18
176 21 24 0 0 0.21
177 21 18 0 0 0.21
178 26 12 0 0 0.26
179 27 16 0 0 0.27
180 16 32 0 0 0.16
181 18 32 0 0 0.18
182 28 19 0 0 0.28
183 31 18 0 0 0.31
184 23 28 0 0 0.23
185 22 26 0 0 0.22
186 29 35 0 0 0.29
187 31 25 0 0 0.31
188 35 26 0 0 0.35
189 33 23 0 0 0.33
190 29 35 0 0 0.29
191 23 36 0 0 0.23
192 27 31 0 0 0.27
193 31 18 0 0 0.31
194 34 23 0 0 0.34
195 23 30 0 0 0.23
196 22 33 0 0 0.22
197 21 23 0 0 0.21
198 25 26 0 0 0.25
199 26 27 0 0 0.26
200 28 27 0 0 0.28
201 35 24 0 0 0.35
202 30 26 0 0 0.3
203 25 28 0 0 0.25
204 26 33 0 0 0.26
205 25 25 0 0 0.25
206 23 26 0 0 0.23
207 26 20 0 0 0.26
208 33 22 0 0 0.33
209 17 25 0 0 0.17
210 21 29 0 0 0.21
211 26 26 0 0 0.26
212 32 18 0 0 0.32
213 28 19 0 0 0.28
214 20 21 0 0 0.2
215 13 28 0 0 0.13
216 12 22 0 0 0.12
217 15 15 0 0 0.15
218 17 7 0 0 0.17
219 20 10 0 0 0.2
220 12 11 0 0 0.12
221 11 15 0 0 0.11
222 14 18 0 0 0.14
223 20 24 0 0 0.2
224 24 23 0 0 0.24
225 26 23 0 0 0.26
226 27 26 0 0 0.27
227 28 25 0 0 0.28
228 26 28 0 0 0.26
229 29 30 0 0 0.29
230 37 28 0 0 0.37
231 32 24 0 0 0.32
232 24 29 0 0 0.24
233 24 35 0 0 0.24
234 23 28 0 0 0.23
235 29 17 0 0 0.29
236 22 17 0 0 0.22
237 22 24 0 0 0.22
238 21 26 0 0 0.21
239 32 28 0 0 0.32
240 27 26 0 0 0.27
241 22 25 0 0 0.22
242 30 28 0 0 0.3
243 33 24 0 0 0.33
244 29 26 0 0 0.29
245 31 24 0 0 0.31
246 30 25 0 0 0.3
247 22 28 0 0 0.22
248 22 36 0 0 0.22
249 29 30 0 0 0.29
250 35 29 0 0 0.35
251 34 34 0 0 0.34
252 25 34 0 0 0.25
253 21 33 0 0 0.21
254 28 28 0 0 0.28
255 33 26 0 0 0.33
256 32 26 0 0 0.32
257 29 26 0 0 0.29
258 20 31 0 0 0.2
259 20 29 0 0 0.2
260 28 25 0 0 0.28
261 38 21 0 0 0.38
262 29 26 0 0 0.29
263 24 33 0 0 0.24
264 27 33 0 0 0.27
265 32 28 0 0 0.32
266 26 20 0 0 0.26
267 24 17 0 0 0.24
268 19 25 0 0 0.19
269 15 29 0 0 0.15
270 23 27 0 0 0.23
271 26 18 0 0 0.26
272 29 27 0 0 0.29
273 26 38 0 0 0.26
274 33 27 0 0 0.33
275 33 29 0 0 0.33
276 34 34 0 0 0.34
277 29 33 0 0 0.29
278 28 37 0 0 0.28
279 41 39 0 0 0.41
280 42 34 0 0 0.42
281 35 34 0 0 0.35
282 23 31 0 0 0.23
283 32 36 0 0 0.32
284 30 24 0 0 0.3
285 34 19 0 0 0.34
286 31 32 0 0 0.31
287 16 32 0 0 0.16
288 20 27 0 0 0.2
289 20 18 0 0 0.2
290 26 15 0 0 0.26
291 21 20 0 0 0.21
292 24 25 0 0 0.24
293 18 19 0 0 0.18
294 15 27 0 0 0.15
295 22 25 0 0 0.22
296 34 16 0 0 0.34
297 32 25 0 0 0.32
298 23 32 0 0 0.23
299 23 35 0 0 0.23
300 25 32 0 0 0.25
301 36 21 0 0 0.36
302 30 20 0 0 0.3
303 16 26 0 0 0.16
304 13 33 0 0 0.13
305 22 21 0 0 0.22
306 29 9 0 0 0.29
307 29 15 0 0 0.29
308 19 29 0 0 0.19
309 15 37 0 0 0.15
310 21 35 0 0 0.21
311 38 19 0 0 0.38
312 46 19 0 0 0.46
313 27 29 0 0 0.27
314 17 45 0 0 0.17
315 22 27 0 0 0.22
316 32 18 0 0 0.32
317 32 14 0 0 0.32
318 21 26 0 0 0.21
319 14 35 0 0 0.14
320 19 37 0 0 0.19
321 24 17 0 0 0.24
322 34 13 0 0 0.34
323 30 23 0 0 0.3
324 13 42 0 0 0.13
325 18 27 0 0 0.18
326 40 20 0 0 0.4
327 35 25 0 0 0.35
328 27 31 0 0 0.27
329 13 36 0 0 0.13
330 23 29 0 0 0.23
331 29 18 0 0 0.29
332 30 17 0 0 0.3
333 23 24 0 0 0.23
334 17 31 0 0 0.17
335 23 27 0 0 0.23
336 29 24 0 0 0.29
337 28 29 0 0 0.28
338 25 26 0 0 0.25
339 26 32 0 0 0.26
340 27 29 0 0 0.27
341 32 24 0 0 0.32
342 31 31 0 0 0.31
343 37 40 0 0 0.37
344 41 36 0 0 0.41
345 46 30 0 0 0.46
346 39 27 0 0 0.39
347 29 40 0 0 0.29
348 22 48 0 0 0.22
349 35 34 0 0 0.35
350 47 20 0 0 0.47
351 35 31 0 0 0.35
352 17 45 0 0 0.17
353 22 35 0 0 0.22
354 25 22 0 0 0.25
355 38 18 0 0 0.38
356 28 21 0 0 0.28
357 28 27 0 0 0.28
358 20 30 0 0 0.2
359 28 31 0 0 0.28
360 37 29 0 0 0.37
361 34 27 0 0 0.34
362 34 28 0 0 0.34
363 26 32 0 0 0.26
364 26 38 0 0 0.26
365 27 34 0 0 0.27
366 30 21 0 0 0.3
367 35 17 0 0 0.35
368 25 21 0 0 0.25
369 15 30 0 0 0.15
370 15 22 0 0 0.15
371 25 16 0 0 0.25
372 29 9 0 0 0.29
373 14 14 0 0 0.14
374 6 20 0 0 0.06
375 6 21 0 0 0.06
376 9 24 0 0 0.09
377 16 11 0 0 0.16
378 34 9 0 0 0.34
379 30 15 0 0 0.3
380 16 20 0 0 0.16
381 15 28 0 0 0.15
382 13 27 0 0 0.13
383 16 18 0 0 0.16
384 27 14 0 0 0.27
385 27 15 0 0 0.27
386 25 23 0 0 0.25
387 21 33 0 0 0.21
388 20 32 0 0 0.2
389 21 21 0 0 0.21
390 28 16 0 0 0.28
391 27 22 0 0 0.27
392 19 28 0 0 0.19
393 23 30 0 0 0.23
394 27 31 0 0 0.27
395 29 24 0 0 0.29
396 26 24 0 0 0.26
397 27 31 0 0 0.27
398 24 36 0 0 0.24
399 35 27 0 0 0.35
400 40 24 0 0 0.4
401 27 25 0 0 0.27
402 24 34 0 0 0.24
403 22 29 0 0 0.22
404 30 19 0 0 0.3
405 27 21 0 0 0.27
406 25 30 0 0 0.25
407 20 26 0 0 0.2
408 27 27 0 0 0.27
409 27 29 0 0 0.27
410 30 30 0 0 0.3
411 28 29 0 0 0.28
412 29 33 0 0 0.29
413 33 26 0 0 0.33
414 41 20 0 0 0.41
415 25 27 0 0 0.25
416 24 40 0 0 0.24
417 27 35 0 0 0.27
418 31 24 0 0 0.31
419 34 18 0 0 0.34
420 26 23 0 0 0.26
421 20 33 0 0 0.2
422 17 34 0 0 0.17
423 19 22 0 0 0.19
424 23 19 0 0 0.23
425 30 15 0 0 0.3
426 30 21 0 0 0.3
427 23 30 0 0 0.23
428 24 35 0 0 0.24
429 29 24 0 0 0.29
430 30 23 0 0 0.3
431 28 30 0 0 0.28
432 25 34 0 0 0.25
433 23 34 0 0 0.23
434 30 26 0 0 0.3
435 33 27 0 0 0.33
436 35 30 0 0 0.35
437 25 40 0 0 0.25
438 21 35 0 0 0.21
439 27 29 0 0 0.27
440 32 20 0 0 0.32
441 30 24 0 0 0.3
442 25 36 0 0 0.25
443 24 43 0 0 0.24
444 36 32 0 0 0.36
445 50 24 0 0 0.5
446 37 28 0 0 0.37
447 21 34 0 0 0.21
448 15 36 0 0 0.15
449 18 26 0 0 0.18
450 30 18 0 0 0.3
451 39 18 0 0 0.39
452 30 25 0 0 0.3
453 26 37 0 0 0.26
454 31 43 0 0 0.31
455 32 29 0 0 0.32
456 33 22 0 0 0.33
457 23 21 0 0 0.23
458 24 24 0 0 0.24
459 21 28 0 0 0.21
460 19 25 0 0 0.19
461 22 20 0 0 0.22
462 31 18 0 0 0.31
463 23 22 0 0 0.23
464 20 21 0 0 0.2
465 27 24 0 0 0.27
466 27 26 0 0 0.27
467 31 26 0 0 0.31
468 22 29 0 0 0.22
469 24 31 0 0 0.24
470 20 25 0 0 0.2
471 19 25 0 0 0.19
472 23 23 0 0 0.23
473 22 16 0 0 0.22
474 24 18 0 0 0.24
475 20 21 0 0 0.2
476 18 25 0 0 0.18
477 10 23 0 0 0.1
478 13 18 0 0 0.13
479 14 11 0 0 0.14
480 19 8 0 0 0.19
481 26 13 0 0 0.26
482 18 14 0 0 0.18
483 18 18 0 0 0.18
484 15 27 0 0 0.15
485 18 34 0 0 0.18
486 25 27 0 0 0.25
487 34 22 0 0 0.34
488 36 23 0 0 0.36
489 25 37 0 0 0.25
490 25 39 0 0 0.25
491 34 32 0 0 0.34
492 32 27 0 0 0.32
493 30 29 0 0 0.3
494 18 33 0 0 0.18
495 20 23 0 0 0.2
496 27 19 0 0 0.27
497 29 18 0 0 0.29
498 28 22 0 0 0.28
499 20 31 0 0 0.2
500 18 26 0 0 0.18
501 17 33 0 0 0.17
502 20 21 0 0 0.2
503 37 13 0 0 0.37
504 29 15 0 0 0.29
505 17 21 0 0 0.17
506 11 24 0 0 0.11
507 17 25 0 0 0.17
508 22 17 0 0 0.22
509 30 16 0 0 0.3
510 30 17 0 0 0.3
511 23 19 0 0 0.23
512 16 32 0 0 0.16
513 18 36 0 0 0.18
514 27 31 0 0 0.27
515 36 20 0 0 0.36
516 34 20 0 0 0.34
517 25 24 0 0 0.25
518 16 33 0 0 0.16
519 19 33 0 0 0.19
520 34 23 0 0 0.34
521 39 20 0 0 0.39
522 25 28 0 0 0.25
523 18 37 0 0 0.18
524 24 26 0 0 0.24
525 27 21 0 0 0.27
526 30 23 0 0 0.3
527 25 25 0 0 0.25
528 20 22 0 0 0.2
529 23 29 0 0 0.23
530 23 19 0 0 0.23
531 30 19 0 0 0.3
532 24 28 0 0 0.24
533 23 31 0 0 0.23
534 26 27 0 0 0.26
535 28 28 0 0 0.28
536 29 25 0 0 0.29
537 26 27 0 0 0.26
538 19 31 0 0 0.19
539 28 25 0 0 0.28
540 32 23 0 0 0.32
541 30 18 0 0 0.3
542 22 22 0 0 0.22
543 17 27 0 0 0.17
544 19 29 0 0 0.19
545 27 26 0 0 0.27
546 38 19 0 0 0.38
547 29 30 0 0 0.29
548 19 40 0 0 0.19
549 19 29 0 0 0.19
550 30 23 0 0 0.3
551 33 16 0 0 0.33
552 26 22 0 0 0.26
553 17 35 0 0 0.17
554 15 37 0 0 0.15
555 29 21 0 0 0.29
556 32 13 0 0 0.32
557 32 16 0 0 0.32
558 18 24 0 0 0.18
559 21 30 0 0 0.21
560 17 30 0 0 0.17
561 21 22 0 0 0.21
562 26 17 0 0 0.26
563 28 17 0 0 0.28
564 24 28 0 0 0.24
565 24 31 0 0 0.24
566 24 36 0 0 0.24
567 31 30 0 0 0.31
568 33 27 0 0 0.33
569 34 31 0 0 0.34
570 27 34 0 0 0.27
571 23 31 0 0 0.23
572 30 23 0 0 0.3
573 24 21 0 0 0.24
574 23 26 0 0 0.23
575 18 26 0 0 0.18
576 19 22 0 0 0.19
577 36 23 0 0 0.36
578 34 29 0 0 0.34
579 22 32 0 0 0.22
580 23 32 0 0 0.23
581 32 26 0 0 0.32
582 31 22 0 0 0.31
583 27 28 0 0 0.27
584 27 33 0 0 0.27
585 37 31 0 0 0.37
586 36 28 0 0 0.36
587 30 36 0 0 0.3
588 31 36 0 0 0.31
589 29 27 0 0 0.29
590 30 24 0 0 0.3
591 20 24 0 0 0.2
592 19 26 0 0 0.19
593 27 17 0 0 0.27
594 28 17 0 0 0.28
595 20 17 0 0 0.2
596 22 24 0 0 0.22
597 21 25 0 0 0.21
598 27 24 0 0 0.27
599 24 23 0 0 0.24
600 22 28 0 0 0.22
601 21 28 0 0 0.21
602 35 19 0 0 0.35
603 28 16 0 0 0.28
604 15 28 0 0 0.15
605 16 37 0 0 0.16
606 28 24 0 0 0.28
607 38 16 0 0 0.38
608 36 25 0 0 0.36
609 21 35 0 0 0.21
610 22 45 0 0 0.22
611 37 24 0 0 0.37
612 44 18 0 0 0.44
613 25 30 0 0 0.25
614 20 41 0 0 0.2
615 29 34 0 0 0.29
616 38 23 0 0 0.38
617 34 22 0 0 0.34
618 30 28 0 0 0.3
619 18 32 0 0 0.18
620 24 31 0 0 0.24
621 31 27 0 0 0.31
622 38 25 0 0 0.38
623 28 34 0 0 0.28
624 24 37 0 0 0.24
625 29 33 0 0 0.29
626 26 25 0 0 0.26
627 25 25 0 0 0.25
628 29 22 0 0 0.29
629 28 33 0 0 0.28
630 28 34 0 0 0.28
631 33 28 0 0 0.33
632 34 22 0 0 0.34
633 27 22 0 0 0.27
634 26 26 0 0 0.26
635 24 28 0 0 0.24
636 23 27 0 0 0.23
637 22 28 0 0 0.22
638 31 21 0 0 0.31
639 35 26 0 0 0.35
640 31 33 0 0 0.31
641 31 43 0 0 0.31
642 36 36 0 0 0.36
643 44 28 0 0 0.44
644 36 33 0 0 0.36
645 24 41 0 0 0.24
646 30 35 0 0 0.3
647 38 29 0 0 0.38
648 40 23 0 0 0.4
649 24 32 0 0 0.24
650 25 37 0 0 0.25
651 36 30 0 0 0.36
652 40 26 0 0 0.4
653 36 32 0 0 0.36
654 28 32 0 0 0.28
655 28 33 0 0 0.28
656 29 28 0 0 0.29
657 33 26 0 0 0.33
658 34 30 0 0 0.34
659 29 32 0 0 0.29
660 28 35 0 0 0.28
661 33 34 0 0 0.33
662 35 27 0 0 0.35
663 33 26 0 0 0.33
664 30 33 0 0 0.3
665 27 31 0 0 0.27
666 30 30 0 0 0.3
667 31 31 0 0 0.31
668 34 32 0 0 0.34
669 31 36 0 0 0.31
670 32 31 0 0 0.32
671 27 32 0 0 0.27
672 33 27 0 0 0.33
673 32 33 0 0 0.32
674 34 37 0 0 0.34
675 39 30 0 0 0.39
676 29 26 0 0 0.29
677 22 26 0 0 0.22
678 21 23 0 0 0.21
679 25 21 0 0 0.25
680 35 22 0 0 0.35
681 29 38 0 0 0.29
682 25 42 0 0 0.25
683 31 39 0 0 0.31
684 46 29 0 0 0.46
685 35 28 0 0 0.35
686 32 38 0 0 0.32
687 28 42 0 0 0.28
688 35 37 0 0 0.35
689 42 30 0 0 0.42
690 39 33 0 0 0.39
691 26 33 0 0 0.26
692 31 30 0 0 0.31
693 30 23 0 0 0.3
694 30 30 0 0 0.3
695 25 25 0 0 0.25
696 34 29 0 0 0.34
697 32 29 0 0 0.32
698 31 29 0 0 0.31
699 21 30 0 0 0.21
700 26 33 0 0 0.26
701 32 31 0 0 0.32
702 36 30 0 0 0.36
703 30 32 0 0 0.3
704 32 40 0 0 0.32
705 31 41 0 0 0.31
706 40 34 0 0 0.4
707 35 32 0 0 0.35
708 32 37 0 0 0.32
709 23 28 0 0 0.23
710 30 23 0 0 0.3
711 29 20 0 0 0.29
712 28 27 0 0 0.28
713 19 36 0 0 0.19
714 22 30 0 0 0.22
715 32 20 0 0 0.32
716 31 23 0 0 0.31
717 29 23 0 0 0.29
718 27 26 0 0 0.27
719 24 26 0 0 0.24
720 28 31 0 0 0.28
721 33 36 0 0 0.33
722 30 30 0 0 0.3
723 28 27 0 0 0.28
724 32 27 0 0 0.32
725 30 35 0 0 0.3
726 30 28 0 0 0.3
727 26 18 0 0 0.26
728 27 27 0 0 0.27
729 22 30 0 0 0.22
730 27 34 0 0 0.27
731 33 32 0 0 0.33
732 45 23 0 0 0.45
733 29 32 0 0 0.29
734 25 36 0 0 0.25
735 35 34 0 0 0.35
736 34 26 0 0 0.34
737 34 31 0 0 0.34
738 31 36 0 0 0.31
739 31 35 0 0 0.31
740 34 36 0 0 0.34
741 43 34 0 0 0.43
742 36 34 0 0 0.36
743 33 34 0 0 0.33
744 26 40 0 0 0.26
745 32 34 0 0 0.32
746 36 23 0 0 0.36
747 30 27 0 0 0.3
748 25 28 0 0 0.25
749 17 31 0 0 0.17
750 15 27 0 0 0.15
751 23 18 0 0 0.23
752 29 7 0 0 0.29
753 25 11 0 0 0.25
754 8 17 0 0 0.08
755 7 20 0 0 0.07
756 7 20 0 0 0.07
757 11 10 0 0 0.11
758 18 12 0 0 0.18
759 27 12 0 0 0.27
760 21 15 0 0 0.21
761 18 26 0 0 0.18
762 16 29 0 0 0.16
763 20 23 0 0 0.2
764 28 15 0 0 0.28
765 34 19 0 0 0.34
766 24 23 0 0 0.24
767 20 29 0 0 0.2
768 17 25 0 0 0.17
769 24 21 0 0 0.24
770 27 15 0 0 0.27
771 19 20 0 0 0.19
772 19 31 0 0 0.19
773 20 31 0 0 0.2
774 32 25 0 0 0.32
775 41 20 0 0 0.41
776 30 23 0 0 0.3
777 24 35 0 0 0.24
778 22 31 0 0 0.22
779 28 24 0 0 0.28
780 36 22 0 0 0.36
781 29 25 0 0 0.29
782 26 25 0 0 0.26
783 23 38 0 0 0.23
784 24 25 0 0 0.24
785 32 28 0 0 0.32
786 37 27 0 0 0.37
787 28 40 0 0 0.28
788 19 40 0 0 0.19
789 23 30 0 0 0.23
790 33 19 0 0 0.33
791 34 27 0 0 0.34
792 18 33 0 0 0.18
793 18 32 0 0 0.18
794 25 24 0 0 0.25
795 36 19 0 0 0.36
796 31 24 0 0 0.31
797 19 34 0 0 0.19
798 16 33 0 0 0.16
799 23 22 0 0 0.23
800 37 17 0 0 0.37
801 30 20 0 0 0.3
802 17 35 0 0 0.17
803 14 36 0 0 0.14
804 28 20 0 0 0.28
805 39 14 0 0 0.39
806 27 17 0 0 0.27
807 23 27 0 0 0.23
808 25 34 0 0 0.25
809 29 36 0 0 0.29
810 35 21 0 0 0.35
811 39 24 0 0 0.39
812 23 31 0 0 0.23
813 20 31 0 0 0.2
814 29 27 0 0 0.29
815 28 27 0 0 0.28
816 29 34 0 0 0.29
817 34 34 0 0 0.34
818 40 31 0 0 0.4
819 36 33 0 0 0.36
820 34 42 0 0 0.34
821 30 38 0 0 0.3
822 37 28 0 0 0.37
823 36 31 0 0 0.36
824 30 40 0 0 0.3
825 28 35 0 0 0.28
826 33 28 0 0 0.33
827 31 22 0 0 0.31
828 28 24 0 0 0.28
829 29 30 0 0 0.29
830 26 26 0 0 0.26
831 28 27 0 0 0.28
832 24 23 0 0 0.24
833 25 20 0 0 0.25
834 28 16 0 0 0.28
835 26 23 0 0 0.26
836 21 32 0 0 0.21
837 19 33 0 0 0.19
838 19 19 0 0 0.19
839 32 19 0 0 0.32
840 26 19 0 0 0.26
841 16 29 0 0 0.16
842 12 27 0 0 0.12
843 12 19 0 0 0.12
844 18 18 0 0 0.18
845 22 18 0 0 0.22
846 28 17 0 0 0.28
847 22 21 0 0 0.22
848 14 33 0 0 0.14
849 14 26 0 0 0.14
850 23 21 0 0 0.23
851 29 13 0 0 0.29
852 28 14 0 0 0.28
853 23 25 0 0 0.23
854 14 35 0 0 0.14
855 12 34 0 0 0.12
856 18 17 0 0 0.18
857 28 10 0 0 0.28
858 27 10 0 0 0.27
859 24 16 0 0 0.24
860 14 16 0 0 0.14
861 11 19 0 0 0.11
862 12 16 0 0 0.12
863 15 20 0 0 0.15
864 16 20 0 0 0.16
865 23 20 0 0 0.23
866 29 25 0 0 0.29
867 31 26 0 0 0.31
868 23 32 0 0 0.23
869 24 39 0 0 0.24
870 27 27 0 0 0.27
871 31 17 0 0 0.31
872 32 23 0 0 0.32
873 20 32 0 0 0.2
874 17 34 0 0 0.17
875 26 22 0 0 0.26
876 26 22 0 0 0.26
877 28 25 0 0 0.28
878 26 29 0 0 0.26
879 28 30 0 0 0.28
880 25 28 0 0 0.25
881 29 27 0 0 0.29
882 31 33 0 0 0.31
883 27 33 0 0 0.27
884 29 29 0 0 0.29
885 24 26 0 0 0.24
886 24 28 0 0 0.24
887 27 25 0 0 0.27
888 24 25 0 0 0.24
889 28 22 0 0 0.28
890 29 23 0 0 0.29
891 21 27 0 0 0.21
892 25 32 0 0 0.25
893 28 25 0 0 0.28
894 31 27 0 0 0.31
895 29 24 0 0 0.29
896 27 30 0 0 0.27
897 23 21 0 0 0.23
898 28 20 0 0 0.28
899 31 21 0 0 0.31
900 24 25 0 0 0.24
901 20 23 0 0 0.2
902 16 24 0 0 0.16
903 23 27 0 0 0.23
904 28 21 0 0 0.28
905 30 18 0 0 0.3
906 29 28 0 0 0.29
907 20 27 0 0 0.2
908 22 29 0 0 0.22
909 15 23 0 0 0.15
910 13 14 0 0 0.13
911 24 14 0 0 0.24
912 26 15 0 0 0.26
913 20 25 0 0 0.2
914 15 32 0 0 0.15
915 22 34 0 0 0.22
916 30 18 0 0 0.3
917 26 14 0 0 0.26
918 22 17 0 0 0.22
919 18 22 0 0 0.18
920 15 34 0 0 0.15
921 25 27 0 0 0.25
922 35 9 0 0 0.35
923 28 15 0 0 0.28
924 19 24 0 0 0.19
925 13 42 0 0 0.13
926 17 32 0 0 0.17
927 38 16 0 0 0.38
928 33 14 0 0 0.33
929 19 22 0 0 0.19
930 14 27 0 0 0.14
931 16 33 0 0 0.16
932 23 14 0 0 0.23
933 24 9 0 0 0.24
934 20 13 0 0 0.2
935 18 18 0 0 0.18
936 18 17 0 0 0.18
937 18 20 0 0 0.18
938 15 22 0 0 0.15
939 18 28 0 0 0.18
940 28 23 0 0 0.28
941 37 20 0 0 0.37
942 26 28 0 0 0.26
943 22 37 0 0 0.22
944 23 27 0 0 0.23
945 27 17 0 0 0.27
946 27 19 0 0 0.27
947 25 21 0 0 0.25
948 20 22 0 0 0.2
949 19 25 0 0 0.19
950 18 33 0 0 0.18
951 35 21 0 0 0.35
952 31 18 0 0 0.31
953 27 21 0 0 0.27
954 21 33 0 0 0.21
955 21 31 0 0 0.21
956 27 26 0 0 0.27
957 35 31 0 0 0.35
958 29 32 0 0 0.29
959 29 42 0 0 0.29
960 29 29 0 0 0.29
961 38 28 0 0 0.38
962 32 25 0 0 0.32
963 26 31 0 0 0.26
964 19 29 0 0 0.19
965 21 29 0 0 0.21
966 33 24 0 0 0.33
967 31 28 0 0 0.31
968 23 26 0 0 0.23
969 21 25 0 0 0.21
970 27 23 0 0 0.27
971 33 23 0 0 0.33
972 26 29 0 0 0.26
973 22 33 0 0 0.22
974 31 28 0 0 0.31
975 35 26 0 0 0.35
976 32 29 0 0 0.32
977 24 28 0 0 0.24
978 33 28 0 0 0.33
979 35 27 0 0 0.35
980 28 33 0 0 0.28
981 28 35 0 0 0.28
982 38 29 0 0 0.38
983 37 31 0 0 0.37
984 31 36 0 0 0.31
985 28 39 0 0 0.28
986 35 33 0 0 0.35
987 37 31 0 0 0.37
988 30 33 0 0 0.3
989 30 33 0 0 0.3
990 34 33 0 0 0.34
991 38 29 0 0 0.38
992 35 24 0 0 0.35
993 31 21 0 0 0.31
994 26 29 0 0 0.26
995 27 39 0 0 0.27
996 28 36 0 0 0.28
997 30 25 0 0 0.3
998 30 30 0 0 0.3
999 32 31 0 0 0.32
1000 22 30 0 0 0.22
1001 24 32 0 0 0.24
1002 32 24 0 0 0.32
1003 34 28 0 0 0.34
1004 33 37 0 0 0.33
1005 33 36 0 0 0.33
1006 35 31 0 0 0.35
1007 37 34 0 0 0.37
1008 31 33 0 0 0.31
1009 26 33 0 0 0.26
1010 28 35 0 0 0.28
1011 28 29 0 0 0.28
1012 36 28 0 0 0.36
1013 27 32 0 0 0.27
1014 23 29 0 0 0.23
1015 23 30 0 0 0.23
1016 35 25 0 0 0.35
1017 37 16 0 0 0.37
1018 24 22 0 0 0.24
1019 17 27 0 0 0.17
1020 18 26 0 0 0.18
1021 26 22 0 0 0.26
1022 35 26 0 0 0.35
1023 25 28 0 0 0.25
1024 24 33 0 0 0.24
1025 27 29 0 0 0.27
1026 39 23 0 0 0.39
1027 25 19 0 0 0.25
1028 24 27 0 0 0.24
1029 15 26 0 0 0.15
1030 23 21 0 0 0.23
1031 25 22 0 0 0.25
1032 27 29 0 0 0.27
1033 27 28 0 0 0.27
1034 26 29 0 0 0.26
1035 18 25 0 0 0.18
1036 27 22 0 0 0.27
1037 33 27 0 0 0.33
1038 30 35 0 0 0.3
1039 23 40 0 0 0.23
1040 26 27 0 0 0.26
1041 31 19 0 0 0.31
1042 32 28 0 0 0.32
1043 22 33 0 0 0.22
1044 23 35 0 0 0.23
1045 22 23 0 0 0.22
1046 33 23 0 0 0.33
1047 29 26 0 0 0.29
1048 27 32 0 0 0.27
1049 24 30 0 0 0.24
1050 21 23 0 0 0.21
1051 22 25 0 0 0.22
1052 21 26 0 0 0.21
1053 28 19 0 0 0.28
1054 21 16 0 0 0.21
1055 19 16 0 0 0.19
1056 24 18 0 0 0.24
1057 23 25 0 0 0.23
1058 16 26 0 0 0.16
1059 16 27 0 0 0.16
1060 18 28 0 0 0.18
1061 24 25 0 0 0.24
1062 33 22 0 0 0.33
1063 35 24 0 0 0.35
1064 28 33 0 0 0.28
1065 20 32 0 0 0.2
1066 19 31 0 0 0.19
1067 26 24 0 0 0.26
1068 26 26 0 0 0.26
1069 19 19 0 0 0.19
1070 21 23 0 0 0.21
1071 33 24 0 0 0.33
1072 26 28 0 0 0.26
1073 22 29 0 0 0.22
1074 25 27 0 0 0.25
1075 28 28 0 0 0.28
1076 32 27 0 0 0.32
1077 38 30 0 0 0.38
1078 26 32 0 0 0.26
1079 19 33 0 0 0.19
1080 24 27 0 0 0.24
1081 30 22 0 0 0.3
1082 26 21 0 0 0.26
1083 26 26 0 0 0.26
1084 24 34 0 0 0.24
1085 29 36 0 0 0.29
1086 33 22 0 0 0.33
1087 34 26 0 0 0.34
1088 33 30 0 0 0.33
1089 28 31 0 0 0.28
1090 26 28 0 0 0.26
1091 30 30 0 0 0.3
1092 26 23 0 0 0.26
1093 30 26 0 0 0.3
1094 25 26 0 0 0.25
1095 20 27 0 0 0.2
1096 22 24 0 0 0.22
1097 29 24 0 0 0.29
1098 29 20 0 0 0.29
1099 25 21 0 0 0.25
1100 26 25 0 0 0.26
1101 27 32 0 0 0.27
1102 29 29 0 0 0.29
1103 26 23 0 0 0.26
1104 32 27 0 0 0.32
1105 32 22 0 0 0.32
1106 34 20 0 0 0.34
1107 29 23 0 0 0.29
1108 17 31 0 0 0.17
1109 16 28 0 0 0.16
1110 15 20 0 0 0.15
1111 21 16 0 0 0.21
1112 22 14 0 0 0.22
1113 25 20 0 0 0.25
1114 22 24 0 0 0.22
1115 22 29 0 0 0.22
1116 27 33 0 0 0.27
1117 34 28 0 0 0.34
1118 36 30 0 0 0.36
1119 30 32 0 0 0.3
1120 30 39 0 0 0.3
1121 33 33 0 0 0.33
1122 34 29 0 0 0.34
1123 34 29 0 0 0.34
1124 31 31 0 0 0.31
1125 23 31 0 0 0.23
1126 18 27 0 0 0.18
1127 33 26 0 0 0.33
1128 32 25 0 0 0.32
1129 27 33 0 0 0.27
1130 22 27 0 0 0.22
1131 24 31 0 0 0.24
1132 27 30 0 0 0.27
1133 31 26 0 0 0.31
1134 33 15 0 0 0.33
1135 25 18 0 0 0.25
1136 16 26 0 0 0.16
1137 13 33 0 0 0.13
1138 19 24 0 0 0.19
1139 30 24 0 0 0.3
1140 40 18 0 0 0.4
1141 22 29 0 0 0.22
1142 17 31 0 0 0.17
1143 17 24 0 0 0.17
1144 22 20 0 0 0.22
1145 27 17 0 0 0.27
1146 27 20 0 0 0.27
1147 30 25 0 0 0.3
1148 20 31 0 0 0.2
1149 25 29 0 0 0.25
1150 28 34 0 0 0.28
1151 31 27 0 0 0.31
1152 28 25 0 0 0.28
1153 23 21 0 0 0.23
1154 17 27 0 0 0.17
1155 15 24 0 0 0.15
1156 20 20 0 0 0.2
1157 28 21 0 0 0.28
1158 30 28 0 0 0.3
1159 32 28 0 0 0.32
1160 22 28 0 0 0.22
1161 22 29 0 0 0.22
1162 22 28 0 0 0.22
1163 33 22 0 0 0.33
1164 30 20 0 0 0.3
1165 28 25 0 0 0.28
1166 24 34 0 0 0.24
1167 26 36 0 0 0.26
1168 36 21 0 0 0.36
1169 31 23 0 0 0.31
1170 24 30 0 0 0.24
1171 19 30 0 0 0.19
1172 25 25 0 0 0.25
1173 25 20 0 0 0.25
1174 26 23 0 0 0.26
1175 29 29 0 0 0.29
1176 26 32 0 0 0.26
1177 27 34 0 0 0.27
1178 36 31 0 0 0.36
1179 39 23 0 0 0.39
1180 31 24 0 0 0.31
1181 25 31 0 0 0.25
1182 20 32 0 0 0.2
1183 30 27 0 0 0.3
1184 31 26 0 0 0.31
1185 30 26 0 0 0.3
1186 29 28 0 0 0.29
1187 25 31 0 0 0.25
1188 27 33 0 0 0.27
1189 28 25 0 0 0.28
1190 31 26 0 0 0.31
1191 33 27 0 0 0.33
1192 33 29 0 0 0.33
1193 30 27 0 0 0.3
1194 24 38 0 0 0.24
1195 20 31 0 0 0.2
1196 22 24 0 0 0.22
1197 28 17 0 0 0.28
1198 30 17 0 0 0.3
1199 25 19 0 0 0.25
1200 14 25 0 0 0.14
1201 20 35 0 0 0.2
1202 26 25 0 0 0.26
1203 34 22 0 0 0.34
1204 29 22 0 0 0.29
1205 20 33 0 0 0.2
1206 18 28 0 0 0.18
1207 22 29 0 0 0.22
1208 22 18 0 0 0.22
1209 28 18 0 0 0.28
1210 23 21 0 0 0.23
1211 18 27 0 0 0.18
1212 14 28 0 0 0.14
1213 23 19 0 0 0.23
1214 26 18 0 0 0.26
1215 23 27 0 0 0.23
1216 20 22 0 0 0.2
1217 19 20 0 0 0.19
1218 18 25 0 0 0.18
1219 19 19 0 0 0.19
1220 22 17 0 0 0.22
1221 20 20 0 0 0.2
1222 19 20 0 0 0.19
1223 19 17 0 0 0.19
1224 20 18 0 0 0.2
1225 23 20 0 0 0.23
1226 24 19 0 0 0.24
1227 16 20 0 0 0.16
1228 16 21 0 0 0.16
1229 15 22 0 0 0.15
1230 25 20 0 0 0.25
1231 23 23 0 0 0.23
1232 19 26 0 0 0.19
1233 25 27 0 0 0.25
1234 27 23 0 0 0.27
1235 26 21 0 0 0.26
1236 25 25 0 0 0.25
1237 17 24 0 0 0.17
1238 19 26 0 0 0.19
1239 23 19 0 0 0.23
1240 27 16 0 0 0.27
1241 21 16 0 0 0.21
1242 24 18 0 0 0.24
1243 18 25 0 0 0.18
1244 21 26 0 0 0.21
1245 21 20 0 0 0.21
1246 23 17 0 0 0.23
1247 24 12 0 0 0.24
1248 19 17 0 0 0.19
1249 19 21 0 0 0.19
1250 17 25 0 0 0.17
1251 19 24 0 0 0.19
1252 20 23 0 0 0.2
1253 32 21 0 0 0.32
1254 31 22 0 0 0.31
1255 29 18 0 0 0.29
1256 24 28 0 0 0.24
1257 20 35 0 0 0.2
1258 24 32 0 0 0.24
1259 34 23 0 0 0.34
1260 36 28 0 0 0.36
1261 26 31 0 0 0.26
1262 29 38 0 0 0.29
1263 30 35 0 0 0.3
1264 35 23 0 0 0.35
1265 44 27 0 0 0.44
1266 26 37 0 0 0.26
1267 20 46 0 0 0.2
1268 31 30 0 0 0.31
1269 49 18 0 0 0.49
1270 37 21 0 0 0.37
1271 22 34 0 0 0.22
1272 19 44 0 0 0.19
1273 26 28 0 0 0.26
1274 38 17 0 0 0.38
1275 35 16 0 0 0.35
1276 23 26 0 0 0.23
1277 15 36 0 0 0.15
1278 17 29 0 0 0.17
1279 22 23 0 0 0.22
1280 29 18 0 0 0.29
1281 37 19 0 0 0.37
1282 24 24 0 0 0.24
1283 21 30 0 0 0.21
1284 25 29 0 0 0.25
1285 30 26 0 0 0.3
1286 27 27 0 0 0.27
1287 22 32 0 0 0.22
1288 28 34 0 0 0.28
1289 24 24 0 0 0.24
1290 24 23 0 0 0.24
1291 27 16 0 0 0.27
1292 24 20 0 0 0.24
1293 20 22 0 0 0.2
1294 14 24 0 0 0.14
1295 15 27 0 0 0.15
1296 20 14 0 0 0.2
1297 28 11 0 0 0.28
1298 16 17 0 0 0.16
1299 11 13 0 0 0.11
1300 15 18 0 0 0.15
1301 19 21 0 0 0.19
1302 22 20 0 0 0.22
1303 19 25 0 0 0.19
1304 30 23 0 0 0.3
1305 32 28 0 0 0.32
1306 28 35 0 0 0.28
1307 31 31 0 0 0.31
1308 35 31 0 0 0.35
1309 31 30 0 0 0.31
1310 29 33 0 0 0.29
1311 21 33 0 0 0.21
1312 21 33 0 0 0.21
1313 29 24 0 0 0.29
1314 37 24 0 0 0.37
1315 32 29 0 0 0.32
1316 26 33 0 0 0.26
1317 28 35 0 0 0.28
1318 35 25 0 0 0.35
1319 33 24 0 0 0.33
1320 23 33 0 0 0.23
1321 25 36 0 0 0.25
1322 28 30 0 0 0.28
1323 36 23 0 0 0.36
1324 41 28 0 0 0.41
1325 31 27 0 0 0.31
1326 21 38 0 0 0.21
1327 24 22 0 0 0.24
1328 32 21 0 0 0.32
1329 26 23 0 0 0.26
1330 26 38 0 0 0.26
1331 27 36 0 0 0.27
1332 41 24 0 0 0.41
1333 34 18 0 0 0.34
1334 19 20 0 0 0.19
1335 16 29 0 0 0.16
1336 21 21 0 0 0.21
1337 25 31 0 0 0.25
1338 30 25 0 0 0.3
1339 32 32 0 0 0.32
1340 30 29 0 0 0.3
1341 28 33 0 0 0.28
1342 32 35 0 0 0.32
1343 33 31 0 0 0.33
1344 37 29 0 0 0.37
1345 28 33 0 0 0.28
1346 29 31 0 0 0.29
1347 25 22 0 0 0.25
1348 32 22 0 0 0.32
1349 18 23 0 0 0.18
1350 24 29 0 0 0.24
1351 28 32 0 0 0.28
1352 33 32 0 0 0.33
1353 39 29 0 0 0.39
1354 37 33 0 0 0.37
1355 29 29 0 0 0.29
1356 20 28 0 0 0.2
1357 23 30 0 0 0.23
1358 30 26 0 0 0.3
1359 31 15 0 0 0.31
1360 34 27 0 0 0.34
1361 19 36 0 0 0.19
1362 26 37 0 0 0.26
1363 28 22 0 0 0.28
1364 35 18 0 0 0.35
1365 29 19 0 0 0.29
1366 17 33 0 0 0.17
1367 18 31 0 0 0.18
1368 26 31 0 0 0.26
1369 39 27 0 0 0.39
1370 36 21 0 0 0.36
1371 27 34 0 0 0.27
1372 19 39 0 0 0.19
1373 27 37 0 0 0.27
1374 38 22 0 0 0.38
1375 38 24 0 0 0.38
1376 24 37 0 0 0.24
1377 26 42 0 0 0.26
1378 31 27 0 0 0.31
1379 34 21 0 0 0.34
1380 30 21 0 0 0.3
1381 21 23 0 0 0.21
1382 16 27 0 0 0.16
1383 22 27 0 0 0.22
1384 23 20 0 0 0.23
1385 26 20 0 0 0.26
1386 22 27 0 0 0.22
1387 21 29 0 0 0.21
1388 24 26 0 0 0.24
1389 30 21 0 0 0.3
1390 29 24 0 0 0.29
1391 29 35 0 0 0.29
1392 29 36 0 0 0.29
1393 35 28 0 0 0.35
1394 33 24 0 0 0.33
1395 23 27 0 0 0.23
1396 24 32 0 0 0.24
1397 28 30 0 0 0.28
1398 30 27 0 0 0.3
1399 42 24 0 0 0.42
1400 37 27 0 0 0.37
1401 23 27 0 0 0.23
1402 22 40 0 0 0.22
1403 29 27 0 0 0.29
1404 33 18 0 0 0.33
1405 31 24 0 0 0.31
1406 24 29 0 0 0.24
1407 33 33 0 0 0.33
1408 30 25 0 0 0.3
1409 26 27 0 0 0.26
1410 16 27 0 0 0.16
1411 16 29 0 0 0.16
1412 23 16 0 0 0.23
1413 27 20 0 0 0.27
1414 23 20 0 0 0.23
1415 20 23 0 0 0.2
1416 18 24 0 0 0.18
1417 25 19 0 0 0.25
1418 26 16 0 0 0.26
1419 22 25 0 0 0.22
1420 22 28 0 0 0.22
1421 30 29 0 0 0.3
1422 27 30 0 0 0.27
1423 33 32 0 0 0.33
1424 33 35 0 0 0.33
1425 35 31 0 0 0.35
1426 34 37 0 0 0.34
1427 33 31 0 0 0.33
1428 33 28 0 0 0.33
1429 30 28 0 0 0.3
1430 25 33 0 0 0.25
1431 27 23 0 0 0.27
1432 27 27 0 0 0.27
1433 27 28 0 0 0.27
1434 29 27 0 0 0.29
1435 23 36 0 0 0.23
1436 19 31 0 0 0.19
1437 25 20 0 0 0.25
1438 25 12 0 0 0.25
1439 14 23 0 0 0.14
1440 18 25 0 0 0.18
1441 19 21 0 0 0.19
1442 23 15 0 0 0.23
1443 31 17 0 0 0.31
1444 19 25 0 0 0.19
1445 20 29 0 0 0.2
1446 24 27 0 0 0.24
1447 28 23 0 0 0.28
1448 32 19 0 0 0.32
1449 28 25 0 0 0.28
1450 17 29 0 0 0.17
1451 18 30 0 0 0.18
1452 24 24 0 0 0.24
1453 34 18 0 0 0.34
1454 28 21 0 0 0.28
1455 20 29 0 0 0.2
1456 20 24 0 0 0.2
1457 22 28 0 0 0.22
1458 23 29 0 0 0.23
1459 25 20 0 0 0.25
1460 22 25 0 0 0.22
1461 20 19 0 0 0.2
1462 21 16 0 0 0.21
1463 22 21 0 0 0.22
1464 15 20 0 0 0.15
1465 12 23 0 0 0.12
1466 25 22 0 0 0.25
1467 27 19 0 0 0.27
1468 22 19 0 0 0.22
1469 23 24 0 0 0.23
1470 25 22 0 0 0.25
1471 26 28 0 0 0.26
1472 28 27 0 0 0.28
1473 32 28 0 0 0.32
1474 27 37 0 0 0.27
1475 35 33 0 0 0.35
1476 39 24 0 0 0.39
1477 29 25 0 0 0.29
1478 26 30 0 0 0.26
1479 15 29 0 0 0.15
1480 20 31 0 0 0.2
1481 31 20 0 0 0.31
1482 29 21 0 0 0.29
1483 25 25 0 0 0.25
1484 21 33 0 0 0.21
1485 18 28 0 0 0.18
1486 35 25 0 0 0.35
1487 38 19 0 0 0.38
1488 23 28 0 0 0.23
1489 19 34 0 0 0.19
1490 19 31 0 0 0.19
1491 21 14 0 0 0.21
1492 26 17 0 0 0.26
1493 30 14 0 0 0.3
1494 20 22 0 0 0.2
1495 22 22 0 0 0.22
1496 18 24 0 0 0.18
1497 21 31 0 0 0.21
1498 26 22 0 0 0.26
1499 37 24 0 0 0.37
1500 29 33 0 0 0.29
1501 27 37 0 0 0.27
1502 33 31 0 0 0.33
1503 29 24 0 0 0.29
1504 31 24 0 0 0.31
1505 28 31 0 0 0.28
1506 23 35 0 0 0.23
1507 26 36 0 0 0.26
1508 24 26 0 0 0.24
1509 28 23 0 0 0.28
1510 32 20 0 0 0.32
1511 23 20 0 0 0.23
1512 20 21 0 0 0.2
1513 22 27 0 0 0.22
1514 26 31 0 0 0.26
1515 36 26 0 0 0.36
1516 31 23 0 0 0.31
1517 27 29 0 0 0.27
1518 26 30 0 0 0.26
1519 32 29 0 0 0.32
1520 39 28 0 0 0.39
1521 31 26 0 0 0.31
1522 24 28 0 0 0.24
1523 28 29 0 0 0.28
1524 28 33 0 0 0.28
1525 28 28 0 0 0.28
1526 24 29 0 0 0.24
1527 24 21 0 0 0.24
1528 24 15 0 0 0.24
1529 16 16 0 0 0.16
1530 19 25 0 0 0.19
1531 18 25 0 0 0.18
1532 17 24 0 0 0.17
1533 21 17 0 0 0.21
1534 27 15 0 0 0.27
1535 21 17 0 0 0.21
1536 19 18 0 0 0.19
1537 15 20 0 0 0.15
1538 13 20 0 0 0.13
1539 15 22 0 0 0.15
1540 17 20 0 0 0.17
1541 22 18 0 0 0.22
1542 26 19 0 0 0.26
1543 27 27 0 0 0.27
1544 31 32 0 0 0.31
1545 23 32 0 0 0.23
1546 34 27 0 0 0.34
1547 26 21 0 0 0.26
1548 26 20 0 0 0.26
1549 19 29 0 0 0.19
1550 21 32 0 0 0.21
1551 20 19 0 0 0.2
1552 24 20 0 0 0.24
1553 22 21 0 0 0.22
1554 22 20 0 0 0.22
1555 16 30 0 0 0.16
1556 17 24 0 0 0.17
1557 27 17 0 0 0.27
1558 28 20 0 0 0.28
1559 29 26 0 0 0.29
1560 24 23 0 0 0.24
1561 26 29 0 0 0.26
1562 29 37 0 0 0.29
1563 36 27 0 0 0.36
1564 38 26 0 0 0.38
1565 33 33 0 0 0.33
1566 28 41 0 0 0.28
1567 39 32 0 0 0.39
1568 34 28 0 0 0.34
1569 29 30 0 0 0.29
1570 21 27 0 0 0.21
1571 18 25 0 0 0.18
1572 23 17 0 0 0.23
1573 26 16 0 0 0.26
1574 20 25 0 0 0.2
1575 26 19 0 0 0.26
1576 27 26 0 0 0.27
1577 25 30 0 0 0.25
1578 22 24 0 0 0.22
1579 25 26 0 0 0.25
1580 23 30 0 0 0.23
1581 29 27 0 0 0.29
1582 29 19 0 0 0.29
1583 21 17 0 0 0.21
1584 24 27 0 0 0.24
1585 21 39 0 0 0.21
1586 32 28 0 0 0.32
1587 37 23 0 0 0.37
1588 34 34 0 0 0.34
1589 29 37 0 0 0.29
1590 29 40 0 0 0.29
1591 29 32 0 0 0.29
1592 34 24 0 0 0.34
1593 33 24 0 0 0.33
1594 24 26 0 0 0.24
1595 26 33 0 0 0.26
1596 31 30 0 0 0.31
1597 33 30 0 0 0.33
1598 33 26 0 0 0.33
1599 32 33 0 0 0.32
1600 23 38 0 0 0.23
1601 22 34 0 0 0.22
1602 33 27 0 0 0.33
1603 34 20 0 0 0.34
1604 26 33 0 0 0.26
1605 26 35 0 0 0.26
1606 30 32 0 0 0.3
1607 25 20 0 0 0.25
1608 30 28 0 0 0.3
1609 28 36 0 0 0.28
1610 26 39 0 0 0.26
1611 26 33 0 0 0.26
1612 33 20 0 0 0.33
1613 29 18 0 0 0.29
1614 21 27 0 0 0.21
1615 17 29 0 0 0.17
1616 25 27 0 0 0.25
1617 31 19 0 0 0.31
1618 35 17 0 0 0.35
1619 24 28 0 0 0.24
1620 16 34 0 0 0.16
1621 15 36 0 0 0.15
1622 21 13 0 0 0.21
1623 29 13 0 0 0.29
1624 27 24 0 0 0.27
1625 21 32 0 0 0.21
1626 20 33 0 0 0.2
1627 21 25 0 0 0.21
1628 31 24 0 0 0.31
1629 34 25 0 0 0.34
1630 35 31 0 0 0.35
1631 26 33 0 0 0.26
1632 30 43 0 0 0.3
1633 29 30 0 0 0.29
1634 36 23 0 0 0.36
1635 25 25 0 0 0.25
1636 16 35 0 0 0.16
1637 17 29 0 0 0.17
1638 32 19 0 0 0.32
1639 38 16 0 0 0.38
1640 20 25 0 0 0.2
1641 13 34 0 0 0.13
1642 16 31 0 0 0.16
1643 22 21 0 0 0.22
1644 34 14 0 0 0.34
1645 39 18 0 0 0.39
1646 18 32 0 0 0.18
1647 10 34 0 0 0.1
1648 12 29 0 0 0.12
1649 21 14 0 0 0.21
1650 19 7 0 0 0.19
1651 21 6 0 0 0.21
1652 16 12 0 0 0.16
1653 9 19 0 0 0.09
1654 5 20 0 0 0.05
1655 9 16 0 0 0.09
1656 14 9 0 0 0.14
1657 20 8 0 0 0.2
1658 19 12 0 0 0.19
1659 18 22 0 0 0.18
1660 8 21 0 0 0.08
1661 7 17 0 0 0.07
1662 9 19 0 0 0.09
1663 12 12 0 0 0.12
1664 20 8 0 0 0.2
1665 28 7 0 0 0.28
1666 24 8 0 0 0.24
1667 12 18 0 0 0.12
1668 6 24 0 0 0.06
1669 6 23 0 0 0.06
1670 11 12 0 0 0.11
1671 14 4 0 0 0.14
1672 16 1 0 0 0.16
1673 10 3 0 0 0.1
1674 8 7 0 0 0.08
1675 5 14 0 0 0.05
1676 2 20 0 0 0.02
1677 7 11 0 0 0.07
1678 14 6 0 0 0.14
1679 14 3 0 0 0.14
1680 12 5 0 0 0.12
1681 7 6 0 0 0.07
1682 9 8 0 0 0.09
1683 10 18 0 0 0.1
1684 11 16 0 0 0.11
1685 17 14 0 0 0.17
1686 21 17 0 0 0.21
1687 15 16 0 0 0.15
1688 15 22 0 0 0.15
1689 19 23 0 0 0.19
1690 23 13 0 0 0.23
1691 20 10 0 0 0.2
1692 10 8 0 0 0.1
1693 9 10 0 0 0.09
1694 14 18 0 0 0.14
1695 21 26 0 0 0.21
1696 23 29 0 0 0.23
1697 31 24 0 0 0.31
1698 31 23 0 0 0.31
1699 22 23 0 0 0.22
1700 23 33 0 0 0.23
1701 24 30 0 0 0.24
1702 29 24 0 0 0.29
1703 34 24 0 0 0.34
1704 34 31 0 0 0.34
1705 22 33 0 0 0.22
1706 21 37 0 0 0.21
1707 31 30 0 0 0.31
1708 39 29 0 0 0.39
1709 34 30 0 0 0.34
1710 26 39 0 0 0.26
1711 27 35 0 0 0.27
1712 37 28 0 0 0.37
1713 43 25 0 0 0.43
1714 32 32 0 0 0.32
1715 28 42 0 0 0.28
1716 29 34 0 0 0.29
1717 36 25 0 0 0.36
1718 33 28 0 0 0.33
1719 33 28 0 0 0.33
1720 35 34 0 0 0.35
1721 33 32 0 0 0.33
1722 32 33 0 0 0.32
1723 31 26 0 0 0.31
1724 35 28 0 0 0.35
1725 33 37 0 0 0.33
1726 36 41 0 0 0.36
1727 35 32 0 0 0.35
1728 34 34 0 0 0.34
1729 33 35 0 0 0.33
1730 24 36 0 0 0.24
1731 31 25 0 0 0.31
1732 28 22 0 0 0.28
1733 22 24 0 0 0.22
1734 22 30 0 0 0.22
1735 21 25 0 0 0.21
1736 24 24 0 0 0.24
1737 29 20 0 0 0.29
1738 33 29 0 0 0.33
1739 26 36 0 0 0.26
1740 30 33 0 0 0.3
1741 30 25 0 0 0.3
1742 32 28 0 0 0.32
1743 22 28 0 0 0.22
1744 17 25 0 0 0.17
1745 26 23 0 0 0.26
1746 31 20 0 0 0.31
1747 22 23 0 0 0.22
1748 16 27 0 0 0.16
1749 16 26 0 0 0.16
1750 22 19 0 0 0.22
1751 26 17 0 0 0.26
1752 25 18 0 0 0.25
1753 20 19 0 0 0.2
1754 15 25 0 0 0.15
1755 22 25 0 0 0.22
1756 27 24 0 0 0.27
1757 28 27 0 0 0.28
1758 30 34 0 0 0.3
1759 32 35 0 0 0.32
1760 28 31 0 0 0.28
1761 37 35 0 0 0.37
1762 36 37 0 0 0.36
1763 37 32 0 0 0.37
1764 30 30 0 0 0.3
1765 32 35 0 0 0.32
1766 35 29 0 0 0.35
1767 36 27 0 0 0.36
1768 28 35 0 0 0.28
1769 32 34 0 0 0.32
1770 33 27 0 0 0.33
1771 32 27 0 0 0.32
1772 34 25 0 0 0.34
1773 36 31 0 0 0.36
1774 25 33 0 0 0.25
1775 25 33 0 0 0.25
1776 27 27 0 0 0.27
1777 28 25 0 0 0.28
1778 32 27 0 0 0.32
1779 24 28 0 0 0.24
1780 31 29 0 0 0.31
1781 35 32 0 0 0.35
1782 31 37 0 0 0.31
1783 37 39 0 0 0.37
1784 32 29 0 0 0.32
1785 31 29 0 0 0.31
1786 32 29 0 0 0.32
1787 30 30 0 0 0.3
1788 30 27 0 0 0.3
1789 25 31 0 0 0.25
1790 22 31 0 0 0.22
1791 23 27 0 0 0.23
1792 27 20 0 0 0.27
1793 30 24 0 0 0.3
1794 23 26 0 0 0.23
1795 23 36 0 0 0.23
1796 29 29 0 0 0.29
1797 37 26 0 0 0.37
1798 33 28 0 0 0.33
1799 26 39 0 0 0.26
1800 26 33 0 0 0.26
1801 32 26 0 0 0.32
1802 25 22 0 0 0.25
1803 25 26 0 0 0.25
1804 28 31 0 0 0.28
1805 30 32 0 0 0.3
1806 38 25 0 0 0.38
1807 34 30 0 0 0.34
1808 24 36 0 0 0.24
1809 27 38 0 0 0.27
1810 31 31 0 0 0.31
1811 37 21 0 0 0.37
1812 32 22 0 0 0.32
1813 17 34 0 0 0.17
1814 18 42 0 0 0.18
1815 22 24 0 0 0.22
1816 35 13 0 0 0.35
1817 29 14 0 0 0.29
1818 16 26 0 0 0.16
1819 14 29 0 0 0.14
1820 20 25 0 0 0.2
1821 23 18 0 0 0.23
1822 33 15 0 0 0.33
1823 22 23 0 0 0.22
1824 20 21 0 0 0.2
1825 21 25 0 0 0.21
1826 22 25 0 0 0.22
1827 25 21 0 0 0.25
1828 23 21 0 0 0.23
1829 19 23 0 0 0.19
1830 26 21 0 0 0.26
1831 23 18 0 0 0.23
1832 18 25 0 0 0.18
1833 20 28 0 0 0.2
1834 30 31 0 0 0.3
1835 37 26 0 0 0.37
1836 25 33 0 0 0.25
1837 27 29 0 0 0.27
1838 23 27 0 0 0.23
1839 26 17 0 0 0.26
1840 32 21 0 0 0.32
1841 20 23 0 0 0.2
1842 17 22 0 0 0.17
1843 14 22 0 0 0.14
1844 23 21 0 0 0.23
1845 26 28 0 0 0.26
1846 26 28 0 0 0.26
1847 23 23 0 0 0.23
1848 26 24 0 0 0.26
1849 33 27 0 0 0.33
1850 30 31 0 0 0.3
1851 29 34 0 0 0.29
1852 29 33 0 0 0.29
1853 34 24 0 0 0.34
1854 30 26 0 0 0.3
1855 26 30 0 0 0.26
1856 24 27 0 0 0.24
1857 27 31 0 0 0.27
1858 29 26 0 0 0.29
1859 26 18 0 0 0.26
1860 27 21 0 0 0.27
1861 17 26 0 0 0.17
1862 14 26 0 0 0.14
1863 10 23 0 0 0.1
1864 13 19 0 0 0.13
1865 23 15 0 0 0.23
1866 28 10 0 0 0.28
1867 25 12 0 0 0.25
1868 20 18 0 0 0.2
1869 11 30 0 0 0.11
1870 17 29 0 0 0.17
1871 22 28 0 0 0.22
1872 33 20 0 0 0.33
1873 33 29 0 0 0.33
1874 25 40 0 0 0.25
1875 23 31 0 0 0.23
1876 31 25 0 0 0.31
1877 33 21 0 0 0.33
1878 26 21 0 0 0.26
1879 24 32 0 0 0.24
1880 16 28 0 0 0.16
1881 19 20 0 0 0.19
1882 21 21 0 0 0.21
1883 27 20 0 0 0.27
1884 29 22 0 0 0.29
1885 23 29 0 0 0.23
1886 25 35 0 0 0.25
1887 32 24 0 0 0.32
1888 33 23 0 0 0.33
1889 22 28 0 0 0.22
1890 27 31 0 0 0.27
1891 36 31 0 0 0.36
1892 40 34 0 0 0.4
1893 33 26 0 0 0.33
1894 26 26 0 0 0.26
1895 23 25 0 0 0.23
1896 26 28 0 0 0.26
1897 29 33 0 0 0.29
1898 34 30 0 0 0.34
1899 35 31 0 0 0.35
1900 25 31 0 0 0.25
1901 26 26 0 0 0.26
1902 26 20 0 0 0.26
1903 16 26 0 0 0.16
1904 20 23 0 0 0.2
1905 25 20 0 0 0.25
1906 29 17 0 0 0.29
1907 21 25 0 0 0.21
1908 15 31 0 0 0.15
1909 21 20 0 0 0.21
1910 19 18 0 0 0.19
1911 23 17 0 0 0.23
1912 26 15 0 0 0.26
1913 17 20 0 0 0.17
1914 10 23 0 0 0.1
1915 18 20 0 0 0.18
1916 23 19 0 0 0.23
1917 23 17 0 0 0.23
1918 19 20 0 0 0.19
1919 15 19 0 0 0.15
1920 21 17 0 0 0.21
1921 22 22 0 0 0.22
1922 24 23 0 0 0.24
1923 20 22 0 0 0.2
1924 25 21 0 0 0.25
1925 33 23 0 0 0.33
1926 26 27 0 0 0.26
1927 26 34 0 0 0.26
1928 26 26 0 0 0.26
1929 35 24 0 0 0.35
1930 31 29 0 0 0.31
1931 32 29 0 0 0.32
1932 28 32 0 0 0.28
1933 27 33 0 0 0.27
1934 26 24 0 0 0.26
1935 34 26 0 0 0.34
1936 29 26 0 0 0.29
1937 24 28 0 0 0.24
1938 30 30 0 0 0.3
1939 25 28 0 0 0.25
1940 31 29 0 0 0.31
1941 31 30 0 0 0.31
1942 32 26 0 0 0.32
1943 23 33 0 0 0.23
1944 22 34 0 0 0.22
1945 24 24 0 0 0.24
1946 35 21 0 0 0.35
1947 26 26 0 0 0.26
1948 22 29 0 0 0.22
1949 22 27 0 0 0.22
1950 26 27 0 0 0.26
1951 26 21 0 0 0.26
1952 31 20 0 0 0.31
1953 32 20 0 0 0.32
1954 23 25 0 0 0.23
1955 20 36 0 0 0.2
1956 25 30 0 0 0.25
1957 24 29 0 0 0.24
1958 29 19 0 0 0.29
1959 38 23 0 0 0.38
1960 30 29 0 0 0.3
1961 22 43 0 0 0.22
1962 32 33 0 0 0.32
1963 39 22 0 0 0.39
1964 24 23 0 0 0.24
1965 25 26 0 0 0.25
1966 25 21 0 0 0.25
1967 24 30 0 0 0.24
1968 20 29 0 0 0.2
1969 22 20 0 0 0.22
1970 19 19 0 0 0.19
1971 18 17 0 0 0.18
1972 20 18 0 0 0.2
1973 16 22 0 0 0.16
1974 22 21 0 0 0.22
1975 24 26 0 0 0.24
1976 28 24 0 0 0.28
1977 36 22 0 0 0.36
1978 32 32 0 0 0.32
1979 22 27 0 0 0.22
1980 27 25 0 0 0.27
1981 29 25 0 0 0.29
1982 33 27 0 0 0.33
1983 24 30 0 0 0.24
1984 27 27 0 0 0.27
1985 25 25 0 0 0.25
1986 25 29 0 0 0.25
1987 26 30 0 0 0.26
1988 35 29 0 0 0.35
1989 38 29 0 0 0.38
1990 28 33 0 0 0.28
1991 24 34 0 0 0.24
1992 26 27 0 0 0.26
1993 35 21 0 0 0.35
1994 39 21 0 0 0.39
1995 21 26 0 0 0.21
1996 20 42 0 0 0.2
1997 25 27 0 0 0.25
1998 36 21 0 0 0.36
1999 42 22 0 0 0.42
2000 29 36 0 0 0.29
2001 19 46 0 0 0.19
2002 32 23 0 0 0.32
2003 39 19 0 0 0.39
2004 30 20 0 0 0.3
2005 15 35 0 0 0.15
2006 18 31 0 0 0.18
2007 29 21 0 0 0.29
2008 41 20 0 0 0.41
2009 30 24 0 0 0.3
2010 16 38 0 0 0.16
2011 18 36 0 0 0.18
2012 21 29 0 0 0.21
2013 31 21 0 0 0.31
2014 38 19 0 0 0.38
2015 28 23 0 0 0.28
2016 22 37 0 0 0.22
2017 18 34 0 0 0.18
2018 19 25 0 0 0.19
2019 25 17 0 0 0.25
2020 32 20 0 0 0.32
2021 34 29 0 0 0.34
2022 27 40 0 0 0.27
2023 34 37 0 0 0.34
2024 41 27 0 0 0.41
2025 39 29 0 0 0.39
2026 26 32 0 0 0.26
2027 27 33 0 0 0.27
2028 32 35 0 0 0.32
2029 30 31 0 0 0.3
2030 28 31 0 0 0.28
2031 29 33 0 0 0.29
2032 30 29 0 0 0.3
2033 33 29 0 0 0.33
2034 35 31 0 0 0.35
2035 29 34 0 0 0.29
2036 31 35 0 0 0.31
2037 26 37 0 0 0.26
2038 31 33 0 0 0.31
2039 34 26 0 0 0.34
2040 30 23 0 0 0.3
2041 23 25 0 0 0.23
2042 23 27 0 0 0.23
2043 22 29 0 0 0.22
2044 25 23 0 0 0.25
2045 33 19 0 0 0.33
2046 26 20 0 0 0.26
2047 20 23 0 0 0.2
2048 22 31 0 0 0.22
2049 25 30 0 0 0.25
2050 30 25 0 0 0.3
2051 27 27 0 0 0.27
2052 31 33 0 0 0.31
2053 31 36 0 0 0.31
2054 35 34 0 0 0.35
2055 45 30 0 0 0.45
2056 37 29 0 0 0.37
2057 26 26 0 0 0.26
2058 22 29 0 0 0.22
2059 24 30 0 0 0.24
2060 39 24 0 0 0.39
2061 32 27 0 0 0.32
2062 24 33 0 0 0.24
2063 19 33 0 0 0.19
2064 25 27 0 0 0.25
2065 29 20 0 0 0.29
2066 25 16 0 0 0.25
2067 22 23 0 0 0.22
2068 24 22 0 0 0.24
2069 19 31 0 0 0.19
2070 22 31 0 0 0.22
2071 29 31 0 0 0.29
2072 38 31 0 0 0.38
2073 36 28 0 0 0.36
2074 31 32 0 0 0.31
2075 26 36 0 0 0.26
2076 26 28 0 0 0.26
2077 30 20 0 0 0.3
2078 30 22 0 0 0.3
2079 28 22 0 0 0.28
2080 18 28 0 0 0.18
2081 20 34 0 0 0.2
2082 28 30 0 0 0.28
2083 27 17 0 0 0.27
2084 34 19 0 0 0.34
2085 27 21 0 0 0.27
2086 22 26 0 0 0.22
2087 13 30 0 0 0.13
2088 19 32 0 0 0.19
2089 33 20 0 0 0.33
2090 39 18 0 0 0.39
2091 23 27 0 0 0.23
2092 25 41 0 0 0.25
2093 32 27 0 0 0.32
2094 38 26 0 0 0.38
2095 31 20 0 0 0.31
2096 28 30 0 0 0.28
2097 22 33 0 0 0.22
2098 30 33 0 0 0.3
2099 40 23 0 0 0.4
2100 37 24 0 0 0.37
2101 27 37 0 0 0.27
2102 21 41 0 0 0.21
2103 28 30 0 0 0.28
2104 45 18 0 0 0.45
2105 33 27 0 0 0.33
2106 26 44 0 0 0.26
2107 29 38 0 0 0.29
2108 41 24 0 0 0.41
2109 44 22 0 0 0.44
2110 28 32 0 0 0.28
2111 27 34 0 0 0.27
2112 30 26 0 0 0.3
2113 34 22 0 0 0.34
2114 24 22 0 0 0.24
2115 29 27 0 0 0.29
2116 27 24 0 0 0.27
2117 28 31 0 0 0.28
2118 29 28 0 0 0.29
2119 26 26 0 0 0.26
2120 31 26 0 0 0.31
2121 23 33 0 0 0.23
2122 20 18 0 0 0.2
2123 25 22 0 0 0.25
2124 28 20 0 0 0.28
2125 20 21 0 0 0.2
2126 17 19 0 0 0.17
2127 16 24 0 0 0.16
2128 16 26 0 0 0.16
2129 14 20 0 0 0.14
2130 26 14 0 0 0.26
2131 33 13 0 0 0.33
2132 19 19 0 0 0.19
2133 17 34 0 0 0.17
2134 15 33 0 0 0.15
2135 26 20 0 0 0.26
2136 26 12 0 0 0.26
2137 26 18 0 0 0.26
2138 23 27 0 0 0.23
2139 22 38 0 0 0.22
2140 26 25 0 0 0.26
2141 33 16 0 0 0.33
2142 26 16 0 0 0.26
2143 24 24 0 0 0.24
2144 23 34 0 0 0.23
2145 31 34 0 0 0.31
2146 37 22 0 0 0.37
2147 34 24 0 0 0.34
2148 24 31 0 0 0.24
2149 24 36 0 0 0.24
2150 23 28 0 0 0.23
2151 30 22 0 0 0.3
2152 26 25 0 0 0.26
2153 24 29 0 0 0.24
2154 16 25 0 0 0.16
2155 22 22 0 0 0.22
2156 20 19 0 0 0.2
2157 24 19 0 0 0.24
2158 15 21 0 0 0.15
2159 17 29 0 0 0.17
2160 26 17 0 0 0.26
2161 31 12 0 0 0.31
2162 28 18 0 0 0.28
2163 20 30 0 0 0.2
2164 15 34 0 0 0.15
2165 21 28 0 0 0.21
2166 23 20 0 0 0.23
2167 27 19 0 0 0.27
2168 28 19 0 0 0.28
2169 25 27 0 0 0.25
2170 23 30 0 0 0.23
2171 26 28 0 0 0.26
2172 26 26 0 0 0.26
2173 31 24 0 0 0.31
2174 29 31 0 0 0.29
2175 26 36 0 0 0.26
2176 24 30 0 0 0.24
2177 40 24 0 0 0.4
2178 30 25 0 0 0.3
2179 21 27 0 0 0.21
2180 18 37 0 0 0.18
2181 24 27 0 0 0.24
2182 35 22 0 0 0.35
2183 27 14 0 0 0.27
2184 20 16 0 0 0.2
2185 10 18 0 0 0.1
2186 11 16 0 0 0.11
2187 15 16 0 0 0.15
2188 16 17 0 0 0.16
2189 21 20 0 0 0.21
2190 19 16 0 0 0.19
2191 24 24 0 0 0.24
2192 19 25 0 0 0.19
2193 30 28 0 0 0.3
2194 34 25 0 0 0.34
2195 38 30 0 0 0.38
2196 30 28 0 0 0.3
2197 28 28 0 0 0.28
2198 31 30 0 0 0.31
2199 32 29 0 0 0.32
2200 28 32 0 0 0.28
2201 32 22 0 0 0.32
2202 33 29 0 0 0.33
2203 27 34 0 0 0.27
2204 32 33 0 0 0.32
2205 32 30 0 0 0.32
2206 28 34 0 0 0.28
2207 26 33 0 0 0.26
2208 33 33 0 0 0.33
2209 35 28 0 0 0.35
2210 35 28 0 0 0.35
2211 24 41 0 0 0.24
2212 30 33 0 0 0.3
2213 36 22 0 0 0.36
2214 30 24 0 0 0.3
2215 19 31 0 0 0.19
2216 23 43 0 0 0.23
2217 33 22 0 0 0.33
2218 41 18 0 0 0.41
2219 28 20 0 0 0.28
2220 18 25 0 0 0.18
2221 13 27 0 0 0.13
2222 12 22 0 0 0.12
2223 21 17 0 0 0.21
2224 24 16 0 0 0.24
2225 25 19 0 0 0.25
2226 21 24 0 0 0.21
2227 22 30 0 0 0.22
2228 27 28 0 0 0.27
2229 31 26 0 0 0.31
2230 23 26 0 0 0.23
2231 24 36 0 0 0.24
2232 27 29 0 0 0.27
2233 33 26 0 0 0.33
2234 28 25 0 0 0.28
2235 23 25 0 0 0.23
2236 19 22 0 0 0.19
2237 22 15 0 0 0.22
2238 17 15 0 0 0.17
2239 18 21 0 0 0.18
2240 20 20 0 0 0.2
2241 30 24 0 0 0.3
2242 29 27 0 0 0.29
2243 30 33 0 0 0.3
2244 30 32 0 0 0.3
2245 32 34 0 0 0.32
2246 32 28 0 0 0.32
2247 32 29 0 0 0.32
2248 33 30 0 0 0.33
2249 34 33 0 0 0.34
2250 25 35 0 0 0.25
2251 26 40 0 0 0.26
2252 30 23 0 0 0.3
2253 39 24 0 0 0.39
2254 28 30 0 0 0.28
2255 26 35 0 0 0.26
2256 28 33 0 0 0.28
2257 29 28 0 0 0.29
2258 34 16 0 0 0.34
2259 27 17 0 0 0.27
2260 18 18 0 0 0.18
2261 13 25 0 0 0.13
2262 12 20 0 0 0.12
2263 17 16 0 0 0.17
2264 18 10 0 0 0.18
2265 22 13 0 0 0.22
2266 17 18 0 0 0.17
2267 12 28 0 0 0.12
2268 16 23 0 0 0.16
2269 21 19 0 0 0.21
2270 23 19 0 0 0.23
2271 30 19 0 0 0.3
2272 27 30 0 0 0.27
2273 19 36 0 0 0.19
2274 22 25 0 0 0.22
2275 32 20 0 0 0.32
2276 40 21 0 0 0.4
2277 26 30 0 0 0.26
2278 21 43 0 0 0.21
2279 33 35 0 0 0.33
2280 42 18 0 0 0.42
2281 39 28 0 0 0.39
2282 25 35 0 0 0.25
2283 22 42 0 0 0.22
2284 24 32 0 0 0.24
2285 32 18 0 0 0.32
2286 32 19 0 0 0.32
2287 21 16 0 0 0.21
2288 16 28 0 0 0.16
2289 21 33 0 0 0.21
2290 29 27 0 0 0.29
2291 32 19 0 0 0.32
2292 23 20 0 0 0.23
2293 18 20 0 0 0.18
2294 16 28 0 0 0.16
2295 16 21 0 0 0.16
2296 24 13 0 0 0.24
2297 35 9 0 0 0.35
2298 23 16 0 0 0.23
2299 14 26 0 0 0.14
2300 12 32 0 0 0.12
2301 21 26 0 0 0.21
2302 28 22 0 0 0.28
2303 37 17 0 0 0.37
2304 27 25 0 0 0.27
2305 24 37 0 0 0.24
2306 23 32 0 0 0.23
2307 32 31 0 0 0.32
2308 44 22 0 0 0.44
2309 36 32 0 0 0.36
2310 26 45 0 0 0.26
2311 28 44 0 0 0.28
2312 37 27 0 0 0.37
2313 34 30 0 0 0.34
2314 26 32 0 0 0.26
2315 28 37 0 0 0.28
2316 27 27 0 0 0.27
2317 30 20 0 0 0.3
2318 31 18 0 0 0.31
2319 28 20 0 0 0.28
2320 19 26 0 0 0.19
2321 19 27 0 0 0.19
2322 25 25 0 0 0.25
2323 27 22 0 0 0.27
2324 28 30 0 0 0.28
2325 31 35 0 0 0.31
2326 33 26 0 0 0.33
2327 36 24 0 0 0.36
2328 31 30 0 0 0.31
2329 20 37 0 0 0.2
2330 27 26 0 0 0.27
2331 33 21 0 0 0.33
2332 34 20 0 0 0.34
2333 22 28 0 0 0.22
2334 14 34 0 0 0.14
2335 17 21 0 0 0.17
2336 28 20 0 0 0.28
2337 28 21 0 0 0.28
2338 26 29 0 0 0.26
2339 23 29 0 0 0.23
2340 29 27 0 0 0.29
2341 33 26 0 0 0.33
2342 24 22 0 0 0.24
2343 30 30 0 0 0.3
2344 21 21 0 0 0.21
2345 25 23 0 0 0.25
2346 26 30 0 0 0.26
2347 32 37 0 0 0.32
2348 34 34 0 0 0.34
2349 41 30 0 0 0.41
2350 34 31 0 0 0.34
2351 26 40 0 0 0.26
2352 22 35 0 0 0.22
2353 27 26 0 0 0.27
2354 32 23 0 0 0.32
2355 25 28 0 0 0.25
2356 22 28 0 0 0.22
2357 25 29 0 0 0.25
2358 28 26 0 0 0.28
2359 32 24 0 0 0.32
2360 25 30 0 0 0.25
2361 30 34 0 0 0.3
2362 32 36 0 0 0.32
2363 30 30 0 0 0.3
2364 32 27 0 0 0.32
2365 27 39 0 0 0.27
2366 31 31 0 0 0.31
2367 33 30 0 0 0.33
2368 41 30 0 0 0.41
2369 30 34 0 0 0.3
2370 33 36 0 0 0.33
2371 30 32 0 0 0.3
2372 27 34 0 0 0.27
2373 30 33 0 0 0.3
2374 32 32 0 0 0.32
2375 31 27 0 0 0.31
2376 21 37 0 0 0.21
2377 25 28 0 0 0.25
2378 33 30 0 0 0.33
2379 31 29 0 0 0.31
2380 29 31 0 0 0.29
2381 28 36 0 0 0.28
2382 32 30 0 0 0.32
2383 37 24 0 0 0.37
2384 41 26 0 0 0.41
2385 26 35 0 0 0.26
2386 25 44 0 0 0.25
2387 29 24 0 0 0.29
2388 30 20 0 0 0.3
2389 26 20 0 0 0.26
2390 20 29 0 0 0.2
2391 22 31 0 0 0.22
2392 23 27 0 0 0.23
2393 29 20 0 0 0.29
2394 29 20 0 0 0.29
2395 25 21 0 0 0.25
2396 22 31 0 0 0.22
2397 26 27 0 0 0.26
2398 29 25 0 0 0.29
2399 33 28 0 0 0.33
2400 25 31 0 0 0.25
2401 23 28 0 0 0.23
2402 22 23 0 0 0.22
2403 28 27 0 0 0.28
2404 28 27 0 0 0.28
2405 33 27 0 0 0.33
2406 25 31 0 0 0.25
2407 26 33 0 0 0.26
2408 31 28 0 0 0.31
2409 35 29 0 0 0.35
2410 27 33 0 0 0.27
2411 25 34 0 0 0.25
2412 31 33 0 0 0.31
2413 31 24 0 0 0.31
2414 34 30 0 0 0.34
2415 32 28 0 0 0.32
2416 23 30 0 0 0.23
2417 22 25 0 0 0.22
2418 26 20 0 0 0.26
2419 28 27 0 0 0.28
2420 25 26 0 0 0.25
2421 27 36 0 0 0.27
2422 25 29 0 0 0.25
2423 26 23 0 0 0.26
2424 26 23 0 0 0.26
2425 19 27 0 0 0.19
2426 12 27 0 0 0.12
2427 15 26 0 0 0.15
2428 26 16 0 0 0.26
2429 34 12 0 0 0.34
2430 30 25 0 0 0.3
2431 18 44 0 0 0.18
2432 22 46 0 0 0.22
2433 38 21 0 0 0.38
2434 50 17 0 0 0.5
2435 23 34 0 0 0.23
2436 18 45 0 0 0.18
2437 14 26 0 0 0.14
2438 27 17 0 0 0.27
2439 36 12 0 0 0.36
2440 27 18 0 0 0.27
2441 14 33 0 0 0.14
2442 13 33 0 0 0.13
2443 19 15 0 0 0.19
2444 26 13 0 0 0.26
2445 24 14 0 0 0.24
2446 20 20 0 0 0.2
2447 16 26 0 0 0.16
2448 22 26 0 0 0.22
2449 30 20 0 0 0.3
2450 28 17 0 0 0.28
2451 25 19 0 0 0.25
2452 18 28 0 0 0.18
2453 19 31 0 0 0.19
2454 28 28 0 0 0.28
2455 26 21 0 0 0.26
2456 31 22 0 0 0.31
2457 25 17 0 0 0.25
2458 22 17 0 0 0.22
2459 20 19 0 0 0.2
2460 18 22 0 0 0.18
2461 17 17 0 0 0.17
2462 17 15 0 0 0.17
2463 18 24 0 0 0.18
2464 15 19 0 0 0.15
2465 17 22 0 0 0.17
2466 18 14 0 0 0.18
2467 18 15 0 0 0.18
2468 16 18 0 0 0.16
2469 18 19 0 0 0.18
2470 18 20 0 0 0.18
2471 30 20 0 0 0.3
2472 27 29 0 0 0.27
2473 28 31 0 0 0.28
2474 26 26 0 0 0.26
2475 27 25 0 0 0.27
2476 27 23 0 0 0.27
2477 22 27 0 0 0.22
2478 21 27 0 0 0.21
2479 22 21 0 0 0.22
2480 21 20 0 0 0.21
2481 18 16 0 0 0.18
2482 22 18 0 0 0.22
2483 22 21 0 0 0.22
2484 19 24 0 0 0.19
2485 18 28 0 0 0.18
2486 30 22 0 0 0.3
2487 34 21 0 0 0.34
2488 25 22 0 0 0.25
2489 26 28 0 0 0.26
2490 25 39 0 0 0.25
2491 27 34 0 0 0.27
2492 39 25 0 0 0.39
2493 39 22 0 0 0.39
2494 31 32 0 0 0.31
2495 18 41 0 0 0.18
2496 21 40 0 0 0.21
2497 30 15 0 0 0.3
2498 31 9 0 0 0.31
2499 25 12 0 0 0.25
2500 16 20 0 0 0.16
2501 6 26 0 0 0.06
2502 8 27 0 0 0.08
2503 11 15 0 0 0.11
2504 18 6 0 0 0.18
2505 26 4 0 0 0.26
2506 17 7 0 0 0.17
2507 10 13 0 0 0.1
2508 11 21 0 0 0.11
2509 10 21 0 0 0.1
2510 13 23 0 0 0.13
2511 24 18 0 0 0.24
2512 25 13 0 0 0.25
2513 24 20 0 0 0.24
2514 15 25 0 0 0.15
2515 23 27 0 0 0.23
2516 24 25 0 0 0.24
2517 30 22 0 0 0.3
2518 27 18 0 0 0.27
2519 17 30 0 0 0.17
2520 15 32 0 0 0.15
2521 24 24 0 0 0.24
2522 28 17 0 0 0.28
2523 25 21 0 0 0.25
2524 25 22 0 0 0.25
2525 31 24 0 0 0.31
2526 26 31 0 0 0.26
2527 25 34 0 0 0.25
2528 25 32 0 0 0.25
2529 26 23 0 0 0.26
2530 34 18 0 0 0.34
2531 29 23 0 0 0.29
2532 21 25 0 0 0.21
2533 16 23 0 0 0.16
2534 14 28 0 0 0.14
2535 20 23 0 0 0.2
2536 27 20 0 0 0.27
2537 34 18 0 0 0.34
2538 32 29 0 0 0.32
2539 21 37 0 0 0.21
2540 25 39 0 0 0.25
2541 33 22 0 0 0.33
2542 29 20 0 0 0.29
2543 31 20 0 0 0.31
2544 22 29 0 0 0.22
2545 17 26 0 0 0.17
2546 15 20 0 0 0.15
2547 21 16 0 0 0.21
2548 27 18 0 0 0.27
2549 22 24 0 0 0.22
2550 19 27 0 0 0.19
2551 25 27 0 0 0.25
2552 24 18 0 0 0.24
2553 25 24 0 0 0.25
2554 27 21 0 0 0.27
2555 26 23 0 0 0.26
2556 26 30 0 0 0.26
2557 26 30 0 0 0.26
2558 30 27 0 0 0.3
2559 31 28 0 0 0.31
2560 25 29 0 0 0.25
2561 23 30 0 0 0.23
2562 27 29 0 0 0.27
2563 33 24 0 0 0.33
2564 38 23 0 0 0.38
2565 30 27 0 0 0.3
2566 22 39 0 0 0.22
2567 30 38 0 0 0.3
2568 38 25 0 0 0.38
2569 43 26 0 0 0.43
2570 27 30 0 0 0.27
2571 21 28 0 0 0.21
2572 24 23 0 0 0.24
2573 24 31 0 0 0.24
2574 23 27 0 0 0.23
2575 21 21 0 0 0.21
2576 27 23 0 0 0.27
2577 29 21 0 0 0.29
2578 21 20 0 0 0.21
2579 21 22 0 0 0.21
2580 18 19 0 0 0.18
2581 23 23 0 0 0.23
2582 25 23 0 0 0.25
2583 20 14 0 0 0.2
2584 24 25 0 0 0.24
2585 30 29 0 0 0.3
2586 28 34 0 0 0.28
2587 28 35 0 0 0.28
2588 27 27 0 0 0.27
2589 33 29 0 0 0.33
2590 32 31 0 0 0.32
2591 33 38 0 0 0.33
2592 32 36 0 0 0.32
2593 30 34 0 0 0.3
2594 30 29 0 0 0.3
2595 31 24 0 0 0.31
2596 27 30 0 0 0.27
2597 24 36 0 0 0.24
2598 27 31 0 0 0.27
2599 28 22 0 0 0.28
2600 33 28 0 0 0.33
2601 33 39 0 0 0.33
2602 30 39 0 0 0.3
2603 30 35 0 0 0.3
2604 33 30 0 0 0.33
2605 37 24 0 0 0.37
2606 27 23 0 0 0.27
2607 21 31 0 0 0.21
2608 18 33 0 0 0.18
2609 22 26 0 0 0.22
2610 29 17 0 0 0.29
2611 22 20 0 0 0.22
2612 20 16 0 0 0.2
2613 22 21 0 0 0.22
2614 21 23 0 0 0.21
2615 18 23 0 0 0.18
2616 26 23 0 0 0.26
2617 28 25 0 0 0.28
2618 27 24 0 0 0.27
2619 25 22 0 0 0.25
2620 20 21 0 0 0.2
2621 15 30 0 0 0.15
2622 15 25 0 0 0.15
2623 21 13 0 0 0.21
2624 30 13 0 0 0.3
2625 32 18 0 0 0.32
2626 24 25 0 0 0.24
2627 16 37 0 0 0.16
2628 20 30 0 0 0.2
2629 28 20 0 0 0.28
2630 32 17 0 0 0.32
2631 28 25 0 0 0.28
2632 21 34 0 0 0.21
2633 22 38 0 0 0.22
2634 32 22 0 0 0.32
2635 34 21 0 0 0.34
2636 26 22 0 0 0.26
2637 20 27 0 0 0.2
2638 23 31 0 0 0.23
2639 30 29 0 0 0.3
2640 31 26 0 0 0.31
2641 30 30 0 0 0.3
2642 18 27 0 0 0.18
2643 24 21 0 0 0.24
2644 36 27 0 0 0.36
2645 28 25 0 0 0.28
2646 24 27 0 0 0.24
2647 25 28 0 0 0.25
2648 30 31 0 0 0.3
2649 25 28 0 0 0.25
2650 28 38 0 0 0.28
2651 35 26 0 0 0.35
2652 35 22 0 0 0.35
2653 28 34 0 0 0.28
2654 24 33 0 0 0.24
2655 30 34 0 0 0.3
2656 32 25 0 0 0.32
2657 29 18 0 0 0.29
2658 27 19 0 0 0.27
2659 25 20 0 0 0.25
2660 27 31 0 0 0.27
2661 24 38 0 0 0.24
2662 22 32 0 0 0.22
2663 31 25 0 0 0.31
2664 36 23 0 0 0.36
2665 35 28 0 0 0.35
2666 22 28 0 0 0.22
2667 24 29 0 0 0.24
2668 26 25 0 0 0.26
2669 29 24 0 0 0.29
2670 39 31 0 0 0.39
2671 28 33 0 0 0.28
2672 33 30 0 0 0.33
2673 29 26 0 0 0.29
2674 29 26 0 0 0.29
2675 26 28 0 0 0.26
2676 27 31 0 0 0.27
2677 25 32 0 0 0.25
2678 27 25 0 0 0.27
2679 32 20 0 0 0.32
2680 28 28 0 0 0.28
2681 22 36 0 0 0.22
2682 26 31 0 0 0.26
2683 36 25 0 0 0.36
2684 32 20 0 0 0.32
2685 24 26 0 0 0.24
2686 25 28 0 0 0.25
2687 27 30 0 0 0.27
2688 30 26 0 0 0.3
2689 28 18 0 0 0.28
2690 20 22 0 0 0.2
2691 18 25 0 0 0.18
2692 13 23 0 0 0.13
2693 16 13 0 0 0.16
2694 19 12 0 0 0.19
2695 14 15 0 0 0.14
2696 8 10 0 0 0.08
2697 9 9 0 0 0.09
2698 9 7 0 0 0.09
2699 8 4 0 0 0.08
2700 10 8 0 0 0.1
2701 11 11 0 0 0.11
2702 11 10 0 0 0.11
2703 12 12 0 0 0.12
2704 15 19 0 0 0.15
2705 17 27 0 0 0.17
2706 23 28 0 0 0.23
2707 25 24 0 0 0.25
2708 33 21 0 0 0.33
2709 27 22 0 0 0.27
2710 24 22 0 0 0.24
2711 20 31 0 0 0.2
2712 20 27 0 0 0.2
2713 31 23 0 0 0.31
2714 30 21 0 0 0.3
2715 28 29 0 0 0.28
2716 25 30 0 0 0.25
2717 26 24 0 0 0.26
2718 31 21 0 0 0.31
2719 33 25 0 0 0.33
2720 28 27 0 0 0.28
2721 24 32 0 0 0.24
2722 32 27 0 0 0.32
2723 37 25 0 0 0.37
2724 36 32 0 0 0.36
2725 29 36 0 0 0.29
2726 32 32 0 0 0.32
2727 33 27 0 0 0.33
2728 30 34 0 0 0.3
2729 26 35 0 0 0.26
2730 33 33 0 0 0.33
2731 35 29 0 0 0.35
2732 34 36 0 0 0.34
2733 25 33 0 0 0.25
2734 30 31 0 0 0.3
2735 36 30 0 0 0.36
2736 35 37 0 0 0.35
2737 35 37 0 0 0.35
2738 36 35 0 0 0.36
2739 32 33 0 0 0.32
2740 36 36 0 0 0.36
2741 38 30 0 0 0.38
2742 33 26 0 0 0.33
2743 27 32 0 0 0.27
2744 33 31 0 0 0.33
2745 33 29 0 0 0.33
2746 32 35 0 0 0.32
2747 29 34 0 0 0.29
2748 35 35 0 0 0.35
2749 37 31 0 0 0.37
2750 33 34 0 0 0.33
2751 26 36 0 0 0.26
2752 28 29 0 0 0.28
2753 30 20 0 0 0.3
2754 29 22 0 0 0.29
2755 25 23 0 0 0.25
2756 22 21 0 0 0.22
2757 25 28 0 0 0.25
2758 28 32 0 0 0.28
2759 31 29 0 0 0.31
2760 36 24 0 0 0.36
2761 32 24 0 0 0.32
2762 23 27 0 0 0.23
2763 20 27 0 0 0.2
2764 26 28 0 0 0.26
2765 31 24 0 0 0.31
2766 31 23 0 0 0.31
2767 31 26 0 0 0.31
2768 30 26 0 0 0.3
2769 23 29 0 0 0.23
2770 21 29 0 0 0.21
2771 28 27 0 0 0.28
2772 33 27 0 0 0.33
2773 33 30 0 0 0.33
2774 28 36 0 0 0.28
2775 31 32 0 0 0.31
2776 30 25 0 0 0.3
2777 29 27 0 0 0.29
2778 26 28 0 0 0.26
2779 28 34 0 0 0.28
2780 32 30 0 0 0.32
2781 40 21 0 0 0.4
2782 34 32 0 0 0.34
2783 25 43 0 0 0.25
2784 31 42 0 0 0.31
2785 48 35 0 0 0.48
2786 39 35 0 0 0.39
2787 34 39 0 0 0.34
2788 32 40 0 0 0.32
2789 35 39 0 0 0.35
2790 37 32 0 0 0.37
2791 31 36 0 0 0.31
2792 32 42 0 0 0.32
2793 32 30 0 0 0.32
2794 34 32 0 0 0.34
2795 33 31 0 0 0.33
2796 32 37 0 0 0.32
2797 34 33 0 0 0.34
2798 30 29 0 0 0.3
2799 43 28 0 0 0.43
2800 36 31 0 0 0.36
2801 24 39 0 0 0.24
2802 25 35 0 0 0.25
2803 39 34 0 0 0.39
2804 36 29 0 0 0.36
2805 34 26 0 0 0.34
2806 33 31 0 0 0.33
2807 29 43 0 0 0.29
2808 23 36 0 0 0.23
2809 27 22 0 0 0.27
2810 35 19 0 0 0.35
2811 35 19 0 0 0.35
2812 22 27 0 0 0.22
2813 16 32 0 0 0.16
2814 15 34 0 0 0.15
2815 25 21 0 0 0.25
2816 39 20 0 0 0.39
2817 25 23 0 0 0.25
2818 22 26 0 0 0.22
2819 21 24 0 0 0.21
2820 24 26 0 0 0.24
2821 36 21 0 0 0.36
2822 31 25 0 0 0.31
2823 24 32 0 0 0.24
2824 19 29 0 0 0.19
2825 25 29 0 0 0.25
2826 35 24 0 0 0.35
2827 34 26 0 0 0.34
2828 27 23 0 0 0.27
2829 26 28 0 0 0.26
2830 23 33 0 0 0.23
2831 25 32 0 0 0.25
2832 22 20 0 0 0.22
2833 25 20 0 0 0.25
2834 27 24 0 0 0.27
2835 24 35 0 0 0.24
2836 25 31 0 0 0.25
2837 27 24 0 0 0.27
2838 32 27 0 0 0.32
2839 28 31 0 0 0.28
2840 25 39 0 0 0.25
2841 30 25 0 0 0.3
2842 41 21 0 0 0.41
2843 33 22 0 0 0.33
2844 24 38 0 0 0.24
2845 23 47 0 0 0.23
2846 31 29 0 0 0.31
2847 42 14 0 0 0.42
2848 39 28 0 0 0.39
2849 24 39 0 0 0.24
2850 19 33 0 0 0.19
2851 26 22 0 0 0.26
2852 32 18 0 0 0.32
2853 28 19 0 0 0.28
2854 24 23 0 0 0.24
2855 18 32 0 0 0.18
2856 20 28 0 0 0.2
2857 28 22 0 0 0.28
2858 38 21 0 0 0.38
2859 31 26 0 0 0.31
2860 24 36 0 0 0.24
2861 25 40 0 0 0.25
2862 36 28 0 0 0.36
2863 37 27 0 0 0.37
2864 30 25 0 0 0.3
2865 25 25 0 0 0.25
2866 24 31 0 0 0.24
2867 24 39 0 0 0.24
2868 39 31 0 0 0.39
2869 45 29 0 0 0.45
2870 32 39 0 0 0.32
2871 34 44 0 0 0.34
2872 36 37 0 0 0.36
2873 39 27 0 0 0.39
2874 37 22 0 0 0.37
2875 23 27 0 0 0.23
2876 19 33 0 0 0.19
2877 23 27 0 0 0.23
2878 34 23 0 0 0.34
2879 30 24 0 0 0.3
2880 28 36 0 0 0.28
2881 17 31 0 0 0.17
2882 20 23 0 0 0.2
2883 20 20 0 0 0.2
2884 22 16 0 0 0.22
2885 18 22 0 0 0.18
2886 19 20 0 0 0.19
2887 20 18 0 0 0.2
2888 16 15 0 0 0.16
2889 12 14 0 0 0.12
2890 11 12 0 0 0.11
2891 18 17 0 0 0.18
2892 22 13 0 0 0.22
2893 15 14 0 0 0.15
2894 13 17 0 0 0.13
2895 14 21 0 0 0.14
2896 23 24 0 0 0.23
2897 22 17 0 0 0.22
2898 22 21 0 0 0.22
2899 19 27 0 0 0.19
2900 15 19 0 0 0.15
2901 16 18 0 0 0.16
2902 18 19 0 0 0.18
2903 29 13 0 0 0.29
2904 24 16 0 0 0.24
2905 14 20 0 0 0.14
2906 12 26 0 0 0.12
2907 15 19 0 0 0.15
2908 27 19 0 0 0.27
2909 28 25 0 0 0.28
2910 26 32 0 0 0.26
2911 26 32 0 0 0.26
2912 35 30 0 0 0.35
2913 41 24 0 0 0.41
2914 29 29 0 0 0.29
2915 20 38 0 0 0.2
2916 21 40 0 0 0.21
2917 26 20 0 0 0.26
2918 34 23 0 0 0.34
2919 31 27 0 0 0.31
2920 21 39 0 0 0.21
2921 26 41 0 0 0.26
2922 32 24 0 0 0.32
2923 32 19 0 0 0.32
2924 21 16 0 0 0.21
2925 19 24 0 0 0.19
2926 20 30 0 0 0.2
2927 22 27 0 0 0.22
2928 25 20 0 0 0.25
2929 23 20 0 0 0.23
2930 33 21 0 0 0.33
2931 26 24 0 0 0.26
2932 24 31 0 0 0.24
2933 20 33 0 0 0.2
2934 17 21 0 0 0.17
2935 16 10 0 0 0.16
2936 23 9 0 0 0.23
2937 19 13 0 0 0.19
2938 16 17 0 0 0.16
2939 17 22 0 0 0.17
2940 24 21 0 0 0.24
2941 26 17 0 0 0.26
2942 24 21 0 0 0.24
2943 13 27 0 0 0.13
2944 18 29 0 0 0.18
2945 24 22 0 0 0.24
2946 32 23 0 0 0.32
2947 38 26 0 0 0.38
2948 29 38 0 0 0.29
2949 27 36 0 0 0.27
2950 44 29 0 0 0.44
2951 31 23 0 0 0.31
2952 21 31 0 0 0.21
2953 18 28 0 0 0.18
2954 27 21 0 0 0.27
2955 34 26 0 0 0.34
2956 27 26 0 0 0.27
2957 27 33 0 0 0.27
2958 22 27 0 0 0.22
2959 24 30 0 0 0.24
2960 29 27 0 0 0.29
2961 31 26 0 0 0.31
2962 27 22 0 0 0.27
2963 21 25 0 0 0.21
2964 16 23 0 0 0.16
2965 22 24 0 0 0.22
2966 29 15 0 0 0.29
2967 29 18 0 0 0.29
2968 21 24 0 0 0.21
2969 19 37 0 0 0.19
2970 17 28 0 0 0.17
2971 19 17 0 0 0.19
2972 29 15 0 0 0.29
2973 25 20 0 0 0.25
2974 27 29 0 0 0.27
2975 25 25 0 0 0.25
2976 30 32 0 0 0.3
2977 23 25 0 0 0.23
2978 23 23 0 0 0.23
2979 25 22 0 0 0.25
2980 26 19 0 0 0.26
2981 24 24 0 0 0.24
2982 26 25 0 0 0.26
2983 25 26 0 0 0.25
2984 21 29 0 0 0.21
2985 25 28 0 0 0.25
2986 30 21 0 0 0.3
2987 30 28 0 0 0.3
2988 23 31 0 0 0.23
2989 27 30 0 0 0.27
2990 27 25 0 0 0.27
2991 26 27 0 0 0.26
2992 25 30 0 0 0.25
2993 29 28 0 0 0.29
2994 21 25 0 0 0.21
2995 25 28 0 0 0.25
2996 28 21 0 0 0.28
2997 27 19 0 0 0.27
2998 24 22 0 0 0.24
2999 24 26 0 0 0.24
3000 24 24 0 0 0.24
3001 21 30 0 0 0.21
3002 24 26 0 0 0.24
3003 28 20 0 0 0.28
3004 27 23 0 0 0.27
3005 22 30 0 0 0.22
3006 24 34 0 0 0.24
3007 30 29 0 0 0.3
3008 30 20 0 0 0.3
3009 29 28 0 0 0.29
3010 18 29 0 0 0.18
3011 22 24 0 0 0.22
3012 28 23 0 0 0.28
3013 29 28 0 0 0.29
3014 33 24 0 0 0.33
3015 28 31 0 0 0.28
3016 29 40 0 0 0.29
3017 36 33 0 0 0.36
3018 38 27 0 0 0.38
3019 34 33 0 0 0.34
3020 25 36 0 0 0.25
3021 22 32 0 0 0.22
3022 31 23 0 0 0.31
3023 33 25 0 0 0.33
3024 30 24 0 0 0.3
3025 30 32 0 0 0.3
3026 24 28 0 0 0.24
3027 24 31 0 0 0.24
3028 30 29 0 0 0.3
3029 32 32 0 0 0.32
3030 33 33 0 0 0.33
3031 33 32 0 0 0.33
3032 35 33 0 0 0.35
3033 34 35 0 0 0.34
3034 28 39 0 0 0.28
3035 33 33 0 0 0.33
3036 39 25 0 0 0.39
3037 34 29 0 0 0.34
3038 29 32 0 0 0.29
3039 33 37 0 0 0.33
3040 32 33 0 0 0.32
3041 31 33 0 0 0.31
3042 40 26 0 0 0.4
3043 25 30 0 0 0.25
3044 21 36 0 0 0.21
3045 29 31 0 0 0.29
3046 39 22 0 0 0.39
3047 33 30 0 0 0.33
3048 29 33 0 0 0.29
3049 19 32 0 0 0.19
3050 19 31 0 0 0.19
3051 26 27 0 0 0.26
3052 26 21 0 0 0.26
3053 29 21 0 0 0.29
3054 18 23 0 0 0.18
3055 24 21 0 0 0.24
3056 26 23 0 0 0.26
3057 24 31 0 0 0.24
3058 30 26 0 0 0.3
3059 32 31 0 0 0.32
3060 19 25 0 0 0.19
3061 24 25 0 0 0.24
3062 27 24 0 0 0.27
3063 36 27 0 0 0.36
3064 32 30 0 0 0.32
3065 33 36 0 0 0.33
3066 37 34 0 0 0.37
3067 35 36 0 0 0.35
3068 29 31 0 0 0.29
3069 32 35 0 0 0.32
3070 30 40 0 0 0.3
3071 32 36 0 0 0.32
3072 40 28 0 0 0.4
3073 34 24 0 0 0.34
3074 36 28 0 0 0.36
3075 28 33 0 0 0.28
3076 26 27 0 0 0.26
3077 26 35 0 0 0.26
3078 37 35 0 0 0.37
3079 40 34 0 0 0.4
3080 32 38 0 0 0.32
3081 31 38 0 0 0.31
3082 40 30 0 0 0.4
3083 38 28 0 0 0.38
3084 33 25 0 0 0.33
3085 19 31 0 0 0.19
3086 29 28 0 0 0.29
3087 42 24 0 0 0.42
3088 28 40 0 0 0.28
3089 22 38 0 0 0.22
3090 26 24 0 0 0.26
3091 29 18 0 0 0.29
3092 24 17 0 0 0.24
3093 17 24 0 0 0.17
3094 16 25 0 0 0.16
3095 23 18 0 0 0.23
3096 27 17 0 0 0.27
3097 28 22 0 0 0.28
3098 24 30 0 0 0.24
3099 21 29 0 0 0.21
3100 26 24 0 0 0.26
3101 33 20 0 0 0.33
3102 26 22 0 0 0.26
3103 27 28 0 0 0.27
3104 23 37 0 0 0.23
3105 20 29 0 0 0.2
3106 33 23 0 0 0.33
3107 41 24 0 0 0.41
3108 30 31 0 0 0.3
3109 24 36 0 0 0.24
3110 25 29 0 0 0.25
3111 37 25 0 0 0.37
3112 39 23 0 0 0.39
3113 29 30 0 0 0.29
3114 27 40 0 0 0.27
3115 26 31 0 0 0.26
3116 31 19 0 0 0.31
3117 27 17 0 0 0.27
3118 16 22 0 0 0.16
3119 22 27 0 0 0.22
3120 24 27 0 0 0.24
3121 27 23 0 0 0.27
3122 30 28 0 0 0.3
3123 32 31 0 0 0.32
3124 27 36 0 0 0.27
3125 34 32 0 0 0.34
3126 33 30 0 0 0.33
3127 31 26 0 0 0.31
3128 25 32 0 0 0.25
3129 25 34 0 0 0.25
3130 27 19 0 0 0.27
3131 32 18 0 0 0.32
3132 20 20 0 0 0.2
3133 21 26 0 0 0.21
3134 20 33 0 0 0.2
3135 18 28 0 0 0.18
3136 26 20 0 0 0.26
3137 34 20 0 0 0.34
3138 29 22 0 0 0.29
3139 24 29 0 0 0.24
3140 18 27 0 0 0.18
3141 21 29 0 0 0.21
3142 27 26 0 0 0.27
3143 32 27 0 0 0.32
3144 27 25 0 0 0.27
3145 21 31 0 0 0.21
3146 23 28 0 0 0.23
3147 32 26 0 0 0.32
3148 34 23 0 0 0.34
3149 22 26 0 0 0.22
3150 21 34 0 0 0.21
3151 28 27 0 0 0.28
3152 37 25 0 0 0.37
3153 33 23 0 0 0.33
3154 22 31 0 0 0.22
3155 23 39 0 0 0.23
3156 31 33 0 0 0.31
3157 35 28 0 0 0.35
3158 34 26 0 0 0.34
3159 30 23 0 0 0.3
3160 26 26 0 0 0.26
3161 25 30 0 0 0.25
3162 23 32 0 0 0.23
3163 35 22 0 0 0.35
3164 33 28 0 0 0.33
3165 26 31 0 0 0.26
3166 31 31 0 0 0.31
3167 30 27 0 0 0.3
3168 35 28 0 0 0.35
3169 27 32 0 0 0.27
3170 24 36 0 0 0.24
3171 36 31 0 0 0.36
3172 33 26 0 0 0.33
3173 28 29 0 0 0.28
3174 27 25 0 0 0.27
3175 24 30 0 0 0.24
3176 20 25 0 0 0.2
3177 25 16 0 0 0.25
3178 20 13 0 0 0.2
3179 17 18 0 0 0.17
3180 11 20 0 0 0.11
3181 15 17 0 0 0.15
3182 19 22 0 0 0.19
3183 25 17 0 0 0.25
3184 21 16 0 0 0.21
3185 20 21 0 0 0.2
3186 13 12 0 0 0.13
3187 14 15 0 0 0.14
3188 16 12 0 0 0.16
3189 16 17 0 0 0.16
3190 18 17 0 0 0.18
3191 14 19 0 0 0.14
3192 17 16 0 0 0.17
3193 22 23 0 0 0.22
3194 17 22 0 0 0.17
3195 32 19 0 0 0.32
3196 24 24 0 0 0.24
3197 23 38 0 0 0.23
3198 25 34 0 0 0.25
3199 33 25 0 0 0.33
3200 41 24 0 0 0.41
3201 28 28 0 0 0.28
3202 21 41 0 0 0.21
3203 19 24 0 0 0.19
3204 24 13 0 0 0.24
3205 25 16 0 0 0.25
3206 23 24 0 0 0.23
3207 23 32 0 0 0.23
3208 26 28 0 0 0.26
3209 31 28 0 0 0.31
3210 35 29 0 0 0.35
3211 38 31 0 0 0.38
3212 27 36 0 0 0.27
3213 24 31 0 0 0.24
3214 28 34 0 0 0.28
3215 41 29 0 0 0.41
3216 41 33 0 0 0.41
3217 29 39 0 0 0.29
3218 31 39 0 0 0.31
3219 37 31 0 0 0.37
3220 35 26 0 0 0.35
3221 32 30 0 0 0.32
3222 30 32 0 0 0.3
3223 27 29 0 0 0.27
3224 35 28 0 0 0.35
3225 31 33 0 0 0.31
3226 31 39 0 0 0.31
3227 36 34 0 0 0.36
3228 37 30 0 0 0.37
3229 42 38 0 0 0.42
3230 32 29 0 0 0.32
3231 27 34 0 0 0.27
3232 23 42 0 0 0.23
3233 27 31 0 0 0.27
3234 40 24 0 0 0.4
3235 34 17 0 0 0.34
3236 19 19 0 0 0.19
3237 16 28 0 0 0.16
3238 13 25 0 0 0.13
3239 22 25 0 0 0.22
3240 25 12 0 0 0.25
3241 31 11 0 0 0.31
3242 22 16 0 0 0.22
3243 15 27 0 0 0.15
3244 16 33 0 0 0.16
3245 18 24 0 0 0.18
3246 21 19 0 0 0.21
3247 30 14 0 0 0.3
3248 22 23 0 0 0.22
3249 22 29 0 0 0.22
3250 26 37 0 0 0.26
3251 33 32 0 0 0.33
3252 43 28 0 0 0.43
3253 38 31 0 0 0.38
3254 26 37 0 0 0.26
3255 20 34 0 0 0.2
3256 22 30 0 0 0.22
3257 35 18 0 0 0.35
3258 36 17 0 0 0.36
3259 26 27 0 0 0.26
3260 19 36 0 0 0.19
3261 16 31 0 0 0.16
3262 20 18 0 0 0.2
3263 23 18 0 0 0.23
3264 28 15 0 0 0.28
3265 23 20 0 0 0.23
3266 18 26 0 0 0.18
3267 20 22 0 0 0.2
3268 20 19 0 0 0.2
3269 25 14 0 0 0.25
3270 22 20 0 0 0.22
3271 20 26 0 0 0.2
3272 20 32 0 0 0.2
3273 27 23 0 0 0.27
3274 29 19 0 0 0.29
3275 30 23 0 0 0.3
3276 26 24 0 0 0.26
3277 23 28 0 0 0.23
3278 27 34 0 0 0.27
3279 29 38 0 0 0.29
3280 38 30 0 0 0.38
3281 43 25 0 0 0.43
3282 30 39 0 0 0.3
3283 22 39 0 0 0.22
3284 24 29 0 0 0.24
3285 32 22 0 0 0.32
3286 32 28 0 0 0.32
3287 27 31 0 0 0.27
3288 22 33 0 0 0.22
3289 24 20 0 0 0.24
3290 25 17 0 0 0.25
3291 21 17 0 0 0.21
3292 26 24 0 0 0.26
3293 26 27 0 0 0.26
3294 23 32 0 0 0.23
3295 29 29 0 0 0.29
3296 44 25 0 0 0.44
3297 34 21 0 0 0.34
3298 21 34 0 0 0.21
3299 20 39 0 0 0.2
3300 36 28 0 0 0.36
3301 39 17 0 0 0.39
3302 27 25 0 0 0.27
3303 22 32 0 0 0.22
3304 24 31 0 0 0.24
3305 35 28 0 0 0.35
3306 31 25 0 0 0.31
3307 22 23 0 0 0.22
3308 20 21 0 0 0.2
3309 20 30 0 0 0.2
3310 20 33 0 0 0.2
3311 33 22 0 0 0.33
3312 31 20 0 0 0.31
3313 27 32 0 0 0.27
3314 23 36 0 0 0.23
3315 22 34 0 0 0.22
3316 30 19 0 0 0.3
3317 37 22 0 0 0.37
3318 29 37 0 0 0.29
3319 24 43 0 0 0.24
3320 32 28 0 0 0.32
3321 39 22 0 0 0.39
3322 37 23 0 0 0.37
3323 24 35 0 0 0.24
3324 21 38 0 0 0.21
3325 26 25 0 0 0.26
3326 26 18 0 0 0.26
3327 25 19 0 0 0.25
3328 24 18 0 0 0.24
3329 23 25 0 0 0.23
3330 18 27 0 0 0.18
3331 21 28 0 0 0.21
3332 26 20 0 0 0.26
3333 37 21 0 0 0.37
3334 32 32 0 0 0.32
3335 25 37 0 0 0.25
3336 27 31 0 0 0.27
3337 31 28 0 0 0.31
3338 32 17 0 0 0.32
3339 28 22 0 0 0.28
3340 20 26 0 0 0.2
3341 20 35 0 0 0.2
3342 21 28 0 0 0.21
3343 30 23 0 0 0.3
3344 29 14 0 0 0.29
3345 24 24 0 0 0.24
3346 19 23 0 0 0.19
3347 23 26 0 0 0.23
3348 28 26 0 0 0.28
3349 30 21 0 0 0.3
3350 30 29 0 0 0.3
3351 31 35 0 0 0.31
3352 32 39 0 0 0.32
3353 35 40 0 0 0.35
3354 32 22 0 0 0.32
3355 30 24 0 0 0.3
3356 25 26 0 0 0.25
3357 25 30 0 0 0.25
3358 26 26 0 0 0.26
3359 27 27 0 0 0.27
3360 18 22 0 0 0.18
3361 20 27 0 0 0.2
3362 25 25 0 0 0.25
3363 22 23 0 0 0.22
3364 26 19 0 0 0.26
3365 22 25 0 0 0.22
3366 24 30 0 0 0.24
3367 27 30 0 0 0.27
3368 30 20 0 0 0.3
3369 34 21 0 0 0.34
3370 22 32 0 0 0.22
3371 18 31 0 0 0.18
3372 19 25 0 0 0.19
3373 27 16 0 0 0.27
3374 28 12 0 0 0.28
3375 20 15 0 0 0.2
3376 16 21 0 0 0.16
3377 18 29 0 0 0.18
3378 17 29 0 0 0.17
3379 28 24 0 0 0.28
3380 34 28 0 0 0.34
3381 34 21 0 0 0.34
3382 26 26 0 0 0.26
3383 18 29 0 0 0.18
3384 18 29 0 0 0.18
3385 30 21 0 0 0.3
3386 33 14 0 0 0.33
3387 22 26 0 0 0.22
3388 14 31 0 0 0.14
3389 20 29 0 0 0.2
3390 31 19 0 0 0.31
3391 33 15 0 0 0.33
3392 22 21 0 0 0.22
3393 18 29 0 0 0.18
3394 28 31 0 0 0.28
3395 30 30 0 0 0.3
3396 39 26 0 0 0.39
3397 32 30 0 0 0.32
3398 25 34 0 0 0.25
3399 19 35 0 0 0.19
3400 27 25 0 0 0.27
3401 42 18 0 0 0.42
3402 29 21 0 0 0.29
3403 17 27 0 0 0.17
3404 14 35 0 0 0.14
3405 16 26 0 0 0.16
3406 20 16 0 0 0.2
3407 28 12 0 0 0.28
3408 29 14 0 0 0.29
3409 19 26 0 0 0.19
3410 16 39 0 0 0.16
3411 21 20 0 0 0.21
3412 30 25 0 0 0.3
3413 34 23 0 0 0.34
3414 31 22 0 0 0.31
3415 25 22 0 0 0.25
3416 15 28 0 0 0.15
3417 13 27 0 0 0.13
3418 15 15 0 0 0.15
3419 20 7 0 0 0.2
3420 18 8 0 0 0.18
3421 8 8 0 0 0.08
3422 8 11 0 0 0.08
3423 6 12 0 0 0.06
3424 4 13 0 0 0.04
3425 4 12 0 0 0.04
3426 2 5 0 0 0.02
3427 2 8 0 0 0.02
3428 4 6 0 0 0.04
3429 7 1 0 0 0.07
3430 12 0 0 0 0.12
3431 16 0 0 0 0.16
3432 12 0 0 0 0.12
3433 11 0 0 0 0.11
3434 3 0 0 0 0.03
3435 2 0 0 0 0.02
3436 0 0 0 0 0
3437 0 0 0 0 0
3438 0 0 0 0 0
3439 0 0 0 0 0
3440 0 0 0 0 0
3441 0 0 0 0 0
3442 0 0 0 0 0
3443 0 0 0 0 0
3444 0 0 0 0 0
3445 0 0 0 0 0
3446 0 0 0 0 0
