1 284 28 21 0.172535
2 335 16 8 0.0716418
3 287 5 8 0.0452962
4 380 0 4 0.0105263
5 306 0 3 0.00980392
6 352 1 5 0.0170455
7 302 3 1 0.013245
8 309 8 5 0.0420712
9 316 3 4 0.0221519
10 314 5 13 0.0573248
11 300 12 10 0.0733333
12 352 15 14 0.0823864
13 286 18 11 0.101399
14 254 20 13 0.129921
15 276 12 25 0.134058
16 253 15 22 0.146245
17 245 34 21 0.22449
18 244 23 11 0.139344
19 218 9 20 0.133028
20 182 15 22 0.203297
21 202 18 26 0.217822
22 195 24 19 0.220513
23 221 28 20 0.217195
24 201 13 21 0.169154
25 191 24 28 0.272251
26 196 18 16 0.173469
27 201 28 21 0.243781
28 240 13 21 0.141667
29 194 17 20 0.190722
30 189 18 22 0.21164
31 206 19 8 0.131068
32 156 26 9 0.224359
33 191 19 16 0.183246
34 142 8 22 0.211268
35 161 10 25 0.217391
36 130 14 21 0.269231
37 164 29 12 0.25
38 158 25 9 0.21519
39 188 16 16 0.170213
40 128 11 26 0.289062
41 138 10 24 0.246377
42 176 14 18 0.181818
43 141 27 14 0.29078
44 157 20 11 0.197452
45 155 18 16 0.219355
46 159 11 25 0.226415
47 153 18 17 0.228758
48 146 21 18 0.267123
49 163 17 16 0.202454
50 158 23 19 0.265823
51 214 20 22 0.196262
52 173 13 25 0.219653
53 234 19 20 0.166667
54 180 17 15 0.177778
55 192 33 18 0.265625
56 233 19 18 0.158798
57 196 18 25 0.219388
58 206 13 24 0.179612
59 201 23 20 0.21393
60 170 22 7 0.170588
61 157 23 17 0.254777
62 153 9 20 0.189542
63 145 7 23 0.206897
64 138 13 12 0.181159
65 102 18 9 0.264706
66 135 29 9 0.281481
67 150 15 15 0.2
68 124 10 29 0.314516
69 178 16 23 0.219101
70 171 16 10 0.152047
71 132 19 9 0.212121
72 138 27 15 0.304348
73 136 11 14 0.183824
74 142 12 26 0.267606
75 152 10 25 0.230263
76 167 21 13 0.203593
77 172 30 13 0.25
78 181 18 15 0.18232
79 166 15 30 0.271084
80 217 17 28 0.207373
81 211 26 14 0.189573
82 228 21 14 0.153509
83 171 14 17 0.181287
84 160 11 24 0.21875
85 148 14 17 0.209459
86 144 23 12 0.243056
87 147 21 12 0.22449
88 153 17 15 0.20915
89 153 17 22 0.254902
90 197 21 30 0.258883
91 226 20 24 0.19469
92 218 25 21 0.211009
93 233 21 17 0.16309
94 233 21 24 0.193133
95 231 16 20 0.155844
96 190 18 22 0.210526
97 219 24 20 0.200913
98 240 24 14 0.158333
99 175 19 14 0.188571
100 175 14 21 0.2
101 185 18 21 0.210811
102 155 15 14 0.187097
103 171 23 15 0.222222
104 154 23 18 0.266234
105 162 19 29 0.296296
106 214 17 18 0.163551
107 177 21 23 0.248588
108 191 24 18 0.219895
109 207 26 23 0.236715
110 233 11 24 0.150215
111 210 13 21 0.161905
112 171 20 11 0.181287
113 131 23 12 0.267176
114 155 17 15 0.206452
115 146 14 19 0.226027
116 173 13 17 0.17341
117 144 18 18 0.25
118 162 23 13 0.222222
119 168 20 22 0.25
120 159 15 22 0.232704
121 174 21 27 0.275862
122 235 21 17 0.161702
123 202 26 21 0.232673
124 237 21 21 0.177215
125 229 18 19 0.161572
126 215 20 17 0.172093
127 188 15 16 0.164894
128 206 20 26 0.223301
129 185 22 23 0.243243
130 193 20 23 0.222798
131 185 18 16 0.183784
132 198 24 22 0.232323
133 230 22 22 0.191304
134 201 22 16 0.189055
135 183 18 14 0.174863
136 190 21 14 0.184211
137 169 12 18 0.177515
138 148 14 27 0.277027
139 170 15 20 0.205882
140 142 15 19 0.239437
141 142 18 9 0.190141
142 135 22 14 0.266667
143 134 21 13 0.253731
144 151 18 23 0.271523
145 189 14 24 0.201058
146 172 15 18 0.19186
147 166 17 15 0.192771
148 155 18 19 0.23871
149 132 14 13 0.204545
150 163 21 21 0.257669
151 166 21 15 0.216867
152 170 21 17 0.223529
153 178 19 16 0.196629
154 180 16 21 0.205556
155 142 17 12 0.204225
156 135 11 15 0.192593
157 123 10 14 0.195122
158 124 15 23 0.306452
159 146 12 15 0.184932
160 106 16 10 0.245283
161 113 19 14 0.292035
162 127 13 10 0.181102
163 92 13 13 0.282609
164 97 15 20 0.360825
165 118 14 20 0.288136
166 134 18 14 0.238806
167 138 18 13 0.224638
168 151 23 15 0.251656
169 153 16 19 0.228758
170 166 13 23 0.216867
171 152 18 22 0.263158
172 185 21 18 0.210811
173 164 20 15 0.213415
174 186 18 19 0.198925
175 164 12 21 0.20122
176 151 18 18 0.238411
177 133 14 11 0.18797
178 136 21 10 0.227941
179 126 19 10 0.230159
180 146 13 26 0.267123
181 156 12 24 0.230769
182 148 20 13 0.222973
183 141 21 11 0.22695
184 167 18 21 0.233533
185 193 18 17 0.181347
186 156 18 25 0.275641
187 210 22 19 0.195238
188 185 19 16 0.189189
189 202 26 17 0.212871
190 204 15 22 0.181373
191 226 18 29 0.207965
192 169 13 17 0.177515
193 185 26 14 0.216216
194 144 22 13 0.243056
195 189 18 25 0.227513
196 166 14 23 0.222892
197 165 13 15 0.169697
198 168 19 21 0.238095
199 180 18 18 0.2
200 167 22 20 0.251497
201 189 24 15 0.206349
202 188 21 17 0.202128
203 209 18 19 0.177033
204 166 17 22 0.23494
205 161 17 18 0.217391
206 157 16 20 0.229299
207 145 20 15 0.241379
208 153 22 13 0.228758
209 190 12 19 0.163158
210 135 14 19 0.244444
211 161 19 22 0.254658
212 138 18 10 0.202899
213 146 24 13 0.253425
214 129 13 11 0.186047
215 124 9 23 0.258065
216 120 7 17 0.2
217 113 11 12 0.20354
218 92 13 6 0.206522
219 77 16 6 0.285714
220 96 12 9 0.21875
221 73 8 13 0.287671
222 88 14 18 0.363636
223 120 17 21 0.316667
224 131 17 16 0.251908
225 162 21 19 0.246914
226 168 18 18 0.214286
227 147 20 17 0.251701
228 163 19 21 0.245399
229 175 21 24 0.257143
230 199 25 20 0.226131
231 214 20 14 0.158879
232 185 15 21 0.194595
233 183 18 26 0.240437
234 166 12 15 0.162651
235 161 24 11 0.217391
236 139 14 10 0.172662
237 135 18 21 0.288889
238 150 15 19 0.226667
239 191 26 22 0.251309
240 191 15 20 0.183246
241 186 14 18 0.172043
242 147 20 21 0.278912
243 197 24 16 0.203046
244 176 22 20 0.238636
245 183 23 17 0.218579
246 164 19 19 0.231707
247 184 12 18 0.163043
248 169 16 28 0.260355
249 191 21 22 0.225131
250 202 21 19 0.19802
251 220 26 22 0.218182
252 221 14 17 0.140271
253 171 17 23 0.233918
254 195 19 15 0.174359
255 199 25 20 0.226131
256 224 20 15 0.15625
257 185 21 20 0.221622
258 178 13 19 0.179775
259 160 13 22 0.21875
260 147 21 19 0.272109
261 162 28 13 0.253086
262 194 19 18 0.190722
263 166 18 26 0.26506
264 216 16 21 0.171296
265 179 20 19 0.217877
266 192 14 11 0.130208
267 141 19 12 0.219858
268 125 12 15 0.216
269 139 12 23 0.251799
270 132 15 18 0.25
271 163 22 14 0.220859
272 140 21 19 0.285714
273 176 19 27 0.261364
274 204 20 11 0.151961
275 200 25 23 0.24
276 216 21 19 0.185185
277 231 20 23 0.186147
278 212 17 25 0.198113
279 222 31 27 0.261261
280 246 24 19 0.174797
281 254 20 18 0.149606
282 192 13 17 0.15625
283 175 23 26 0.28
284 206 15 13 0.135922
285 192 24 14 0.197917
286 208 20 23 0.206731
287 177 10 20 0.169492
288 155 12 19 0.2
289 151 16 14 0.198675
290 110 17 8 0.227273
291 154 19 18 0.24026
292 151 19 19 0.251656
293 146 13 11 0.164384
294 133 10 22 0.240602
295 142 16 19 0.246479
296 160 27 10 0.23125
297 167 22 19 0.245509
298 174 19 23 0.241379
299 171 14 20 0.19883
300 183 17 27 0.240437
301 181 28 13 0.226519
302 163 21 9 0.184049
303 151 11 21 0.211921
304 125 8 27 0.28
305 148 17 14 0.209459
306 133 21 6 0.203008
307 144 23 14 0.256944
308 153 15 20 0.228758
309 145 11 28 0.268966
310 167 12 25 0.221557
311 178 30 14 0.247191
312 179 33 10 0.240223
313 218 19 20 0.178899
314 221 10 32 0.190045
315 209 13 18 0.148325
316 144 22 14 0.25
317 152 24 10 0.223684
318 156 13 18 0.198718
319 151 11 24 0.231788
320 168 14 28 0.25
321 150 15 8 0.153333
322 126 30 10 0.31746
323 153 23 14 0.24183
324 162 10 33 0.265432
325 184 13 19 0.173913
326 156 28 16 0.282051
327 211 25 19 0.208531
328 193 17 14 0.160622
329 189 11 27 0.201058
330 143 16 20 0.251748
331 163 22 13 0.214724
332 161 24 9 0.204969
333 160 17 18 0.21875
334 158 12 26 0.240506
335 153 17 22 0.254902
336 190 22 17 0.205263
337 175 19 19 0.217143
338 181 18 15 0.18232
339 180 19 23 0.233333
340 177 19 19 0.214689
341 194 18 12 0.154639
342 186 26 26 0.27957
343 223 24 26 0.224215
344 262 28 24 0.198473
345 257 24 16 0.155642
346 269 23 19 0.156134
347 214 13 24 0.172897
348 235 14 34 0.204255
349 256 23 18 0.160156
350 245 32 13 0.183673
351 233 20 19 0.167382
352 196 12 32 0.22449
353 199 13 19 0.160804
354 178 17 17 0.191011
355 169 27 8 0.207101
356 158 21 16 0.234177
357 140 19 15 0.242857
358 178 14 23 0.207865
359 178 19 24 0.241573
360 199 28 23 0.256281
361 226 18 18 0.159292
362 201 23 16 0.19403
363 202 17 21 0.188119
364 184 16 26 0.228261
365 187 16 21 0.197861
366 185 23 15 0.205405
367 152 22 9 0.203947
368 162 19 15 0.209877
369 166 9 21 0.180723
370 145 12 19 0.213793
371 117 17 11 0.239316
372 141 22 6 0.198582
373 122 10 11 0.172131
374 98 3 14 0.173469
375 87 6 20 0.298851
376 77 5 22 0.350649
377 103 14 11 0.242718
378 101 31 7 0.376238
379 137 23 9 0.233577
380 128 15 17 0.25
381 110 9 20 0.263636
382 155 11 26 0.23871
383 147 10 12 0.14966
384 118 22 10 0.271186
385 121 22 9 0.256198
386 162 22 19 0.253086
387 152 13 24 0.243421
388 179 15 27 0.234637
389 179 12 15 0.150838
390 148 22 10 0.216216
391 126 19 15 0.269841
392 149 14 20 0.228188
393 156 21 21 0.269231
394 171 16 21 0.216374
395 177 23 16 0.220339
396 176 17 15 0.181818
397 165 20 23 0.260606
398 199 14 25 0.19598
399 225 27 18 0.2
400 193 23 13 0.186528
401 190 19 18 0.194737
402 168 12 21 0.196429
403 181 18 23 0.226519
404 167 17 11 0.167665
405 171 20 17 0.216374
406 148 19 21 0.27027
407 181 15 15 0.165746
408 171 22 21 0.251462
409 171 17 21 0.222222
410 182 23 22 0.247253
411 200 20 21 0.205
412 184 21 24 0.244565
413 198 23 17 0.20202
414 192 25 10 0.182292
415 206 15 21 0.174757
416 175 17 28 0.257143
417 233 18 25 0.184549
418 173 19 13 0.184971
419 201 26 13 0.19403
420 151 17 17 0.225166
421 153 16 25 0.267974
422 161 10 23 0.204969
423 167 17 19 0.215569
424 134 14 13 0.201493
425 121 24 11 0.289256
426 147 24 15 0.265306
427 159 18 24 0.264151
428 158 15 25 0.253165
429 171 18 14 0.187135
430 163 18 16 0.208589
431 189 22 22 0.232804
432 190 17 22 0.205263
433 180 16 24 0.222222
434 180 21 15 0.2
435 189 23 19 0.222222
436 180 28 19 0.261111
437 230 13 24 0.16087
438 205 15 20 0.170732
439 179 17 18 0.195531
440 183 26 12 0.20765
441 156 19 15 0.217949
442 185 20 27 0.254054
443 197 17 29 0.233503
444 231 24 20 0.190476
445 249 31 13 0.176707
446 237 23 17 0.168776
447 196 10 22 0.163265
448 177 10 25 0.19774
449 147 12 21 0.22449
450 135 21 12 0.244444
451 154 33 13 0.298701
452 191 21 18 0.204188
453 169 16 25 0.242604
454 218 22 32 0.247706
455 237 17 15 0.135021
456 208 21 13 0.163462
457 173 17 16 0.190751
458 120 15 16 0.258333
459 147 16 22 0.258503
460 160 13 17 0.1875
461 151 18 15 0.218543
462 127 24 14 0.299213
463 167 14 15 0.173653
464 143 16 19 0.244755
465 133 19 16 0.263158
466 177 22 21 0.242938
467 153 20 15 0.228758
468 166 15 24 0.23494
469 154 13 17 0.194805
470 151 16 19 0.231788
471 136 12 17 0.213235
472 128 17 16 0.257812
473 143 18 10 0.195804
474 105 20 13 0.314286
475 135 16 16 0.237037
476 136 12 16 0.205882
477 119 8 20 0.235294
478 103 8 12 0.194175
479 92 12 10 0.23913
480 85 13 4 0.2
481 99 23 12 0.353535
482 110 12 7 0.172727
483 94 17 16 0.351064
484 132 12 23 0.265152
485 135 12 27 0.288889
486 152 18 21 0.256579
487 183 25 13 0.20765
488 149 27 13 0.268456
489 209 17 26 0.205742
490 223 16 24 0.179372
491 211 24 22 0.218009
492 201 19 15 0.169154
493 184 20 18 0.206522
494 178 12 24 0.202247
495 151 13 12 0.165563
496 145 20 15 0.241379
497 131 21 12 0.251908
498 164 22 18 0.243902
499 214 13 22 0.163551
500 165 14 17 0.187879
501 146 10 23 0.226027
502 178 16 15 0.174157
503 118 26 7 0.279661
504 163 25 13 0.233129
505 130 10 11 0.161538
506 111 8 19 0.243243
507 114 13 22 0.307018
508 139 15 14 0.208633
509 117 21 12 0.282051
510 155 25 16 0.264516
511 165 17 13 0.181818
512 137 11 24 0.255474
513 152 13 28 0.269737
514 174 20 22 0.241379
515 182 24 14 0.208791
516 163 25 12 0.226994
517 184 19 14 0.179348
518 143 11 24 0.244755
519 178 13 25 0.213483
520 181 24 18 0.232044
521 189 26 12 0.201058
522 201 19 21 0.199005
523 162 9 24 0.203704
524 171 20 22 0.245614
525 152 18 14 0.210526
526 153 25 18 0.281046
527 163 18 17 0.214724
528 163 13 15 0.171779
529 141 16 23 0.276596
530 152 17 16 0.217105
531 129 21 13 0.263566
532 182 19 22 0.225275
533 172 15 18 0.19186
534 177 20 20 0.225989
535 170 19 17 0.211765
536 170 22 19 0.241176
537 155 16 18 0.219355
538 180 14 22 0.2
539 167 20 17 0.221557
540 159 20 16 0.226415
541 188 22 12 0.180851
542 143 16 17 0.230769
543 130 12 18 0.230769
544 154 14 25 0.253247
545 179 19 21 0.223464
546 157 28 12 0.254777
547 203 21 23 0.216749
548 174 12 24 0.206897
549 185 13 19 0.172973
550 182 23 17 0.21978
551 167 23 8 0.185629
552 154 20 16 0.233766
553 168 11 25 0.214286
554 160 10 28 0.2375
555 177 23 13 0.20339
556 156 21 7 0.179487
557 134 26 12 0.283582
558 153 13 18 0.202614
559 132 15 22 0.280303
560 159 8 24 0.201258
561 152 15 16 0.203947
562 145 20 13 0.227586
563 141 22 12 0.241135
564 160 19 21 0.25
565 162 16 18 0.209877
566 183 18 28 0.251366
567 206 22 19 0.199029
568 190 22 16 0.2
569 202 25 21 0.227723
570 205 17 22 0.190244
571 187 15 20 0.187166
572 175 21 15 0.205714
573 163 17 15 0.196319
574 145 16 18 0.234483
575 164 12 19 0.189024
576 132 14 17 0.234848
577 168 30 18 0.285714
578 194 25 20 0.231959
579 197 11 20 0.15736
580 184 18 24 0.228261
581 179 20 16 0.201117
582 183 21 16 0.202186
583 167 18 20 0.227545
584 188 20 21 0.218085
585 195 26 20 0.235897
586 215 21 17 0.176744
587 193 19 25 0.227979
588 227 21 25 0.202643
589 174 18 15 0.189655
590 176 17 15 0.181818
591 168 12 16 0.166667
592 143 13 20 0.230769
593 139 21 14 0.251799
594 130 22 15 0.284615
595 125 15 13 0.224
596 132 17 18 0.265152
597 145 16 19 0.241379
598 163 20 19 0.239264
599 168 16 18 0.202381
600 157 13 20 0.210191
601 170 17 22 0.229412
602 162 25 11 0.222222
603 167 19 11 0.179641
604 161 10 21 0.192547
605 149 12 30 0.281879
606 170 21 19 0.235294
607 160 26 10 0.225
608 186 30 19 0.263441
609 195 15 23 0.194872
610 196 16 35 0.260204
611 229 25 12 0.161572
612 186 27 11 0.204301
613 188 15 21 0.191489
614 180 16 30 0.255556
615 184 19 24 0.233696
616 208 24 15 0.1875
617 174 21 14 0.201149
618 172 22 18 0.232558
619 182 10 21 0.17033
620 186 18 23 0.22043
621 195 21 19 0.205128
622 187 27 16 0.229947
623 192 17 21 0.197917
624 223 18 27 0.201794
625 194 18 21 0.201031
626 204 17 17 0.166667
627 168 16 14 0.178571
628 143 23 15 0.265734
629 185 21 28 0.264865
630 195 19 20 0.2
631 198 25 20 0.227273
632 164 21 11 0.195122
633 199 18 15 0.165829
634 153 19 21 0.261438
635 167 14 18 0.191617
636 201 17 23 0.199005
637 132 11 19 0.227273
638 171 26 17 0.251462
639 191 26 18 0.230366
640 199 21 21 0.211055
641 216 21 30 0.236111
642 246 23 22 0.182927
643 221 24 17 0.18552
644 233 20 21 0.175966
645 202 13 25 0.188119
646 212 23 22 0.212264
647 198 22 19 0.207071
648 227 26 13 0.171806
649 227 15 22 0.162996
650 197 17 24 0.208122
651 209 24 21 0.215311
652 188 24 16 0.212766
653 219 24 24 0.219178
654 225 15 16 0.137778
655 198 20 25 0.227273
656 192 16 19 0.182292
657 198 25 19 0.222222
658 198 19 17 0.181818
659 241 21 25 0.190871
660 183 14 22 0.196721
661 206 27 27 0.262136
662 208 16 12 0.134615
663 214 24 21 0.21028
664 189 19 22 0.216931
665 215 20 21 0.190698
666 186 19 18 0.198925
667 181 24 23 0.259669
668 182 23 18 0.225275
669 222 21 27 0.216216
670 199 18 18 0.180905
671 196 17 23 0.204082
672 189 21 13 0.179894
673 186 26 27 0.284946
674 192 21 24 0.234375
675 211 28 17 0.21327
676 220 11 16 0.122727
677 161 15 19 0.21118
678 143 12 14 0.181818
679 155 21 17 0.245161
680 166 26 17 0.259036
681 207 21 29 0.241546
682 227 16 26 0.185022
683 220 18 24 0.190909
684 243 33 17 0.205761
685 225 20 16 0.16
686 207 24 26 0.241546
687 229 16 28 0.19214
688 223 22 24 0.206278
689 247 27 18 0.182186
690 229 23 18 0.179039
691 241 17 20 0.153527
692 177 19 20 0.220339
693 183 18 14 0.174863
694 178 20 22 0.235955
695 172 17 16 0.19186
696 170 25 22 0.276471
697 203 22 20 0.206897
698 197 18 20 0.192893
699 187 13 22 0.187166
700 146 17 19 0.246575
701 202 26 25 0.252475
702 204 23 19 0.205882
703 222 20 20 0.18018
704 195 22 27 0.251282
705 205 21 28 0.239024
706 243 23 16 0.160494
707 222 22 21 0.193694
708 226 19 21 0.176991
709 201 14 15 0.144279
710 176 23 16 0.221591
711 168 20 13 0.196429
712 145 19 18 0.255172
713 167 13 26 0.233533
714 167 16 17 0.197605
715 199 23 14 0.18593
716 186 21 19 0.215054
717 172 19 16 0.203488
718 169 19 23 0.248521
719 165 15 19 0.206061
720 165 20 22 0.254545
721 201 25 27 0.258706
722 216 18 15 0.152778
723 200 20 18 0.19
724 176 21 18 0.221591
725 177 20 26 0.259887
726 235 18 14 0.13617
727 170 19 15 0.2
728 151 16 18 0.225166
729 179 18 23 0.22905
730 185 19 22 0.221622
731 234 22 22 0.188034
732 199 31 14 0.226131
733 235 14 23 0.157447
734 199 18 25 0.21608
735 175 22 22 0.251429
736 201 24 18 0.208955
737 198 22 21 0.217172
738 203 21 25 0.226601
739 207 18 21 0.188406
740 226 22 25 0.207965
741 210 29 21 0.238095
742 260 22 20 0.161538
743 215 19 18 0.172093
744 199 14 27 0.20603
745 237 22 21 0.181435
746 250 24 14 0.152
747 175 19 17 0.205714
748 183 18 19 0.202186
749 149 8 19 0.181208
750 163 12 22 0.208589
751 135 15 11 0.192593
752 115 24 5 0.252174
753 120 21 8 0.241667
754 111 6 14 0.18018
755 76 6 18 0.315789
756 85 4 17 0.247059
757 79 10 9 0.240506
758 74 17 11 0.378378
759 95 22 8 0.315789
760 108 17 12 0.268519
761 116 14 21 0.301724
762 129 14 22 0.27907
763 143 11 15 0.181818
764 156 23 12 0.224359
765 148 26 15 0.277027
766 161 17 19 0.223602
767 151 12 21 0.218543
768 152 13 19 0.210526
769 148 16 15 0.209459
770 149 20 11 0.208054
771 118 14 14 0.237288
772 118 15 25 0.338983
773 159 14 25 0.245283
774 183 25 18 0.234973
775 179 27 11 0.212291
776 185 22 18 0.216216
777 195 16 24 0.205128
778 189 12 23 0.185185
779 148 18 15 0.222973
780 176 27 18 0.255682
781 162 18 17 0.216049
782 164 18 18 0.219512
783 166 14 29 0.259036
784 192 17 16 0.171875
785 165 22 20 0.254545
786 197 30 16 0.233503
787 207 18 28 0.222222
788 212 10 23 0.15566
789 180 17 19 0.2
790 160 25 10 0.21875
791 176 28 19 0.267045
792 193 11 21 0.165803
793 157 14 23 0.235669
794 152 19 19 0.25
795 132 28 13 0.310606
796 174 21 16 0.212644
797 162 14 23 0.228395
798 159 11 25 0.226415
799 151 15 15 0.198675
800 156 31 14 0.288462
801 173 23 12 0.202312
802 151 15 28 0.284768
803 164 8 25 0.20122
804 171 22 16 0.222222
805 155 26 11 0.23871
806 187 21 12 0.176471
807 150 17 17 0.226667
808 185 20 28 0.259459
809 182 16 28 0.241758
810 188 24 15 0.207447
811 171 27 17 0.25731
812 190 15 22 0.194737
813 159 14 21 0.220126
814 164 21 21 0.256098
815 170 17 18 0.205882
816 184 23 26 0.266304
817 219 22 20 0.191781
818 210 28 20 0.228571
819 231 21 20 0.177489
820 243 21 29 0.205761
821 249 16 24 0.160643
822 227 23 15 0.167401
823 208 26 21 0.225962
824 211 17 23 0.189573
825 224 20 23 0.191964
826 192 20 18 0.197917
827 178 23 13 0.202247
828 164 20 16 0.219512
829 180 20 22 0.233333
830 187 15 17 0.171123
831 170 17 19 0.211765
832 176 15 16 0.176136
833 142 14 13 0.190141
834 146 23 14 0.253425
835 160 18 17 0.21875
836 163 15 25 0.245399
837 168 11 21 0.190476
838 163 15 16 0.190184
839 116 25 15 0.344828
840 145 17 12 0.2
841 143 14 24 0.265734
842 136 8 18 0.191176
843 126 11 17 0.222222
844 105 16 15 0.295238
845 129 19 13 0.248062
846 118 22 9 0.262712
847 158 18 18 0.227848
848 150 10 23 0.22
849 150 13 17 0.2
850 121 17 14 0.256198
851 136 24 10 0.25
852 113 23 9 0.283186
853 146 18 18 0.246575
854 149 9 26 0.234899
855 158 8 28 0.227848
856 139 14 13 0.194245
857 113 21 7 0.247788
858 114 21 7 0.245614
859 116 21 11 0.275862
860 113 11 12 0.20354
861 85 8 18 0.305882
862 102 10 14 0.235294
863 80 9 16 0.3125
864 115 14 18 0.278261
865 122 17 15 0.262295
866 155 24 20 0.283871
867 169 21 14 0.207101
868 178 18 24 0.235955
869 191 17 28 0.235602
870 200 17 16 0.165
871 173 20 12 0.184971
872 175 23 16 0.222857
873 209 13 23 0.172249
874 179 12 23 0.195531
875 172 21 16 0.215116
876 142 18 16 0.239437
877 167 22 17 0.233533
878 172 18 19 0.215116
879 177 22 18 0.225989
880 179 17 20 0.206704
881 175 19 18 0.211429
882 207 21 22 0.207729
883 215 18 21 0.181395
884 197 20 18 0.192893
885 176 18 17 0.198864
886 145 17 18 0.241379
887 175 20 16 0.205714
888 158 17 17 0.21519
889 154 21 14 0.227273
890 165 18 14 0.193939
891 151 14 23 0.245033
892 165 17 22 0.236364
893 202 21 18 0.193069
894 168 20 18 0.22619
895 168 24 16 0.238095
896 177 17 21 0.214689
897 178 15 14 0.162921
898 129 20 17 0.286822
899 178 22 15 0.207865
900 165 16 19 0.212121
901 149 10 15 0.167785
902 129 11 20 0.24031
903 135 18 20 0.281481
904 161 18 14 0.198758
905 159 20 12 0.201258
906 179 22 23 0.251397
907 169 12 17 0.171598
908 154 15 24 0.253247
909 139 7 13 0.143885
910 119 11 10 0.176471
911 102 20 10 0.294118
912 126 22 12 0.269841
913 135 15 19 0.251852
914 137 10 24 0.248175
915 162 18 27 0.277778
916 181 20 9 0.160221
917 158 18 9 0.170886
918 135 19 11 0.222222
919 123 15 15 0.243902
920 137 12 30 0.306569
921 163 18 19 0.226994
922 157 27 6 0.210191
923 145 18 12 0.206897
924 133 16 18 0.255639
925 145 6 33 0.268966
926 180 13 25 0.211111
927 198 27 9 0.181818
928 166 25 10 0.210843
929 135 13 14 0.2
930 125 13 22 0.28
931 134 10 25 0.261194
932 159 17 11 0.176101
933 122 17 6 0.188525
934 122 18 12 0.245902
935 104 12 11 0.221154
936 112 17 15 0.285714
937 123 11 14 0.203252
938 126 14 20 0.269841
939 107 11 23 0.317757
940 153 24 20 0.287582
941 186 27 13 0.215054
942 193 16 20 0.186528
943 179 19 29 0.268156
944 181 14 15 0.160221
945 130 17 9 0.2
946 156 21 17 0.24359
947 167 18 13 0.185629
948 138 19 18 0.268116
949 124 10 16 0.209677
950 160 15 31 0.2875
951 154 24 12 0.233766
952 176 20 13 0.1875
953 177 22 15 0.20904
954 141 14 26 0.283688
955 164 12 18 0.182927
956 171 21 23 0.25731
957 183 23 20 0.234973
958 212 21 21 0.198113
959 192 17 28 0.234375
960 208 19 15 0.163462
961 186 26 17 0.231183
962 216 22 16 0.175926
963 184 17 18 0.190217
964 184 12 19 0.168478
965 160 14 22 0.225
966 162 23 16 0.240741
967 173 23 22 0.260116
968 178 13 12 0.140449
969 123 13 19 0.260163
970 134 19 18 0.276119
971 159 24 16 0.251572
972 185 16 18 0.183784
973 191 19 24 0.225131
974 170 19 17 0.211765
975 211 24 19 0.203791
976 208 19 17 0.173077
977 196 16 20 0.183673
978 189 21 17 0.201058
979 212 27 20 0.221698
980 177 12 18 0.169492
981 207 20 29 0.236715
982 235 23 17 0.170213
983 242 24 21 0.18595
984 231 17 23 0.17316
985 234 18 29 0.200855
986 242 25 19 0.181818
987 215 25 18 0.2
988 213 19 21 0.187793
989 215 19 20 0.181395
990 204 22 20 0.205882
991 235 25 21 0.195745
992 222 17 12 0.130631
993 172 19 14 0.19186
994 162 18 22 0.246914
995 177 20 29 0.276836
996 216 17 24 0.189815
997 221 20 16 0.162896
998 190 20 23 0.226316
999 192 21 16 0.192708
1000 201 15 21 0.179104
1001 165 17 21 0.230303
1002 174 22 16 0.218391
1003 196 25 20 0.229592
1004 211 21 23 0.208531
1005 223 23 21 0.197309
1006 249 23 19 0.168675
1007 231 21 21 0.181818
1008 233 21 24 0.193133
1009 219 14 22 0.164384
1010 203 20 24 0.216749
1011 199 18 17 0.175879
1012 169 27 18 0.266272
1013 209 17 22 0.186603
1014 168 16 15 0.184524
1015 202 19 22 0.20297
1016 174 25 15 0.229885
1017 204 26 13 0.191176
1018 185 12 12 0.12973
1019 166 15 23 0.228916
1020 124 9 18 0.217742
1021 165 23 22 0.272727
1022 157 21 17 0.242038
1023 200 18 22 0.2
1024 176 13 19 0.181818
1025 177 23 24 0.265537
1026 164 23 9 0.195122
1027 186 20 15 0.188172
1028 161 11 14 0.15528
1029 147 13 24 0.251701
1030 148 16 12 0.189189
1031 155 20 19 0.251613
1032 161 18 22 0.248447
1033 183 19 19 0.20765
1034 165 19 19 0.230303
1035 178 11 18 0.162921
1036 132 18 12 0.227273
1037 143 29 24 0.370629
1038 223 19 21 0.179372
1039 206 15 29 0.213592
1040 176 17 14 0.176136
1041 157 24 14 0.242038
1042 157 23 20 0.273885
1043 183 17 23 0.218579
1044 165 15 22 0.224242
1045 163 14 15 0.177914
1046 150 24 16 0.266667
1047 163 21 19 0.245399
1048 168 16 17 0.196429
1049 189 19 21 0.21164
1050 162 10 12 0.135802
1051 141 20 21 0.29078
1052 155 15 17 0.206452
1053 149 20 11 0.208054
1054 144 14 12 0.180556
1055 112 16 10 0.232143
1056 104 19 14 0.317308
1057 150 18 20 0.253333
1058 152 7 17 0.157895
1059 129 14 22 0.27907
1060 141 10 19 0.205674
1061 159 20 20 0.251572
1062 177 25 13 0.214689
1063 197 28 16 0.22335
1064 182 19 19 0.208791
1065 186 16 23 0.209677
1066 178 8 19 0.151685
1067 159 21 20 0.257862
1068 192 17 16 0.171875
1069 149 14 8 0.147651
1070 126 17 17 0.269841
1071 159 27 19 0.289308
1072 162 15 19 0.209877
1073 186 16 22 0.204301
1074 166 16 19 0.210843
1075 154 18 21 0.253247
1076 184 23 17 0.217391
1077 200 34 22 0.28
1078 211 12 17 0.137441
1079 157 14 22 0.229299
1080 156 16 18 0.217949
1081 160 22 16 0.2375
1082 149 17 15 0.214765
1083 142 19 18 0.260563
1084 190 20 28 0.252632
1085 196 19 23 0.214286
1086 228 22 13 0.153509
1087 196 24 17 0.209184
1088 202 24 21 0.222772
1089 189 16 24 0.21164
1090 183 17 17 0.185792
1091 179 21 24 0.251397
1092 200 16 14 0.15
1093 156 19 17 0.230769
1094 168 19 19 0.22619
1095 149 12 16 0.187919
1096 162 16 18 0.209877
1097 144 21 19 0.277778
1098 161 19 14 0.204969
1099 149 18 14 0.214765
1100 142 19 16 0.246479
1101 175 20 26 0.262857
1102 189 16 20 0.190476
1103 184 14 17 0.168478
1104 170 26 21 0.276471
1105 184 18 12 0.163043
1106 189 22 14 0.190476
1107 156 18 17 0.224359
1108 177 11 25 0.20339
1109 161 9 20 0.180124
1110 125 12 18 0.24
1111 121 18 12 0.247934
1112 126 20 12 0.253968
1113 149 19 14 0.221477
1114 149 18 17 0.234899
1115 132 16 22 0.287879
1116 164 21 28 0.29878
1117 204 22 16 0.186275
1118 196 25 21 0.234694
1119 212 19 18 0.174528
1120 213 24 27 0.239437
1121 217 19 17 0.165899
1122 220 21 22 0.195455
1123 206 21 18 0.18932
1124 223 19 22 0.183857
1125 196 11 18 0.147959
1126 154 14 21 0.227273
1127 149 23 16 0.261745
1128 201 27 22 0.243781
1129 170 13 17 0.176471
1130 177 19 20 0.220339
1131 156 14 18 0.205128
1132 194 25 26 0.262887
1133 194 18 12 0.154639
1134 191 27 10 0.193717
1135 152 13 11 0.157895
1136 150 12 18 0.2
1137 140 11 28 0.278571
1138 164 14 18 0.195122
1139 166 21 19 0.240964
1140 177 30 13 0.242938
1141 172 14 19 0.19186
1142 157 13 18 0.197452
1143 176 12 20 0.181818
1144 124 15 13 0.225806
1145 140 22 15 0.264286
1146 126 21 15 0.285714
1147 158 24 19 0.272152
1148 154 12 20 0.207792
1149 186 21 21 0.225806
1150 163 18 28 0.282209
1151 197 21 17 0.192893
1152 160 18 15 0.20625
1153 171 18 12 0.175439
1154 141 9 17 0.184397
1155 125 12 20 0.256
1156 125 16 15 0.248
1157 133 23 16 0.293233
1158 182 25 20 0.247253
1159 203 24 16 0.197044
1160 194 12 19 0.159794
1161 151 16 22 0.251656
1162 137 14 19 0.240876
1163 160 27 15 0.2625
1164 184 19 13 0.173913
1165 166 22 20 0.253012
1166 184 16 26 0.228261
1167 168 15 27 0.25
1168 189 25 13 0.201058
1169 178 20 15 0.196629
1170 179 15 20 0.195531
1171 154 14 20 0.220779
1172 144 18 18 0.25
1173 146 17 13 0.205479
1174 147 21 19 0.272109
1175 154 21 20 0.266234
1176 204 16 22 0.186275
1177 223 19 23 0.188341
1178 214 27 20 0.219626
1179 206 23 12 0.169903
1180 194 18 17 0.180412
1181 159 16 21 0.232704
1182 179 12 22 0.189944
1183 172 23 19 0.244186
1184 182 19 17 0.197802
1185 206 20 20 0.194175
1186 172 18 18 0.209302
1187 179 17 24 0.22905
1188 189 17 19 0.190476
1189 200 21 15 0.18
1190 178 19 18 0.207865
1191 172 22 20 0.244186
1192 219 21 19 0.182648
1193 188 19 17 0.191489
1194 215 14 25 0.181395
1195 189 13 20 0.174603
1196 167 13 14 0.161677
1197 156 24 13 0.237179
1198 129 22 10 0.248062
1199 129 18 13 0.24031
1200 134 11 21 0.238806
1201 137 14 26 0.291971
1202 179 19 19 0.212291
1203 166 22 15 0.222892
1204 184 24 16 0.217391
1205 176 12 21 0.1875
1206 167 15 20 0.209581
1207 145 14 20 0.234483
1208 144 16 13 0.201389
1209 126 22 13 0.277778
1210 137 18 12 0.218978
1211 139 16 22 0.273381
1212 146 9 20 0.19863
1213 138 18 15 0.23913
1214 142 20 14 0.239437
1215 157 20 21 0.261146
1216 161 14 13 0.167702
1217 137 16 13 0.211679
1218 122 11 19 0.245902
1219 130 14 15 0.223077
1220 118 18 13 0.262712
1221 133 12 15 0.203008
1222 131 17 16 0.251908
1223 108 15 13 0.259259
1224 113 16 13 0.256637
1225 127 19 15 0.267717
1226 142 19 13 0.225352
1227 140 12 15 0.192857
1228 112 10 14 0.214286
1229 118 13 19 0.271186
1230 110 19 14 0.3
1231 181 18 17 0.19337
1232 137 16 20 0.262774
1233 155 18 19 0.23871
1234 159 18 19 0.232704
1235 173 21 14 0.202312
1236 154 13 14 0.175325
1237 143 15 18 0.230769
1238 137 13 20 0.240876
1239 158 17 14 0.196203
1240 149 19 12 0.208054
1241 122 17 13 0.245902
1242 126 19 13 0.253968
1243 124 13 20 0.266129
1244 139 15 21 0.258993
1245 154 15 16 0.201299
1246 140 15 12 0.192857
1247 109 17 9 0.238532
1248 119 16 16 0.268908
1249 110 11 13 0.218182
1250 148 14 20 0.22973
1251 146 12 17 0.19863
1252 155 15 19 0.219355
1253 147 26 17 0.292517
1254 166 18 14 0.192771
1255 168 23 13 0.214286
1256 145 12 21 0.227586
1257 168 16 30 0.27381
1258 179 14 21 0.195531
1259 183 26 16 0.229508
1260 165 23 18 0.248485
1261 197 19 20 0.19797
1262 216 19 24 0.199074
1263 204 21 23 0.215686
1264 201 23 13 0.179104
1265 174 29 19 0.275862
1266 229 15 23 0.165939
1267 211 11 30 0.194313
1268 211 23 22 0.21327
1269 178 31 10 0.230337
1270 204 23 15 0.186275
1271 194 16 24 0.206186
1272 186 11 29 0.215054
1273 224 17 20 0.165179
1274 179 24 9 0.184358
1275 161 26 12 0.236025
1276 155 15 16 0.2
1277 144 10 25 0.243056
1278 158 11 21 0.202532
1279 148 16 18 0.22973
1280 148 22 12 0.22973
1281 149 28 12 0.268456
1282 182 16 18 0.186813
1283 159 13 21 0.213836
1284 175 19 21 0.228571
1285 171 20 17 0.216374
1286 177 18 19 0.20904
1287 198 15 23 0.191919
1288 184 21 23 0.23913
1289 195 15 14 0.148718
1290 141 17 15 0.22695
1291 159 20 9 0.18239
1292 140 17 17 0.242857
1293 128 13 15 0.21875
1294 122 9 19 0.229508
1295 145 13 22 0.241379
1296 126 12 8 0.15873
1297 109 24 8 0.293578
1298 114 13 13 0.22807
1299 100 8 8 0.16
1300 89 13 17 0.337079
1301 100 16 17 0.33
1302 134 16 15 0.231343
1303 134 12 20 0.238806
1304 182 24 15 0.214286
1305 167 20 22 0.251497
1306 197 18 24 0.213198
1307 241 22 20 0.174274
1308 188 21 20 0.218085
1309 223 20 17 0.165919
1310 203 19 23 0.206897
1311 190 13 20 0.173684
1312 157 16 22 0.242038
1313 189 23 15 0.201058
1314 154 24 13 0.24026
1315 211 24 22 0.218009
1316 190 16 21 0.194737
1317 213 19 24 0.201878
1318 197 22 16 0.192893
1319 189 22 16 0.201058
1320 181 15 22 0.20442
1321 170 20 24 0.258824
1322 185 17 20 0.2
1323 182 25 16 0.225275
1324 218 28 18 0.211009
1325 247 19 17 0.145749
1326 171 7 29 0.210526
1327 202 19 16 0.173267
1328 143 19 13 0.223776
1329 157 21 21 0.267516
1330 165 17 25 0.254545
1331 193 20 24 0.227979
1332 201 28 13 0.20398
1333 179 20 10 0.167598
1334 159 12 12 0.150943
1335 124 11 22 0.266129
1336 135 16 16 0.237037
1337 147 16 24 0.272109
1338 192 21 19 0.208333
1339 194 21 23 0.226804
1340 202 21 15 0.178218
1341 192 19 22 0.213542
1342 210 20 22 0.2
1343 198 22 21 0.217172
1344 211 26 17 0.203791
1345 193 16 23 0.202073
1346 212 16 18 0.160377
1347 172 15 15 0.174419
1348 144 23 16 0.270833
1349 194 12 17 0.149485
1350 136 19 19 0.279412
1351 192 23 27 0.260417
1352 202 21 21 0.207921
1353 220 29 22 0.231818
1354 222 20 21 0.184685
1355 213 18 15 0.15493
1356 185 11 18 0.156757
1357 165 18 24 0.254545
1358 165 24 18 0.254545
1359 162 21 8 0.179012
1360 160 26 22 0.3
1361 234 9 26 0.149573
1362 175 21 26 0.268571
1363 186 15 11 0.139785
1364 197 25 12 0.187817
1365 164 19 12 0.189024
1366 181 13 26 0.21547
1367 148 11 24 0.236486
1368 177 21 26 0.265537
1369 172 26 16 0.244186
1370 207 25 13 0.183575
1371 200 16 22 0.19
1372 220 12 24 0.163636
1373 188 20 24 0.234043
1374 225 27 13 0.177778
1375 205 25 16 0.2
1376 215 16 27 0.2
1377 205 17 24 0.2
1378 196 20 18 0.193878
1379 181 19 12 0.171271
1380 177 21 14 0.19774
1381 158 15 15 0.189873
1382 142 12 19 0.21831
1383 134 16 18 0.253731
1384 138 17 16 0.23913
1385 145 16 13 0.2
1386 139 15 20 0.251799
1387 159 17 23 0.251572
1388 157 18 16 0.216561
1389 170 25 17 0.247059
1390 141 18 14 0.22695
1391 202 25 29 0.267327
1392 213 17 23 0.187793
1393 257 23 16 0.151751
1394 196 18 15 0.168367
1395 152 15 19 0.223684
1396 161 18 24 0.26087
1397 176 18 23 0.232955
1398 199 22 20 0.211055
1399 167 31 11 0.251497
1400 211 26 21 0.222749
1401 210 10 15 0.119048
1402 168 14 34 0.285714
1403 214 18 19 0.172897
1404 179 24 14 0.212291
1405 165 19 16 0.212121
1406 173 19 22 0.236994
1407 164 22 19 0.25
1408 201 21 16 0.18408
1409 165 13 17 0.181818
1410 176 13 21 0.193182
1411 116 9 21 0.258621
1412 135 20 12 0.237037
1413 133 23 17 0.300752
1414 137 19 14 0.240876
1415 140 16 17 0.235714
1416 138 15 19 0.246377
1417 128 17 13 0.234375
1418 135 19 12 0.22963
1419 142 20 22 0.295775
1420 150 14 18 0.213333
1421 162 20 21 0.253086
1422 155 17 21 0.245161
1423 194 27 25 0.268041
1424 228 18 21 0.171053
1425 204 25 19 0.215686
1426 211 19 25 0.208531
1427 235 22 18 0.170213
1428 195 23 19 0.215385
1429 200 18 19 0.185
1430 175 15 22 0.211429
1431 179 21 15 0.201117
1432 164 18 20 0.231707
1433 159 20 19 0.245283
1434 183 19 19 0.20765
1435 193 14 26 0.207254
1436 183 13 17 0.163934
1437 146 20 16 0.246575
1438 141 17 7 0.170213
1439 119 10 20 0.252101
1440 116 15 17 0.275862
1441 140 16 18 0.242857
1442 121 16 9 0.206612
1443 119 26 14 0.336134
1444 147 12 17 0.197279
1445 156 16 21 0.237179
1446 150 16 19 0.233333
1447 164 21 16 0.22561
1448 147 21 10 0.210884
1449 161 21 19 0.248447
1450 156 12 19 0.198718
1451 127 13 23 0.283465
1452 151 16 18 0.225166
1453 138 25 12 0.268116
1454 174 21 16 0.212644
1455 164 13 17 0.182927
1456 145 16 20 0.248276
1457 153 17 22 0.254902
1458 172 16 19 0.203488
1459 176 17 12 0.164773
1460 164 18 20 0.231707
1461 132 14 10 0.181818
1462 134 18 11 0.216418
1463 119 17 17 0.285714
1464 132 8 14 0.166667
1465 104 9 19 0.269231
1466 135 21 19 0.296296
1467 135 19 14 0.244444
1468 139 16 14 0.215827
1469 136 18 20 0.279412
1470 146 18 15 0.226027
1471 139 20 22 0.302158
1472 176 20 19 0.221591
1473 158 21 17 0.240506
1474 202 19 29 0.237624
1475 226 23 20 0.190265
1476 244 26 15 0.168033
1477 204 16 18 0.166667
1478 163 15 19 0.208589
1479 168 10 23 0.196429
1480 121 14 20 0.280992
1481 154 26 15 0.266234
1482 161 17 13 0.186335
1483 150 22 19 0.273333
1484 162 14 22 0.222222
1485 183 13 23 0.196721
1486 169 26 16 0.248521
1487 200 30 13 0.215
1488 183 15 18 0.180328
1489 158 14 21 0.221519
1490 170 13 22 0.205882
1491 148 14 9 0.155405
1492 108 19 13 0.296296
1493 127 25 11 0.283465
1494 132 14 17 0.234848
1495 136 18 19 0.272059
1496 137 10 19 0.211679
1497 142 12 24 0.253521
1498 190 21 17 0.2
1499 160 24 14 0.2375
1500 212 24 27 0.240566
1501 183 15 23 0.20765
1502 245 23 20 0.17551
1503 201 17 14 0.154229
1504 191 22 16 0.198953
1505 202 20 22 0.207921
1506 178 11 20 0.174157
1507 190 20 29 0.257895
1508 189 13 15 0.148148
1509 179 24 15 0.217877
1510 171 21 11 0.187135
1511 154 18 16 0.220779
1512 134 15 14 0.216418
1513 129 15 21 0.27907
1514 167 18 25 0.257485
1515 189 28 19 0.248677
1516 193 15 12 0.139896
1517 190 22 24 0.242105
1518 178 16 19 0.196629
1519 223 22 22 0.197309
1520 186 24 21 0.241935
1521 204 22 17 0.191176
1522 177 10 16 0.146893
1523 186 25 23 0.258065
1524 167 12 19 0.185629
1525 203 23 24 0.231527
1526 181 10 15 0.138122
1527 172 20 17 0.215116
1528 126 16 7 0.18254
1529 119 13 14 0.226891
1530 113 14 19 0.292035
1531 143 16 22 0.265734
1532 115 8 15 0.2
1533 128 17 15 0.25
1534 130 19 7 0.2
1535 131 19 13 0.244275
1536 125 14 11 0.2
1537 111 11 14 0.225225
1538 91 11 18 0.318681
1539 109 11 19 0.275229
1540 109 13 16 0.266055
1541 131 20 15 0.267176
1542 115 20 12 0.278261
1543 152 20 21 0.269737
1544 186 23 19 0.225806
1545 184 15 23 0.206522
1546 199 23 16 0.19598
1547 194 17 16 0.170103
1548 132 19 14 0.25
1549 163 15 24 0.239264
1550 147 12 21 0.22449
1551 166 15 15 0.180723
1552 116 18 13 0.267241
1553 144 19 15 0.236111
1554 159 18 13 0.194969
1555 124 10 21 0.25
1556 147 13 19 0.217687
1557 135 20 10 0.222222
1558 143 22 16 0.265734
1559 133 22 19 0.308271
1560 164 16 15 0.189024
1561 151 20 23 0.284768
1562 175 18 29 0.268571
1563 203 27 19 0.226601
1564 227 27 17 0.193833
1565 215 19 23 0.195349
1566 184 17 30 0.255435
1567 225 26 18 0.195556
1568 231 18 17 0.151515
1569 205 18 20 0.185366
1570 171 12 15 0.157895
1571 135 14 19 0.244444
1572 118 18 12 0.254237
1573 144 18 11 0.201389
1574 138 14 19 0.23913
1575 132 23 15 0.287879
1576 181 19 18 0.20442
1577 179 16 21 0.206704
1578 165 13 17 0.181818
1579 157 19 20 0.248408
1580 170 16 23 0.229412
1581 181 21 17 0.209945
1582 201 22 11 0.164179
1583 148 14 11 0.168919
1584 127 19 22 0.322835
1585 172 16 32 0.27907
1586 179 20 17 0.206704
1587 229 29 17 0.200873
1588 213 19 19 0.178404
1589 223 23 27 0.224215
1590 213 14 24 0.178404
1591 205 19 20 0.190244
1592 211 23 13 0.170616
1593 164 22 16 0.231707
1594 189 13 17 0.15873
1595 184 21 27 0.26087
1596 193 19 19 0.196891
1597 190 22 24 0.242105
1598 201 17 13 0.149254
1599 216 26 25 0.236111
1600 193 12 20 0.165803
1601 190 21 28 0.257895
1602 182 17 11 0.153846
1603 184 29 16 0.244565
1604 183 16 23 0.213115
1605 205 21 21 0.204878
1606 193 19 20 0.202073
1607 185 17 15 0.172973
1608 159 19 17 0.226415
1609 191 24 27 0.267016
1610 207 16 23 0.188406
1611 217 18 21 0.179724
1612 179 19 7 0.145251
1613 154 23 13 0.233766
1614 149 14 17 0.208054
1615 162 11 22 0.203704
1616 159 19 23 0.264151
1617 149 20 12 0.214765
1618 178 29 13 0.235955
1619 163 16 21 0.226994
1620 168 9 24 0.196429
1621 166 10 32 0.253012
1622 161 14 6 0.124224
1623 119 23 10 0.277311
1624 147 22 16 0.258503
1625 160 18 22 0.25
1626 175 15 22 0.211429
1627 174 12 16 0.16092
1628 163 23 20 0.263804
1629 176 25 14 0.221591
1630 222 28 20 0.216216
1631 205 18 21 0.190244
1632 188 20 31 0.271277
1633 211 17 17 0.161137
1634 175 23 13 0.205714
1635 178 16 17 0.185393
1636 180 10 24 0.188889
1637 137 12 19 0.226277
1638 156 24 13 0.237179
1639 167 29 11 0.239521
1640 191 13 15 0.146597
1641 156 11 23 0.217949
1642 163 11 24 0.214724
1643 155 16 17 0.212903
1644 143 24 9 0.230769
1645 157 33 15 0.305732
1646 191 12 22 0.17801
1647 144 7 23 0.208333
1648 141 7 23 0.212766
1649 133 18 12 0.225564
1650 91 15 3 0.197802
1651 71 19 4 0.323944
1652 85 14 10 0.282353
1653 91 8 16 0.263736
1654 84 3 17 0.238095
1655 90 8 15 0.255556
1656 74 13 9 0.297297
1657 77 19 7 0.337662
1658 79 15 7 0.278481
1659 109 18 20 0.348624
1660 112 5 14 0.169643
1661 101 6 14 0.19802
1662 84 8 15 0.27381
1663 81 9 10 0.234568
1664 84 16 6 0.261905
1665 104 26 5 0.298077
1666 105 20 5 0.238095
1667 112 10 16 0.232143
1668 75 4 21 0.333333
1669 93 4 22 0.27957
1670 91 9 10 0.208791
1671 66 12 3 0.227273
1672 53 15 0 0.283019
1673 52 10 3 0.25
1674 45 7 5 0.266667
1675 50 4 13 0.34
1676 64 2 20 0.34375
1677 61 5 9 0.229508
1678 56 11 6 0.303571
1679 58 12 2 0.241379
1680 48 12 5 0.354167
1681 58 6 5 0.189655
1682 48 9 8 0.354167
1683 64 10 18 0.4375
1684 82 8 12 0.243902
1685 96 13 12 0.260417
1686 112 16 13 0.258929
1687 108 14 12 0.240741
1688 93 10 17 0.290323
1689 110 15 17 0.290909
1690 125 19 10 0.232
1691 102 14 6 0.196078
1692 94 10 7 0.180851
1693 50 4 6 0.2
1694 72 14 17 0.430556
1695 103 15 20 0.339806
1696 129 15 23 0.294574
1697 163 21 16 0.226994
1698 157 20 17 0.235669
1699 173 15 14 0.16763
1700 157 18 25 0.273885
1701 164 15 23 0.231707
1702 164 18 18 0.219512
1703 163 27 17 0.269939
1704 214 25 17 0.196262
1705 214 17 24 0.191589
1706 172 9 22 0.180233
1707 190 26 24 0.263158
1708 193 25 16 0.212435
1709 243 27 20 0.193416
1710 220 14 20 0.154545
1711 216 20 24 0.203704
1712 211 23 18 0.194313
1713 199 28 18 0.231156
1714 214 17 21 0.17757
1715 209 18 25 0.205742
1716 238 19 22 0.172269
1717 222 22 15 0.166667
1718 206 20 20 0.194175
1719 213 25 19 0.206573
1720 248 22 23 0.181452
1721 228 18 20 0.166667
1722 217 18 25 0.198157
1723 220 19 18 0.168182
1724 173 25 20 0.260116
1725 209 21 25 0.220096
1726 223 22 27 0.219731
1727 255 20 18 0.14902
1728 201 19 21 0.199005
1729 220 24 21 0.204545
1730 207 11 20 0.149758
1731 199 24 16 0.201005
1732 178 16 11 0.151685
1733 149 16 17 0.221477
1734 152 16 22 0.25
1735 151 15 16 0.205298
1736 142 17 17 0.239437
1737 147 25 17 0.285714
1738 161 22 20 0.26087
1739 203 17 24 0.20197
1740 215 21 22 0.2
1741 192 18 17 0.182292
1742 183 22 21 0.234973
1743 177 12 15 0.152542
1744 152 14 20 0.223684
1745 129 21 17 0.294574
1746 157 24 14 0.242038
1747 172 14 17 0.180233
1748 139 12 17 0.208633
1749 130 13 20 0.253846
1750 127 16 12 0.220472
1751 128 22 14 0.28125
1752 127 20 13 0.259843
1753 123 15 14 0.235772
1754 142 11 20 0.21831
1755 163 17 20 0.226994
1756 149 20 18 0.255034
1757 177 21 22 0.242938
1758 187 22 23 0.240642
1759 203 20 22 0.206897
1760 231 21 19 0.17316
1761 226 25 21 0.20354
1762 242 25 28 0.219008
1763 221 20 15 0.158371
1764 215 19 22 0.190698
1765 223 21 23 0.197309
1766 231 25 20 0.194805
1767 202 19 14 0.163366
1768 249 19 31 0.200803
1769 223 17 20 0.165919
1770 219 24 19 0.196347
1771 183 17 15 0.174863
1772 206 26 19 0.218447
1773 204 22 19 0.20098
1774 247 15 22 0.149798
1775 174 16 23 0.224138
1776 188 17 18 0.18617
1777 162 19 18 0.228395
1778 170 22 16 0.223529
1779 184 16 21 0.201087
1780 168 22 18 0.238095
1781 217 24 23 0.21659
1782 228 19 25 0.192982
1783 238 26 24 0.210084
1784 233 18 17 0.150215
1785 172 20 19 0.226744
1786 168 21 19 0.238095
1787 215 21 21 0.195349
1788 201 19 15 0.169154
1789 178 16 23 0.219101
1790 202 14 23 0.183168
1791 156 15 16 0.198718
1792 157 21 13 0.216561
1793 167 23 18 0.245509
1794 167 17 18 0.209581
1795 162 17 25 0.259259
1796 177 23 17 0.225989
1797 199 24 18 0.211055
1798 209 22 20 0.200957
1799 198 15 27 0.212121
1800 188 17 21 0.202128
1801 194 22 15 0.190722
1802 212 16 16 0.150943
1803 149 17 18 0.234899
1804 157 24 26 0.318471
1805 191 15 18 0.172775
1806 200 31 19 0.25
1807 219 19 17 0.164384
1808 204 18 25 0.210784
1809 199 17 24 0.20603
1810 222 21 21 0.189189
1811 205 23 11 0.165854
1812 192 22 16 0.197917
1813 188 9 21 0.159574
1814 183 17 31 0.262295
1815 199 14 15 0.145729
1816 140 26 7 0.235714
1817 162 23 10 0.203704
1818 133 13 19 0.240602
1819 116 11 26 0.318966
1820 130 12 18 0.230769
1821 142 20 17 0.260563
1822 132 23 9 0.242424
1823 160 20 20 0.25
1824 148 13 13 0.175676
1825 156 18 21 0.25
1826 149 14 17 0.208054
1827 145 21 17 0.262069
1828 146 15 16 0.212329
1829 148 16 15 0.209459
1830 127 20 16 0.283465
1831 137 14 12 0.189781
1832 140 15 20 0.25
1833 156 13 21 0.217949
1834 173 22 26 0.277457
1835 182 27 17 0.241758
1836 191 15 24 0.204188
1837 174 19 15 0.195402
1838 188 12 18 0.159574
1839 168 21 12 0.196429
1840 133 22 15 0.278195
1841 161 14 16 0.186335
1842 139 12 12 0.172662
1843 128 10 17 0.210938
1844 122 16 18 0.278689
1845 152 20 21 0.269737
1846 169 19 16 0.207101
1847 167 15 16 0.185629
1848 131 19 17 0.274809
1849 172 27 20 0.273256
1850 182 20 21 0.225275
1851 178 21 27 0.269663
1852 187 14 20 0.181818
1853 171 25 14 0.22807
1854 190 18 17 0.184211
1855 159 18 23 0.257862
1856 163 16 16 0.196319
1857 165 20 23 0.260606
1858 189 21 20 0.216931
1859 156 16 11 0.173077
1860 153 22 16 0.248366
1861 146 9 17 0.178082
1862 146 10 18 0.191781
1863 114 7 18 0.219298
1864 102 11 16 0.264706
1865 121 20 11 0.256198
1866 111 21 6 0.243243
1867 114 21 10 0.27193
1868 108 17 14 0.287037
1869 142 8 24 0.225352
1870 138 15 23 0.275362
1871 151 16 23 0.258278
1872 177 25 11 0.20339
1873 185 26 21 0.254054
1874 181 17 27 0.243094
1875 186 14 15 0.155914
1876 166 23 20 0.259036
1877 167 21 13 0.203593
1878 156 19 13 0.205128
1879 145 15 23 0.262069
1880 182 9 20 0.159341
1881 167 16 17 0.197605
1882 129 14 14 0.217054
1883 134 23 15 0.283582
1884 133 23 13 0.270677
1885 178 18 23 0.230337
1886 179 18 25 0.240223
1887 189 24 17 0.216931
1888 175 20 15 0.2
1889 201 17 23 0.199005
1890 189 16 18 0.179894
1891 190 27 26 0.278947
1892 232 26 22 0.206897
1893 233 18 13 0.133047
1894 208 14 16 0.144231
1895 169 15 20 0.207101
1896 164 20 23 0.262195
1897 169 19 24 0.254438
1898 204 26 19 0.220588
1899 191 20 19 0.204188
1900 204 14 20 0.166667
1901 178 18 17 0.196629
1902 156 17 13 0.192308
1903 145 11 22 0.227586
1904 134 15 14 0.216418
1905 137 20 13 0.240876
1906 132 21 11 0.242424
1907 145 15 18 0.227586
1908 144 10 22 0.222222
1909 163 18 16 0.208589
1910 130 12 12 0.184615
1911 130 17 13 0.230769
1912 132 21 12 0.25
1913 132 13 17 0.227273
1914 113 7 17 0.212389
1915 119 13 15 0.235294
1916 128 18 16 0.265625
1917 116 16 10 0.224138
1918 133 15 17 0.240602
1919 106 10 15 0.235849
1920 100 17 11 0.28
1921 133 20 19 0.293233
1922 135 18 14 0.237037
1923 142 14 18 0.225352
1924 158 21 17 0.240506
1925 148 23 17 0.27027
1926 189 17 23 0.21164
1927 195 16 24 0.205128
1928 189 19 18 0.195767
1929 171 22 17 0.22807
1930 191 21 21 0.219895
1931 201 20 19 0.19403
1932 196 19 24 0.219388
1933 214 17 20 0.172897
1934 208 18 15 0.158654
1935 165 22 18 0.242424
1936 182 21 18 0.214286
1937 176 14 20 0.193182
1938 173 21 20 0.236994
1939 184 18 19 0.201087
1940 166 21 20 0.246988
1941 186 23 23 0.247312
1942 197 20 16 0.182741
1943 173 16 23 0.225434
1944 171 14 21 0.204678
1945 174 19 16 0.201149
1946 142 24 11 0.246479
1947 170 19 21 0.235294
1948 176 14 17 0.176136
1949 164 18 22 0.243902
1950 154 15 17 0.207792
1951 153 18 17 0.228758
1952 141 19 13 0.22695
1953 156 26 14 0.25641
1954 157 13 17 0.191083
1955 164 15 31 0.280488
1956 181 16 22 0.209945
1957 148 15 21 0.243243
1958 184 22 10 0.173913
1959 175 30 17 0.268571
1960 197 22 20 0.213198
1961 194 13 29 0.216495
1962 237 22 22 0.185654
1963 198 24 13 0.186869
1964 186 13 14 0.145161
1965 157 19 18 0.235669
1966 160 17 16 0.20625
1967 163 14 21 0.214724
1968 176 14 21 0.198864
1969 144 14 10 0.166667
1970 124 15 17 0.258065
1971 105 10 9 0.180952
1972 127 19 16 0.275591
1973 128 10 15 0.195312
1974 120 19 16 0.291667
1975 144 20 22 0.291667
1976 159 18 15 0.207547
1977 177 26 15 0.231638
1978 194 20 23 0.221649
1979 187 13 16 0.15508
1980 148 20 19 0.263514
1981 159 19 19 0.238994
1982 188 26 19 0.239362
1983 175 14 21 0.2
1984 167 18 20 0.227545
1985 175 16 14 0.171429
1986 166 21 23 0.26506
1987 185 16 21 0.2
1988 180 23 19 0.233333
1989 221 28 20 0.217195
1990 217 16 22 0.175115
1991 185 16 23 0.210811
1992 165 15 15 0.181818
1993 196 27 19 0.234694
1994 174 26 10 0.206897
1995 177 15 18 0.186441
1996 162 12 33 0.277778
1997 193 17 18 0.181347
1998 181 25 17 0.232044
1999 201 30 17 0.233831
2000 206 16 22 0.184466
2001 209 13 32 0.215311
2002 206 21 13 0.165049
2003 159 25 15 0.251572
2004 180 19 13 0.177778
2005 182 10 28 0.208791
2006 152 14 20 0.223684
2007 154 18 14 0.207792
2008 161 32 17 0.304348
2009 199 16 13 0.145729
2010 170 13 28 0.241176
2011 181 12 20 0.176796
2012 181 16 24 0.220994
2013 171 22 11 0.192982
2014 166 30 12 0.253012
2015 188 21 16 0.196809
2016 165 16 28 0.266667
2017 180 9 23 0.177778
2018 155 14 19 0.212903
2019 148 19 11 0.202703
2020 129 24 14 0.294574
2021 178 29 22 0.286517
2022 249 19 29 0.192771
2023 226 21 25 0.20354
2024 214 24 17 0.191589
2025 225 23 17 0.177778
2026 209 16 19 0.167464
2027 174 20 22 0.241379
2028 194 19 25 0.226804
2029 201 20 21 0.20398
2030 185 20 20 0.216216
2031 176 18 19 0.210227
2032 188 23 20 0.228723
2033 176 20 18 0.215909
2034 209 26 24 0.239234
2035 201 15 19 0.169154
2036 239 25 26 0.213389
2037 189 15 22 0.195767
2038 226 23 21 0.19469
2039 208 21 15 0.173077
2040 183 20 13 0.180328
2041 179 16 19 0.195531
2042 160 15 18 0.20625
2043 176 17 23 0.227273
2044 156 16 13 0.185897
2045 148 25 15 0.27027
2046 158 18 13 0.196203
2047 132 14 17 0.234848
2048 157 16 25 0.261146
2049 160 15 24 0.24375
2050 188 23 19 0.223404
2051 165 17 18 0.212121
2052 174 24 20 0.252874
2053 215 25 24 0.227907
2054 206 20 21 0.199029
2055 244 32 20 0.213115
2056 244 19 18 0.151639
2057 209 15 14 0.138756
2058 180 13 22 0.194444
2059 161 16 23 0.242236
2060 181 30 19 0.270718
2061 192 19 20 0.203125
2062 205 17 18 0.170732
2063 186 13 23 0.193548
2064 151 15 18 0.218543
2065 154 21 15 0.233766
2066 165 19 11 0.181818
2067 133 18 18 0.270677
2068 149 21 15 0.241611
2069 146 11 22 0.226027
2070 156 15 22 0.237179
2071 225 21 24 0.2
2072 200 27 20 0.235
2073 234 23 17 0.17094
2074 231 19 18 0.160173
2075 224 20 26 0.205357
2076 194 13 14 0.139175
2077 152 21 14 0.230263
2078 178 23 16 0.219101
2079 165 18 14 0.193939
2080 160 11 19 0.1875
2081 187 16 31 0.251337
2082 174 14 20 0.195402
2083 187 21 15 0.192513
2084 151 22 8 0.198675
2085 166 24 17 0.246988
2086 138 10 13 0.166667
2087 135 10 25 0.259259
2088 138 12 23 0.253623
2089 191 28 18 0.240838
2090 156 23 7 0.192308
2091 192 18 21 0.203125
2092 180 20 31 0.283333
2093 215 22 18 0.186047
2094 193 21 17 0.196891
2095 195 21 13 0.174359
2096 177 20 20 0.225989
2097 174 13 24 0.212644
2098 171 20 24 0.25731
2099 231 28 18 0.199134
2100 193 23 16 0.202073
2101 212 17 25 0.198113
2102 184 12 28 0.217391
2103 206 18 20 0.184466
2104 184 32 11 0.233696
2105 207 21 22 0.207729
2106 217 18 31 0.225806
2107 227 18 22 0.176211
2108 217 28 15 0.198157
2109 195 26 13 0.2
2110 207 17 25 0.202899
2111 190 17 22 0.205263
2112 184 17 20 0.201087
2113 151 19 14 0.218543
2114 174 17 18 0.201149
2115 133 19 17 0.270677
2116 168 21 19 0.238095
2117 158 16 23 0.246835
2118 197 19 19 0.192893
2119 188 17 18 0.18617
2120 167 24 19 0.257485
2121 183 13 25 0.20765
2122 172 14 10 0.139535
2123 128 18 16 0.265625
2124 167 25 15 0.239521
2125 134 12 13 0.186567
2126 133 14 16 0.225564
2127 122 10 19 0.237705
2128 118 12 23 0.29661
2129 126 8 13 0.166667
2130 131 23 11 0.259542
2131 122 27 8 0.286885
2132 121 15 14 0.239669
2133 132 14 28 0.318182
2134 168 10 26 0.214286
2135 148 17 13 0.202703
2136 154 19 10 0.188312
2137 119 22 12 0.285714
2138 146 20 19 0.267123
2139 166 16 28 0.26506
2140 214 18 18 0.168224
2141 166 19 9 0.168675
2142 135 20 12 0.237037
2143 145 16 17 0.227586
2144 162 18 28 0.283951
2145 169 20 24 0.260355
2146 225 25 15 0.177778
2147 172 20 16 0.209302
2148 185 19 24 0.232432
2149 192 11 22 0.171875
2150 190 18 24 0.221053
2151 139 20 11 0.223022
2152 171 20 19 0.22807
2153 152 16 17 0.217105
2154 170 11 20 0.182353
2155 122 16 15 0.254098
2156 125 17 15 0.256
2157 130 18 13 0.238462
2158 145 11 16 0.186207
2159 120 11 21 0.266667
2160 134 21 13 0.253731
2161 134 22 6 0.208955
2162 138 23 14 0.268116
2163 132 17 24 0.310606
2164 139 8 24 0.230216
2165 141 15 22 0.262411
2166 137 16 14 0.218978
2167 128 18 12 0.234375
2168 130 23 14 0.284615
2169 144 18 19 0.256944
2170 164 19 19 0.231707
2171 173 16 19 0.202312
2172 146 17 18 0.239726
2173 185 25 17 0.227027
2174 198 19 22 0.207071
2175 188 16 22 0.202128
2176 191 14 21 0.183246
2177 189 31 15 0.243386
2178 194 17 16 0.170103
2179 171 14 20 0.19883
2180 145 12 25 0.255172
2181 175 19 20 0.222857
2182 189 25 14 0.206349
2183 176 19 9 0.159091
2184 135 13 9 0.162963
2185 95 10 16 0.273684
2186 92 10 15 0.271739
2187 80 12 13 0.3125
2188 92 14 15 0.315217
2189 97 13 14 0.278351
2190 120 13 13 0.216667
2191 106 19 19 0.358491
2192 166 16 20 0.216867
2193 144 23 21 0.305556
2194 188 26 19 0.239362
2195 197 26 22 0.243655
2196 214 17 18 0.163551
2197 178 19 21 0.224719
2198 204 18 21 0.191176
2199 191 23 20 0.225131
2200 199 14 21 0.175879
2201 180 23 15 0.211111
2202 172 21 21 0.244186
2203 184 19 24 0.233696
2204 205 22 24 0.22439
2205 204 19 18 0.181373
2206 212 18 25 0.20283
2207 203 18 18 0.17734
2208 186 26 24 0.268817
2209 212 23 18 0.193396
2210 238 23 18 0.172269
2211 196 13 29 0.214286
2212 224 24 20 0.196429
2213 173 21 12 0.190751
2214 169 19 16 0.207101
2215 193 16 24 0.207254
2216 165 14 28 0.254545
2217 238 26 14 0.168067
2218 166 25 9 0.204819
2219 215 18 13 0.144186
2220 149 13 17 0.201342
2221 117 8 19 0.230769
2222 117 9 18 0.230769
2223 118 16 13 0.245763
2224 121 18 12 0.247934
2225 127 19 13 0.251969
2226 129 16 16 0.248062
2227 146 16 22 0.260274
2228 193 22 24 0.238342
2229 175 20 18 0.217143
2230 167 15 16 0.185629
2231 166 16 25 0.246988
2232 193 22 22 0.227979
2233 193 19 16 0.181347
2234 184 23 16 0.211957
2235 180 16 15 0.172222
2236 147 14 19 0.22449
2237 122 18 8 0.213115
2238 106 13 12 0.235849
2239 106 13 17 0.283019
2240 126 17 16 0.261905
2241 144 21 19 0.277778
2242 180 22 22 0.244444
2243 172 20 24 0.255814
2244 209 21 22 0.205742
2245 196 18 22 0.204082
2246 237 23 22 0.189873
2247 203 18 15 0.162562
2248 221 25 23 0.217195
2249 222 19 19 0.171171
2250 213 18 25 0.201878
2251 192 16 24 0.208333
2252 211 21 15 0.170616
2253 166 27 14 0.246988
2254 182 19 23 0.230769
2255 174 17 22 0.224138
2256 194 19 22 0.21134
2257 197 16 19 0.177665
2258 168 25 12 0.220238
2259 149 17 10 0.181208
2260 146 16 15 0.212329
2261 123 9 21 0.243902
2262 109 11 18 0.266055
2263 88 13 12 0.284091
2264 111 17 9 0.234234
2265 98 18 11 0.295918
2266 116 14 14 0.241379
2267 121 8 24 0.264463
2268 137 13 18 0.226277
2269 152 15 15 0.197368
2270 123 18 12 0.243902
2271 138 25 15 0.289855
2272 155 19 20 0.251613
2273 162 13 28 0.253086
2274 157 13 16 0.184713
2275 146 24 17 0.280822
2276 175 32 15 0.268571
2277 183 17 19 0.196721
2278 173 16 33 0.283237
2279 221 24 24 0.217195
2280 218 24 9 0.151376
2281 261 27 22 0.187739
2282 210 14 17 0.147619
2283 198 15 31 0.232323
2284 194 13 21 0.175258
2285 190 24 13 0.194737
2286 177 22 11 0.186441
2287 143 18 11 0.202797
2288 128 10 22 0.25
2289 178 17 25 0.235955
2290 185 21 19 0.216216
2291 175 21 12 0.188571
2292 143 14 14 0.195804
2293 161 14 15 0.180124
2294 130 11 23 0.261538
2295 146 14 17 0.212329
2296 109 16 9 0.229358
2297 116 27 7 0.293103
2298 151 17 13 0.198675
2299 123 10 17 0.219512
2300 143 10 27 0.258741
2301 167 13 20 0.197605
2302 144 22 20 0.291667
2303 167 29 8 0.221557
2304 195 18 19 0.189744
2305 176 18 26 0.25
2306 178 13 18 0.174157
2307 165 23 27 0.30303
2308 221 30 13 0.19457
2309 213 24 23 0.220657
2310 219 15 30 0.205479
2311 249 18 29 0.188755
2312 220 25 15 0.181818
2313 217 21 20 0.18894
2314 199 17 17 0.170854
2315 190 21 26 0.247368
2316 186 15 14 0.155914
2317 161 21 14 0.217391
2318 153 21 12 0.215686
2319 154 21 13 0.220779
2320 164 11 18 0.176829
2321 150 15 22 0.246667
2322 156 19 20 0.25
2323 154 19 15 0.220779
2324 155 18 21 0.251613
2325 185 23 28 0.275676
2326 210 19 15 0.161905
2327 194 24 15 0.201031
2328 204 19 22 0.20098
2329 198 11 25 0.181818
2330 181 21 18 0.21547
2331 163 21 13 0.208589
2332 167 25 15 0.239521
2333 165 12 18 0.181818
2334 146 10 26 0.246575
2335 162 12 16 0.17284
2336 128 22 16 0.296875
2337 173 22 15 0.213873
2338 163 20 20 0.245399
2339 152 16 21 0.243421
2340 168 21 18 0.232143
2341 178 21 17 0.213483
2342 155 16 16 0.206452
2343 171 22 23 0.263158
2344 181 13 16 0.160221
2345 140 19 17 0.257143
2346 181 20 24 0.243094
2347 202 25 29 0.267327
2348 224 21 21 0.1875
2349 241 27 18 0.186722
2350 210 22 18 0.190476
2351 208 17 26 0.206731
2352 196 12 20 0.163265
2353 172 19 16 0.203488
2354 169 24 15 0.230769
2355 183 20 20 0.218579
2356 170 15 19 0.2
2357 163 17 22 0.239264
2358 165 22 20 0.254545
2359 153 24 14 0.248366
2360 180 16 24 0.222222
2361 178 22 22 0.247191
2362 231 21 25 0.199134
2363 211 19 16 0.165877
2364 184 22 16 0.206522
2365 180 19 28 0.261111
2366 184 22 17 0.211957
2367 195 22 22 0.225641
2368 200 27 19 0.23
2369 228 16 23 0.171053
2370 206 25 23 0.23301
2371 223 19 21 0.179372
2372 190 16 22 0.2
2373 206 20 22 0.203883
2374 240 23 20 0.179167
2375 184 24 15 0.211957
2376 201 11 26 0.18408
2377 181 20 16 0.198895
2378 187 23 20 0.229947
2379 197 20 20 0.203046
2380 176 20 18 0.215909
2381 215 18 23 0.190698
2382 220 21 20 0.186364
2383 205 25 14 0.190244
2384 205 30 18 0.234146
2385 228 15 27 0.184211
2386 212 15 30 0.212264
2387 229 18 15 0.144105
2388 143 18 11 0.202797
2389 153 22 14 0.235294
2390 167 15 21 0.215569
2391 159 16 23 0.245283
2392 165 17 20 0.224242
2393 175 21 14 0.2
2394 151 20 13 0.218543
2395 154 19 13 0.207792
2396 168 15 24 0.232143
2397 168 23 22 0.267857
2398 167 15 17 0.191617
2399 179 25 22 0.26257
2400 179 15 22 0.206704
2401 185 15 19 0.183784
2402 173 16 17 0.190751
2403 151 19 19 0.251656
2404 186 24 18 0.225806
2405 152 23 16 0.256579
2406 215 18 26 0.204651
2407 173 13 15 0.16185
2408 191 26 24 0.26178
2409 199 23 16 0.19598
2410 233 20 26 0.197425
2411 183 14 17 0.169399
2412 179 25 27 0.290503
2413 213 17 11 0.131455
2414 206 25 23 0.23301
2415 185 21 16 0.2
2416 187 13 21 0.181818
2417 158 16 17 0.208861
2418 153 18 14 0.20915
2419 138 19 19 0.275362
2420 183 19 19 0.20765
2421 185 18 24 0.227027
2422 193 18 19 0.19171
2423 157 15 13 0.178344
2424 166 19 17 0.216867
2425 149 12 17 0.194631
2426 137 11 19 0.218978
2427 112 12 19 0.276786
2428 144 19 9 0.194444
2429 134 27 8 0.261194
2430 188 27 20 0.25
2431 196 14 30 0.22449
2432 186 14 32 0.247312
2433 209 26 13 0.186603
2434 217 36 10 0.211982
2435 220 14 26 0.181818
2436 166 11 28 0.23494
2437 167 8 18 0.155689
2438 127 21 12 0.259843
2439 148 30 9 0.263514
2440 140 20 12 0.228571
2441 151 10 25 0.231788
2442 146 9 25 0.232877
2443 124 13 10 0.185484
2444 115 22 12 0.295652
2445 101 19 9 0.277228
2446 143 16 16 0.223776
2447 123 13 22 0.284553
2448 151 14 20 0.225166
2449 146 22 15 0.253425
2450 170 21 13 0.2
2451 147 16 12 0.190476
2452 132 15 26 0.310606
2453 150 13 24 0.246667
2454 157 21 21 0.267516
2455 171 17 14 0.181287
2456 140 22 13 0.25
2457 169 18 11 0.171598
2458 123 16 14 0.243902
2459 134 12 14 0.19403
2460 130 13 19 0.246154
2461 116 11 12 0.198276
2462 97 15 13 0.28866
2463 115 12 19 0.269565
2464 134 11 14 0.186567
2465 103 11 14 0.242718
2466 124 15 10 0.201613
2467 103 15 11 0.252427
2468 93 12 13 0.268817
2469 109 15 15 0.275229
2470 123 14 15 0.235772
2471 130 27 15 0.323077
2472 176 18 22 0.227273
2473 191 17 24 0.21466
2474 187 15 19 0.181818
2475 174 20 17 0.212644
2476 189 19 14 0.174603
2477 156 13 21 0.217949
2478 148 15 19 0.22973
2479 155 15 15 0.193548
2480 121 18 15 0.272727
2481 117 14 12 0.222222
2482 115 15 11 0.226087
2483 130 18 17 0.269231
2484 128 13 16 0.226562
2485 136 13 24 0.272059
2486 148 23 15 0.256757
2487 189 24 14 0.201058
2488 171 17 12 0.169591
2489 168 21 23 0.261905
2490 206 15 28 0.208738
2491 214 19 25 0.205607
2492 169 23 12 0.207101
2493 212 29 16 0.212264
2494 200 18 20 0.19
2495 212 11 30 0.193396
2496 186 11 27 0.204301
2497 196 23 9 0.163265
2498 136 22 4 0.191176
2499 136 23 9 0.235294
2500 131 12 16 0.21374
2501 101 3 20 0.227723
2502 114 5 23 0.245614
2503 116 8 14 0.189655
2504 85 14 5 0.223529
2505 75 26 4 0.4
2506 88 14 3 0.193182
2507 91 10 12 0.241758
2508 83 8 16 0.289157
2509 106 6 18 0.226415
2510 105 10 21 0.295238
2511 123 19 14 0.268293
2512 123 23 10 0.268293
2513 131 18 14 0.244275
2514 122 11 19 0.245902
2515 131 18 22 0.305344
2516 159 17 19 0.226415
2517 159 19 14 0.207547
2518 166 20 13 0.198795
2519 153 10 22 0.20915
2520 150 12 23 0.233333
2521 140 18 14 0.228571
2522 144 23 13 0.25
2523 134 16 14 0.223881
2524 128 21 18 0.304688
2525 164 21 18 0.237805
2526 175 16 22 0.217143
2527 172 19 25 0.255814
2528 177 14 17 0.175141
2529 182 22 17 0.214286
2530 160 21 10 0.19375
2531 180 22 19 0.227778
2532 163 14 19 0.202454
2533 139 10 14 0.172662
2534 107 10 22 0.299065
2535 152 16 18 0.223684
2536 140 18 15 0.235714
2537 142 27 13 0.28169
2538 163 23 21 0.269939
2539 198 15 24 0.19697
2540 207 17 28 0.217391
2541 197 19 11 0.152284
2542 183 20 16 0.196721
2543 140 23 14 0.264286
2544 185 15 23 0.205405
2545 162 11 18 0.179012
2546 125 12 16 0.224
2547 107 13 10 0.214953
2548 128 24 17 0.320312
2549 134 15 14 0.216418
2550 139 15 21 0.258993
2551 155 17 15 0.206452
2552 173 19 15 0.196532
2553 130 16 16 0.246154
2554 164 23 18 0.25
2555 132 15 15 0.227273
2556 172 21 23 0.255814
2557 195 17 23 0.205128
2558 179 18 17 0.195531
2559 193 22 20 0.217617
2560 191 17 19 0.188482
2561 176 17 20 0.210227
2562 180 18 19 0.205556
2563 185 23 17 0.216216
2564 207 27 16 0.207729
2565 178 17 15 0.179775
2566 193 15 32 0.243523
2567 201 21 26 0.233831
2568 223 23 14 0.165919
2569 196 29 17 0.234694
2570 259 16 20 0.138996
2571 162 11 18 0.179012
2572 159 17 18 0.220126
2573 194 19 27 0.237113
2574 182 13 14 0.148352
2575 182 15 16 0.17033
2576 126 22 16 0.301587
2577 172 21 14 0.203488
2578 150 14 12 0.173333
2579 121 17 17 0.280992
2580 128 11 11 0.171875
2581 135 20 20 0.296296
2582 143 14 16 0.20979
2583 140 17 13 0.214286
2584 117 16 19 0.299145
2585 183 26 26 0.284153
2586 195 13 22 0.179487
2587 214 23 25 0.224299
2588 192 16 16 0.166667
2589 170 26 21 0.276471
2590 195 23 20 0.220513
2591 233 23 25 0.206009
2592 241 19 20 0.161826
2593 214 18 22 0.186916
2594 188 18 19 0.196809
2595 177 21 15 0.20339
2596 169 20 20 0.236686
2597 181 17 25 0.232044
2598 198 20 20 0.20202
2599 164 18 11 0.176829
2600 162 26 21 0.290123
2601 221 27 28 0.248869
2602 237 16 23 0.164557
2603 214 19 22 0.191589
2604 229 21 18 0.170306
2605 175 24 14 0.217143
2606 192 19 15 0.177083
2607 163 15 20 0.214724
2608 154 12 24 0.233766
2609 153 16 17 0.215686
2610 148 23 14 0.25
2611 126 11 13 0.190476
2612 141 17 13 0.212766
2613 119 15 15 0.252101
2614 130 18 18 0.276923
2615 144 14 16 0.208333
2616 143 20 19 0.272727
2617 193 17 20 0.19171
2618 167 21 17 0.227545
2619 169 19 16 0.207101
2620 133 10 12 0.165414
2621 139 11 25 0.258993
2622 152 9 17 0.171053
2623 142 18 10 0.197183
2624 108 25 9 0.314815
2625 136 28 16 0.323529
2626 147 17 18 0.238095
2627 167 11 28 0.233533
2628 186 14 20 0.182796
2629 164 21 15 0.219512
2630 143 22 11 0.230769
2631 162 20 20 0.246914
2632 169 15 24 0.230769
2633 170 14 25 0.229412
2634 173 21 14 0.202312
2635 174 22 16 0.218391
2636 179 18 13 0.173184
2637 163 16 21 0.226994
2638 162 19 25 0.271605
2639 175 19 20 0.222857
2640 174 21 19 0.229885
2641 196 19 19 0.193878
2642 194 12 17 0.149485
2643 168 21 15 0.214286
2644 163 27 20 0.288344
2645 167 18 16 0.203593
2646 179 16 19 0.195531
2647 178 16 18 0.191011
2648 192 21 22 0.223958
2649 208 18 21 0.1875
2650 170 17 24 0.241176
2651 212 28 18 0.216981
2652 189 21 14 0.185185
2653 176 18 25 0.244318
2654 182 18 23 0.225275
2655 198 20 25 0.227273
2656 191 19 17 0.188482
2657 193 17 6 0.119171
2658 148 21 15 0.243243
2659 151 17 13 0.198675
2660 163 21 25 0.282209
2661 207 15 27 0.202899
2662 177 12 22 0.19209
2663 187 22 18 0.213904
2664 171 29 17 0.269006
2665 158 24 16 0.253165
2666 222 16 20 0.162162
2667 163 14 19 0.202454
2668 168 18 21 0.232143
2669 167 19 19 0.227545
2670 177 30 20 0.282486
2671 199 15 24 0.19598
2672 194 20 18 0.195876
2673 192 19 20 0.203125
2674 175 18 16 0.194286
2675 168 18 22 0.238095
2676 161 18 22 0.248447
2677 185 15 20 0.189189
2678 182 20 16 0.197802
2679 186 25 14 0.209677
2680 198 21 22 0.217172
2681 181 13 24 0.20442
2682 186 18 22 0.215054
2683 188 25 16 0.218085
2684 189 21 11 0.169312
2685 175 17 20 0.211429
2686 175 16 21 0.211429
2687 154 16 20 0.233766
2688 189 22 20 0.222222
2689 155 18 10 0.180645
2690 134 14 18 0.238806
2691 122 12 15 0.221311
2692 125 11 18 0.232
2693 100 12 9 0.21
2694 96 19 12 0.322917
2695 104 11 12 0.221154
2696 84 5 8 0.154762
2697 57 8 9 0.298246
2698 54 9 7 0.296296
2699 49 7 3 0.204082
2700 52 10 8 0.346154
2701 56 9 8 0.303571
2702 73 11 10 0.287671
2703 71 10 10 0.28169
2704 75 13 18 0.413333
2705 128 15 23 0.296875
2706 151 18 21 0.258278
2707 154 16 17 0.214286
2708 175 28 15 0.245714
2709 168 16 13 0.172619
2710 157 20 15 0.22293
2711 137 11 22 0.240876
2712 166 15 22 0.222892
2713 165 23 17 0.242424
2714 181 18 12 0.165746
2715 166 20 24 0.26506
2716 178 16 20 0.202247
2717 172 16 16 0.186047
2718 163 20 15 0.214724
2719 162 23 20 0.265432
2720 202 17 16 0.163366
2721 174 16 22 0.218391
2722 186 21 20 0.22043
2723 203 25 20 0.221675
2724 187 22 21 0.229947
2725 222 20 26 0.207207
2726 205 19 19 0.185366
2727 200 23 19 0.21
2728 185 15 22 0.2
2729 190 19 26 0.236842
2730 205 22 21 0.209756
2731 229 25 20 0.196507
2732 205 20 19 0.190244
2733 214 18 21 0.182243
2734 199 18 17 0.175879
2735 196 27 20 0.239796
2736 232 22 26 0.206897
2737 211 22 22 0.208531
2738 231 23 22 0.194805
2739 257 15 20 0.136187
2740 226 26 25 0.225664
2741 267 23 16 0.146067
2742 213 18 17 0.164319
2743 189 16 20 0.190476
2744 209 23 21 0.210526
2745 226 22 22 0.19469
2746 205 21 24 0.219512
2747 207 19 22 0.198068
2748 220 21 21 0.190909
2749 254 25 20 0.177165
2750 230 18 20 0.165217
2751 191 17 25 0.219895
2752 181 13 12 0.138122
2753 179 20 15 0.195531
2754 165 22 17 0.236364
2755 163 16 14 0.184049
2756 143 16 17 0.230769
2757 150 17 20 0.246667
2758 167 22 25 0.281437
2759 187 19 21 0.213904
2760 176 22 17 0.221591
2761 182 20 15 0.192308
2762 190 15 18 0.173684
2763 163 16 16 0.196319
2764 159 18 22 0.251572
2765 166 19 15 0.204819
2766 170 22 20 0.247059
2767 155 20 16 0.232258
2768 186 21 17 0.204301
2769 179 12 20 0.178771
2770 137 12 19 0.226277
2771 173 23 23 0.265896
2772 176 22 18 0.227273
2773 183 26 23 0.26776
2774 208 14 22 0.173077
2775 219 23 23 0.210046
2776 202 18 15 0.163366
2777 189 20 18 0.201058
2778 203 18 19 0.182266
2779 184 20 28 0.26087
2780 179 21 19 0.223464
2781 197 26 12 0.192893
2782 199 24 28 0.261307
2783 234 16 26 0.179487
2784 248 20 25 0.181452
2785 265 34 23 0.215094
2786 241 17 21 0.157676
2787 253 23 22 0.177866
2788 281 22 24 0.163701
2789 226 21 26 0.207965
2790 250 23 18 0.164
2791 240 21 21 0.175
2792 234 20 25 0.192308
2793 214 21 18 0.182243
2794 215 22 19 0.190698
2795 243 23 18 0.168724
2796 215 22 27 0.227907
2797 216 21 18 0.180556
2798 198 19 22 0.207071
2799 225 27 17 0.195556
2800 224 25 24 0.21875
2801 206 9 22 0.150485
2802 205 20 24 0.214634
2803 214 27 22 0.228972
2804 252 23 19 0.166667
2805 197 19 11 0.152284
2806 199 26 26 0.261307
2807 224 13 25 0.169643
2808 220 15 25 0.181818
2809 183 14 11 0.136612
2810 157 28 15 0.273885
2811 189 25 11 0.190476
2812 195 14 21 0.179487
2813 128 9 21 0.234375
2814 146 10 27 0.253425
2815 164 22 18 0.243902
2816 171 31 13 0.25731
2817 177 18 15 0.186441
2818 159 16 15 0.194969
2819 149 16 20 0.241611
2820 134 16 19 0.261194
2821 167 30 17 0.281437
2822 160 19 17 0.225
2823 178 16 24 0.224719
2824 178 8 16 0.134831
2825 177 18 24 0.237288
2826 173 26 19 0.260116
2827 217 21 15 0.165899
2828 191 19 15 0.17801
2829 161 17 22 0.242236
2830 152 14 23 0.243421
2831 190 19 24 0.226316
2832 167 11 12 0.137725
2833 133 21 14 0.263158
2834 134 22 15 0.276119
2835 168 21 28 0.291667
2836 181 14 19 0.18232
2837 184 22 19 0.222826
2838 185 20 18 0.205405
2839 178 21 23 0.247191
2840 182 15 21 0.197802
2841 198 26 20 0.232323
2842 174 23 8 0.178161
2843 202 25 19 0.217822
2844 183 12 24 0.196721
2845 210 19 37 0.266667
2846 245 16 15 0.126531
2847 172 30 9 0.226744
2848 209 25 21 0.220096
2849 219 17 26 0.196347
2850 196 10 19 0.147959
2851 153 19 18 0.24183
2852 162 21 11 0.197531
2853 163 21 14 0.214724
2854 153 18 19 0.24183
2855 149 11 23 0.228188
2856 184 15 22 0.201087
2857 160 21 17 0.2375
2858 172 29 16 0.261628
2859 169 19 15 0.201183
2860 200 18 28 0.23
2861 205 14 27 0.2
2862 225 27 22 0.217778
2863 199 20 16 0.180905
2864 190 20 15 0.184211
2865 188 18 16 0.180851
2866 164 15 23 0.231707
2867 186 17 27 0.236559
2868 239 28 19 0.196653
2869 244 26 20 0.188525
2870 231 17 24 0.177489
2871 223 25 27 0.233184
2872 292 22 19 0.140411
2873 257 23 15 0.14786
2874 202 22 13 0.173267
2875 186 14 19 0.177419
2876 155 12 22 0.219355
2877 180 18 22 0.222222
2878 167 24 17 0.245509
2879 155 18 16 0.219355
2880 183 21 25 0.251366
2881 203 11 17 0.137931
2882 148 15 16 0.209459
2883 123 15 15 0.243902
2884 129 16 11 0.209302
2885 139 16 18 0.244604
2886 131 16 14 0.229008
2887 105 15 14 0.27619
2888 110 12 11 0.209091
2889 86 10 12 0.255814
2890 94 11 12 0.244681
2891 72 13 14 0.375
2892 104 21 12 0.317308
2893 112 12 11 0.205357
2894 85 10 12 0.258824
2895 95 13 19 0.336842
2896 115 20 21 0.356522
2897 135 17 13 0.222222
2898 128 18 16 0.265625
2899 150 13 21 0.226667
2900 153 14 13 0.176471
2901 117 9 13 0.188034
2902 112 16 17 0.294643
2903 107 25 9 0.317757
2904 121 18 11 0.239669
2905 131 11 16 0.206107
2906 102 7 19 0.254902
2907 123 14 19 0.268293
2908 114 19 14 0.289474
2909 169 24 22 0.272189
2910 176 18 21 0.221591
2911 194 21 22 0.221649
2912 189 23 17 0.21164
2913 238 32 16 0.201681
2914 191 12 19 0.162304
2915 181 14 28 0.232044
2916 187 11 25 0.192513
2917 193 18 15 0.170984
2918 142 23 12 0.246479
2919 160 28 20 0.3
2920 179 14 26 0.223464
2921 182 19 25 0.241758
2922 211 23 15 0.180095
2923 170 20 9 0.170588
2924 167 16 11 0.161677
2925 128 15 18 0.257812
2926 130 15 25 0.307692
2927 148 15 23 0.256757
2928 146 18 14 0.219178
2929 117 16 13 0.247863
2930 137 27 13 0.291971
2931 173 19 17 0.208092
2932 140 17 23 0.285714
2933 153 10 23 0.215686
2934 145 10 15 0.172414
2935 120 13 8 0.175
2936 86 20 7 0.313953
2937 94 14 9 0.244681
2938 97 13 13 0.268041
2939 114 13 20 0.289474
2940 128 17 16 0.257812
2941 139 19 12 0.223022
2942 127 18 16 0.267717
2943 147 10 22 0.217687
2944 130 10 21 0.238462
2945 162 21 21 0.259259
2946 179 23 13 0.201117
2947 189 31 21 0.275132
2948 224 14 24 0.169643
2949 233 21 26 0.201717
2950 205 27 15 0.204878
2951 191 18 18 0.188482
2952 184 11 19 0.163043
2953 165 14 21 0.212121
2954 138 20 14 0.246377
2955 167 24 20 0.263473
2956 216 18 17 0.162037
2957 166 19 22 0.246988
2958 197 15 18 0.167513
2959 154 14 19 0.214286
2960 181 25 20 0.248619
2961 171 19 14 0.192982
2962 167 21 17 0.227545
2963 136 12 15 0.198529
2964 150 13 19 0.213333
2965 111 15 19 0.306306
2966 160 20 10 0.1875
2967 131 21 13 0.259542
2968 146 15 16 0.212329
2969 172 16 30 0.267442
2970 161 8 18 0.161491
2971 128 15 12 0.210938
2972 117 27 11 0.324786
2973 155 21 16 0.23871
2974 184 20 22 0.228261
2975 153 16 19 0.228758
2976 169 19 23 0.248521
2977 208 13 16 0.139423
2978 157 16 18 0.216561
2979 145 20 17 0.255172
2980 138 20 12 0.231884
2981 153 17 18 0.228758
2982 157 18 17 0.22293
2983 147 16 20 0.244898
2984 152 13 21 0.223684
2985 170 17 18 0.205882
2986 169 23 15 0.224852
2987 168 19 19 0.22619
2988 213 16 21 0.173709
2989 196 18 21 0.19898
2990 207 19 17 0.173913
2991 159 16 16 0.201258
2992 146 22 23 0.308219
2993 182 18 15 0.181319
2994 167 15 19 0.203593
2995 145 15 17 0.22069
2996 178 21 15 0.202247
2997 165 20 14 0.206061
2998 140 19 16 0.25
2999 170 14 17 0.182353
3000 149 18 17 0.234899
3001 156 15 23 0.24359
3002 156 16 20 0.230769
3003 159 20 14 0.213836
3004 153 22 16 0.248366
3005 186 13 21 0.182796
3006 166 18 25 0.259036
3007 207 18 20 0.183575
3008 197 22 15 0.187817
3009 170 20 17 0.217647
3010 196 13 20 0.168367
3011 145 14 12 0.17931
3012 134 23 20 0.320896
3013 182 17 18 0.192308
3014 191 28 18 0.240838
3015 177 16 20 0.20339
3016 194 22 31 0.273196
3017 217 24 19 0.198157
3018 251 22 14 0.143426
3019 231 21 23 0.190476
3020 193 16 21 0.19171
3021 201 15 24 0.19403
3022 173 20 14 0.196532
3023 159 22 19 0.257862
3024 180 21 16 0.205556
3025 165 20 22 0.254545
3026 184 17 19 0.195652
3027 175 16 21 0.211429
3028 187 24 20 0.235294
3029 185 19 20 0.210811
3030 217 25 25 0.230415
3031 210 19 17 0.171429
3032 200 27 24 0.255
3033 231 20 16 0.155844
3034 233 16 30 0.197425
3035 207 19 18 0.178744
3036 226 27 16 0.190265
3037 227 20 18 0.167401
3038 208 20 22 0.201923
3039 198 23 25 0.242424
3040 263 18 22 0.152091
3041 218 17 21 0.174312
3042 222 28 15 0.193694
3043 200 12 20 0.16
3044 166 15 24 0.23494
3045 198 22 23 0.227273
3046 184 24 12 0.195652
3047 217 22 22 0.202765
3048 201 22 19 0.20398
3049 192 10 21 0.161458
3050 194 15 21 0.185567
3051 157 17 16 0.210191
3052 170 21 14 0.205882
3053 148 20 11 0.209459
3054 134 12 17 0.216418
3055 122 20 16 0.295082
3056 143 21 18 0.272727
3057 146 16 24 0.273973
3058 193 23 18 0.212435
3059 181 20 23 0.237569
3060 184 11 18 0.157609
3061 147 17 16 0.22449
3062 158 19 17 0.227848
3063 168 28 21 0.291667
3064 194 19 21 0.206186
3065 198 25 26 0.257576
3066 247 24 18 0.17004
3067 198 18 27 0.227273
3068 227 16 17 0.145374
3069 204 21 22 0.210784
3070 270 22 29 0.188889
3071 228 18 17 0.153509
3072 234 30 19 0.209402
3073 188 19 11 0.159574
3074 191 27 23 0.26178
3075 219 13 21 0.155251
3076 196 18 18 0.183673
3077 171 14 25 0.22807
3078 202 29 26 0.272277
3079 250 25 20 0.18
3080 245 19 25 0.179592
3081 227 19 23 0.185022
3082 215 28 16 0.204651
3083 212 22 17 0.183962
3084 202 22 15 0.183168
3085 166 9 21 0.180723
3086 163 22 23 0.276074
3087 184 28 17 0.244565
3088 211 13 30 0.203791
3089 214 16 22 0.17757
3090 192 14 14 0.145833
3091 152 21 13 0.223684
3092 174 18 12 0.172414
3093 122 13 17 0.245902
3094 137 13 19 0.233577
3095 137 16 12 0.20438
3096 141 20 15 0.248227
3097 166 22 17 0.23494
3098 159 18 22 0.251572
3099 159 12 20 0.201258
3100 159 19 17 0.226415
3101 170 25 14 0.229412
3102 176 17 17 0.193182
3103 175 22 23 0.257143
3104 179 12 21 0.184358
3105 181 14 23 0.20442
3106 167 21 16 0.221557
3107 192 33 19 0.270833
3108 203 18 19 0.182266
3109 192 16 28 0.229167
3110 211 14 18 0.151659
3111 194 27 19 0.237113
3112 207 29 15 0.21256
3113 195 19 22 0.210256
3114 196 17 29 0.234694
3115 219 15 21 0.164384
3116 181 21 13 0.187845
3117 152 17 10 0.177632
3118 120 11 15 0.216667
3119 127 18 22 0.314961
3120 176 15 21 0.204545
3121 156 20 18 0.24359
3122 160 21 20 0.25625
3123 179 23 19 0.234637
3124 204 19 24 0.210784
3125 206 22 20 0.203883
3126 213 19 20 0.183099
3127 187 21 14 0.187166
3128 182 18 23 0.225275
3129 175 17 23 0.228571
3130 182 17 12 0.159341
3131 142 22 11 0.232394
3132 151 16 15 0.205298
3133 138 16 20 0.26087
3134 149 16 26 0.281879
3135 158 12 21 0.208861
3136 139 20 14 0.244604
3137 162 26 17 0.265432
3138 168 19 13 0.190476
3139 164 16 21 0.22561
3140 202 12 18 0.148515
3141 145 14 21 0.241379
3142 181 21 18 0.21547
3143 171 25 17 0.245614
3144 175 20 17 0.211429
3145 161 11 20 0.192547
3146 165 17 20 0.224242
3147 160 23 19 0.2625
3148 191 23 15 0.198953
3149 187 16 17 0.176471
3150 156 13 23 0.230769
3151 192 21 19 0.208333
3152 188 26 18 0.234043
3153 206 21 14 0.169903
3154 168 14 21 0.208333
3155 177 17 29 0.259887
3156 204 21 24 0.220588
3157 196 21 16 0.188776
3158 186 24 16 0.215054
3159 203 17 13 0.147783
3160 176 21 18 0.221591
3161 164 17 21 0.231707
3162 159 15 21 0.226415
3163 208 26 18 0.211538
3164 171 17 19 0.210526
3165 190 19 22 0.215789
3166 167 20 22 0.251497
3167 210 21 20 0.195238
3168 187 23 18 0.219251
3169 215 17 22 0.181395
3170 201 15 24 0.19403
3171 194 25 20 0.231959
3172 216 21 17 0.175926
3173 200 21 18 0.195
3174 191 20 16 0.188482
3175 142 13 22 0.246479
3176 180 13 19 0.177778
3177 133 16 8 0.180451
3178 114 18 10 0.245614
3179 99 11 12 0.232323
3180 97 10 17 0.278351
3181 98 11 12 0.234694
3182 107 16 20 0.336449
3183 121 18 11 0.239669
3184 126 16 12 0.222222
3185 105 13 16 0.27619
3186 137 11 11 0.160584
3187 75 10 12 0.293333
3188 80 13 9 0.275
3189 98 13 15 0.285714
3190 110 14 14 0.254545
3191 103 9 15 0.23301
3192 109 14 12 0.238532
3193 123 19 19 0.308943
3194 151 13 14 0.178808
3195 122 28 15 0.352459
3196 173 14 18 0.184971
3197 173 19 33 0.300578
3198 184 16 24 0.217391
3199 187 22 15 0.197861
3200 197 29 15 0.22335
3201 205 19 16 0.170732
3202 165 13 30 0.260606
3203 185 10 14 0.12973
3204 124 14 8 0.177419
3205 114 19 14 0.289474
3206 136 19 19 0.279412
3207 160 17 22 0.24375
3208 187 19 18 0.197861
3209 183 20 20 0.218579
3210 178 28 21 0.275281
3211 243 28 18 0.1893
3212 226 15 25 0.176991
3213 207 13 18 0.149758
3214 202 21 27 0.237624
3215 227 29 18 0.207048
3216 232 25 20 0.193966
3217 241 16 25 0.170124
3218 253 20 25 0.177866
3219 235 24 20 0.187234
3220 199 18 14 0.160804
3221 186 23 23 0.247312
3222 201 16 19 0.174129
3223 215 20 21 0.190698
3224 181 24 20 0.243094
3225 202 19 22 0.20297
3226 211 24 25 0.232227
3227 223 20 18 0.170404
3228 252 25 21 0.18254
3229 229 28 25 0.231441
3230 244 16 15 0.127049
3231 201 15 23 0.189055
3232 195 14 27 0.210256
3233 222 18 19 0.166667
3234 183 27 14 0.224044
3235 188 25 8 0.175532
3236 154 13 14 0.175325
3237 114 11 21 0.280702
3238 152 9 23 0.210526
3239 135 15 18 0.244444
3240 138 20 10 0.217391
3241 110 24 6 0.272727
3242 119 17 13 0.252101
3243 124 12 22 0.274194
3244 126 10 27 0.293651
3245 145 11 18 0.2
3246 125 16 14 0.24
3247 118 25 8 0.279661
3248 137 19 20 0.284672
3249 151 17 21 0.251656
3250 150 18 26 0.293333
3251 227 25 24 0.215859
3252 210 26 16 0.2
3253 229 24 19 0.187773
3254 196 14 23 0.188776
3255 181 12 20 0.176796
3256 176 14 22 0.204545
3257 177 26 10 0.20339
3258 157 27 13 0.254777
3259 186 18 20 0.204301
3260 161 13 25 0.236025
3261 174 8 21 0.166667
3262 132 17 15 0.242424
3263 115 16 14 0.26087
3264 147 22 11 0.22449
3265 146 18 14 0.219178
3266 145 15 19 0.234483
3267 143 13 16 0.202797
3268 116 15 17 0.275862
3269 114 21 11 0.280702
3270 145 17 16 0.227586
3271 136 15 19 0.25
3272 184 16 26 0.228261
3273 161 19 16 0.217391
3274 141 23 15 0.269504
3275 159 19 14 0.207547
3276 163 21 17 0.233129
3277 173 15 22 0.213873
3278 168 20 27 0.279762
3279 201 18 27 0.223881
3280 228 27 22 0.214912
3281 261 28 11 0.149425
3282 216 20 29 0.226852
3283 237 12 23 0.147679
3284 193 16 18 0.176166
3285 182 24 17 0.225275
3286 173 23 19 0.242775
3287 193 20 21 0.212435
3288 201 13 23 0.179104
3289 162 17 12 0.179012
3290 130 17 12 0.223077
3291 119 15 12 0.226891
3292 120 21 18 0.325
3293 160 21 21 0.2625
3294 151 13 24 0.245033
3295 188 23 23 0.244681
3296 201 27 15 0.208955
3297 228 22 15 0.162281
3298 185 11 24 0.189189
3299 177 16 26 0.237288
3300 206 25 18 0.208738
3301 209 26 12 0.181818
3302 184 15 17 0.173913
3303 152 16 24 0.263158
3304 161 14 21 0.217391
3305 206 27 23 0.242718
3306 207 16 14 0.144928
3307 178 15 15 0.168539
3308 144 16 16 0.222222
3309 137 17 23 0.291971
3310 141 14 25 0.276596
3311 200 27 14 0.205
3312 169 19 12 0.183432
3313 170 22 25 0.276471
3314 184 15 22 0.201087
3315 204 15 23 0.186275
3316 176 20 11 0.176136
3317 179 28 16 0.24581
3318 222 22 28 0.225225
3319 238 16 24 0.168067
3320 214 20 18 0.17757
3321 189 26 17 0.227513
3322 195 26 16 0.215385
3323 185 14 23 0.2
3324 181 13 26 0.21547
3325 183 16 18 0.185792
3326 157 20 13 0.210191
3327 120 17 11 0.233333
3328 142 20 12 0.225352
3329 141 19 22 0.29078
3330 171 10 19 0.169591
3331 141 14 22 0.255319
3332 174 20 16 0.206897
3333 141 27 14 0.29078
3334 207 26 27 0.256039
3335 210 14 23 0.17619
3336 188 17 19 0.191489
3337 181 21 20 0.226519
3338 164 19 9 0.170732
3339 146 21 16 0.253425
3340 155 15 20 0.225806
3341 170 13 25 0.223529
3342 186 16 23 0.209677
3343 151 20 13 0.218543
3344 178 21 10 0.174157
3345 147 18 18 0.244898
3346 134 15 17 0.238806
3347 141 15 19 0.241135
3348 173 21 21 0.242775
3349 167 17 13 0.179641
3350 175 24 24 0.274286
3351 176 17 20 0.210227
3352 230 26 29 0.23913
3353 225 16 21 0.164444
3354 236 22 16 0.161017
3355 152 16 13 0.190789
3356 165 19 21 0.242424
3357 154 16 17 0.214286
3358 171 20 20 0.233918
3359 163 16 18 0.208589
3360 166 13 16 0.174699
3361 138 14 18 0.231884
3362 162 20 18 0.234568
3363 171 15 14 0.169591
3364 148 22 13 0.236486
3365 140 14 17 0.221429
3366 158 19 23 0.265823
3367 162 16 18 0.209877
3368 197 23 14 0.187817
3369 146 24 15 0.267123
3370 172 14 24 0.22093
3371 150 8 18 0.173333
3372 144 15 20 0.243056
3373 119 19 8 0.226891
3374 133 24 10 0.255639
3375 137 17 11 0.20438
3376 107 12 15 0.252336
3377 138 12 23 0.253623
3378 135 12 25 0.274074
3379 154 20 18 0.246753
3380 174 26 21 0.270115
3381 190 24 11 0.184211
3382 154 17 20 0.24026
3383 152 9 19 0.184211
3384 147 14 22 0.244898
3385 143 21 13 0.237762
3386 155 27 11 0.245161
3387 152 15 17 0.210526
3388 150 11 25 0.24
3389 144 14 24 0.263889
3390 168 23 14 0.220238
3391 178 20 10 0.168539
3392 135 19 15 0.251852
3393 131 13 21 0.259542
3394 174 24 25 0.281609
3395 173 17 20 0.213873
3396 189 28 19 0.248677
3397 212 20 20 0.188679
3398 206 14 22 0.174757
3399 179 13 26 0.217877
3400 166 19 17 0.216867
3401 226 33 13 0.20354
3402 186 19 13 0.172043
3403 154 9 18 0.175325
3404 124 9 26 0.282258
3405 147 12 20 0.217687
3406 126 17 13 0.238095
3407 111 22 8 0.27027
3408 136 24 10 0.25
3409 143 16 22 0.265734
3410 164 10 27 0.22561
3411 170 15 15 0.176471
3412 126 23 21 0.349206
3413 189 27 14 0.216931
3414 191 23 16 0.204188
3415 175 16 17 0.188571
3416 141 10 21 0.219858
3417 143 11 21 0.223776
3418 117 8 8 0.136752
3419 94 18 7 0.265957
3420 89 15 6 0.235955
3421 75 7 7 0.186667
3422 55 6 8 0.254545
3423 59 5 12 0.288136
3424 52 3 12 0.288462
3425 56 3 11 0.25
3426 42 2 5 0.166667
3427 23 2 8 0.434783
3428 40 3 5 0.2
3429 28 6 0 0.214286
3430 24 12 0 0.5
3431 40 16 0 0.4
3432 50 12 0 0.24
3433 43 11 0 0.255814
3434 27 3 0 0.111111
3435 8 2 0 0.25
3436 8 0 0 0
3437 0 0 0 0
3438 0 0 0 0
3439 0 0 0 0
3440 0 0 0 0
3441 0 0 0 0
3442 0 0 0 0
3443 0 0 0 0
3444 0 0 0 0
3445 0 0 0 0
3446 0 0 0 0
