99799 1775710864
99803 1775710864
99805 1775677616
99811 1775705864
99819 1775705864
99827 1506659248
99831 1775559267
99837 1775633072
99841 99904584
99847 1775705864
99851 1775565337
99857 1775633072
99863 1775705864
99869 1775677616
99873 99903926
99877 1775710864
99885 1529
99891 1775480229
99897 1506659664
99901 1506659440
99905 1506660008
99913 1506662264
99925 1506660512
99928 32767
99931 0
99937 0
99944 539959472
99947 0
99953 1506660984
99961 1
99965 1506661547
99966 32767
99974 1
99975 1
99983 4
99989 1506661544
99993 1506661848
99999 1506661848
