99801 99903926
99809 1506659152
99813 1506659296
99816 32767
99821 1506659152
99825 985704778
99829 1506659344
99835 1506660060
99839 1775705864
99843 1130254552
99849 99903926
99853 1506659344
99857 1506659944
99863 1506659880
99867 1506661548
99868 32767
99875 1506661548
99881 1506660008
99889 1506662264
99901 1506659536
99905 1506660104
99911 1506660072
99915 1506661643
99925 1506660608
99929 1506660984
99934 7
99937 1
99941 1506661547
99942 32767
99953 1506661080
99955 1
99961 1
99965 1506661643
99966 32767
99974 1
99983 4
99989 1506661640
99999 998264832
