8 13
17 14
22 14
27 14
32 14
37 14
42 13
47 14
52 13
57 14
62 13
67 14
72 14
77 14
82 14
87 14
92 14
97 14
102 14
107 14
112 14
117 14
122 15
127 14
132 15
137 14
142 15
147 14
152 14
157 14
162 14
167 14
172 14
177 14
182 14
187 15
192 13
197 14
202 13
207 14
212 13
217 14
222 13
227 14
232 12
237 14
242 12
247 14
252 12
257 14
262 12
267 14
272 12
277 14
282 12
287 14
292 12
297 15
302 12
307 15
312 11
317 14
322 11
327 14
332 12
337 13
342 12
346 12
352 12
356 12
362 12
366 12
372 12
376 12
382 12
386 12
392 12
396 12
402 12
406 12
412 12
416 12
422 13
426 12
432 13
436 13
442 13
446 13
452 13
456 13
462 13
466 13
472 13
476 13
482 13
486 13
492 13
496 13
502 12
506 14
512 12
516 13
522 12
526 13
532 12
536 13
542 13
546 13
552 12
556 13
562 12
566 13
572 12
576 13
582 12
586 13
592 11
596 13
602 11
606 14
612 11
616 14
622 11
626 14
632 11
636 14
642 11
646 14
652 11
656 14
662 12
666 14
676 14
686 14
696 14
706 14
709 11
716 13
719 12
726 13
729 12
736 13
739 12
746 13
749 12
754 13
764 13
774 14
784 14
794 13
804 13
807 12
814 13
817 12
824 13
836 14
846 14
856 14
866 14
867 12
876 14
877 12
886 14
887 12
896 14
900 12
906 14
907 11
916 14
920 13
926 14
930 13
936 14
940 13
946 15
950 13
956 15
960 13
966 15
970 13
976 15
980 13
986 15
990 13
996 15
1000 13
1006 15
1010 13
1016 15
1020 13
1026 15
1030 13
1036 15
1040 13
1046 15
1050 14
1056 15
1057 13
1066 14
1067 13
1076 14
1077 13
1086 14
1087 13
1094 13
1097 13
1100 13
1104 13
1107 13
1110 13
1114 14
1117 13
1120 13
1124 13
1127 13
1130 12
1134 13
1137 13
1140 12
1144 13
1147 13
1150 12
1154 13
1160 12
1164 13
1170 12
1174 13
1177 11
1184 13
1187 11
1196 13
1197 11
1206 13
1207 11
1216 13
1217 11
1226 13
1227 11
1236 14
1237 11
1246 13
1250 11
1256 13
1260 11
1266 13
1270 12
1276 13
1277 11
1286 13
1287 11
1296 13
1297 11
1306 13
1307 11
1316 13
1317 11
1326 13
1327 11
1336 13
1337 11
1346 13
1356 13
1366 13
1376 13
1384 12
1394 12
1404 12
1416 13
1426 13
1436 13
1444 13
1454 13
1464 13
1467 12
1474 13
1477 13
1487 14
1497 14
1507 14
1517 14
1527 14
1537 14
1547 14
1550 10
1557 14
1560 10
1567 14
1570 10
1577 14
1580 10
1587 14
1590 10
1597 14
1600 11
1607 14
1610 11
1617 14
1620 11
1627 14
1630 11
1637 14
1640 10
1647 14
1650 10
1657 14
1660 10
1667 14
1670 10
1677 15
1680 10
1687 14
1690 10
1697 14
1700 10
1707 14
1710 10
1717 14
1720 10
1727 14
1730 10
1737 14
1740 10
1747 14
1750 10
1757 14
1760 10
1767 14
1770 10
1777 14
1780 10
1787 14
1790 10
1797 14
1800 11
1807 14
1810 11
1817 14
1820 11
1827 14
1830 11
1837 14
1840 11
1847 14
1850 11
1857 14
1860 11
1867 14
1870 10
1877 14
1880 10
1886 14
1896 14
1906 14
1916 14
1927 15
1930 10
1937 15
1940 10
1947 15
1950 11
1957 15
1960 11
1967 15
1970 11
1977 15
1980 11
1987 15
1990 11
1997 15
2000 11
2007 15
2010 11
2017 15
2020 11
2027 15
2030 12
2037 15
2040 11
2047 15
2050 11
2057 16
2060 11
2067 16
2070 11
2077 16
2080 11
2087 16
2090 11
2097 16
2100 11
2107 16
2110 11
2117 16
2120 11
2127 16
2130 11
2137 16
2140 11
2147 15
2150 11
2157 15
2160 11
2167 15
2170 11
2177 15
2180 11
2187 15
2197 15
2200 10
2207 15
2210 10
2217 15
2220 10
2227 15
2230 10
2237 15
2240 10
2247 15
2250 10
2257 15
2260 10
2267 15
2270 10
2277 15
2280 10
2287 15
2290 10
2297 15
2300 10
2307 16
2310 10
2317 17
2320 10
2327 17
2330 10
2337 17
2340 11
2347 17
2350 11
2357 17
2360 11
2367 17
2370 11
2377 17
2380 11
2387 17
2390 11
2397 17
2400 11
2407 17
2410 11
2417 17
2420 11
2427 17
2430 11
2437 17
2440 11
2447 17
2450 10
2457 17
2460 10
2467 17
2470 10
2477 17
2480 10
2487 16
2490 10
2497 16
2502 11
2507 16
2512 11
2517 16
2520 11
2527 16
2530 11
2537 17
2540 11
2547 18
2550 13
2557 17
2560 12
2567 18
2570 13
2577 17
2580 13
2587 17
2590 12
2597 15
2600 12
2607 15
2610 12
2617 15
2620 12
2627 15
2630 12
2637 16
2640 12
2647 16
2650 13
2657 17
2660 13
2667 17
2670 13
2677 18
2680 13
2687 18
2690 13
2697 18
2700 14
2707 19
2710 14
2717 18
2720 15
2727 18
2730 14
2737 18
2740 14
2747 17
2750 14
2757 17
2760 13
2767 17
2770 13
2777 16
2780 12
2787 16
2790 12
2797 16
2800 12
2807 16
2810 12
2817 17
2827 18
2837 18
2847 18
2857 18
2867 18
2877 17
2887 17
2897 17
2907 17
2917 17
2920 14
2927 17
2931 13
2937 17
2941 13
2947 17
2951 14
2957 17
2961 15
2967 16
2971 15
2977 16
2981 15
2987 16
2991 15
2997 17
3001 15
3007 17
3011 15
3017 17
3021 15
3027 16
3031 15
3037 16
3041 15
3047 16
3051 14
3057 16
3061 15
3067 16
3071 14
3077 16
3081 14
3087 16
3091 14
3097 16
3101 14
3107 16
3111 14
3117 16
3121 14
3127 15
3131 14
3137 15
3141 14
3147 15
3151 14
3157 15
3161 14
3167 14
3171 14
3177 14
3181 14
3187 14
3191 14
3197 14
3201 15
3207 14
3211 15
3217 14
3221 16
3227 14
3231 16
3237 13
3241 15
3247 13
3251 15
3257 13
3261 16
3267 13
3271 16
3277 13
3281 16
3287 13
3291 16
3297 13
3301 16
3307 13
3311 17
3317 13
3321 17
3327 13
3331 18
3337 13
3341 17
3347 13
3351 17
3357 13
3361 18
3367 12
3371 17
3377 12
3381 17
3387 12
3391 17
3397 13
3401 17
3407 12
3411 17
3417 12
3421 17
3427 12
3431 17
3437 12
3441 17
3451 18
3457 12
3461 18
3467 12
3471 19
3477 12
3481 19
3487 12
3491 19
3497 12
3501 19
3507 12
3511 19
3517 12
3521 19
3527 12
3531 21
3537 12
3541 21
3547 12
3551 21
3557 12
3561 21
3567 12
3571 21
3577 12
3581 22
3587 12
3591 21
3597 11
3601 21
3607 11
3611 21
3617 11
3621 21
3627 11
3631 20
3637 11
3641 20
3647 11
3651 20
3657 11
3661 20
3663 11
3671 19
3677 11
3681 19
3683 10
3691 19
3693 10
3701 19
3703 10
3711 19
3713 10
3721 20
3731 20
3741 22
3751 22
3761 22
3771 22
3781 22
3791 22
3801 22
3811 22
3821 21
3831 21
3841 21
3851 21
3861 21
3871 21
3881 20
3891 20
3901 20
3911 19
3921 19
3931 19
3941 19
3951 19
3961 19
3971 19
3981 19
3991 19
4001 18
4012 19
4022 18
4032 17
4042 17
4052 16
4062 16
4072 16
4082 16
4092 17
4102 16
4112 15
4122 15
4132 15
4142 15
4152 15
4162 15
4171 15
4181 15
4191 15
4201 15
4211 15
4221 15
4231 15
4241 15
4251 15
4261 15
4271 15
4281 15
4291 16
4301 16
4312 18
4322 18
4332 18
4342 19
4352 18
4362 18
4372 18
4382 18
4392 19
4402 19
4412 19
4422 21
4432 20
4442 20
4452 20
4462 21
4472 21
4482 22
4492 21
4502 21
4512 21
4522 22
4532 22
4542 23
4552 24
4562 23
4572 23
4582 23
4592 22
4602 21
4612 20
4622 21
4632 21
4642 21
4652 21
4662 21
4672 20
4682 20
4692 20
4702 20
4714 20
4724 21
4734 21
4744 23
4754 24
4764 22
4774 22
4784 22
4793 23
4803 23
4813 24
4824 25
4834 25
4844 25
4854 25
4864 26
4874 27
4884 29
4894 31
4904 32
4914 34
4924 35
4934 32
4944 31
4954 29
4964 29
4974 30
4984 29
4994 28
5004 30
5014 30
5024 30
5035 28
5045 28
5055 29
5065 29
5074 29
5084 30
5094 29
5105 29
5115 31
5125 31
5135 30
5145 29
5155 30
5165 30
5175 30
5185 33
5195 32
5205 32
5215 33
5225 31
5235 32
5245 31
5255 32
5265 32
5275 31
5285 30
5295 31
5305 30
5315 32
5325 32
5335 28
5345 28
5356 29
5366 28
5376 29
5386 27
5396 30
5406 29
5416 31
5426 34
5436 32
5446 33
5456 35
5466 33
5476 31
5486 31
5496 31
5506 32
5516 32
5526 32
5536 34
5546 33
5556 36
5566 36
5576 38
5586 40
5596 39
5606 36
5616 36
5627 36
5637 38
5647 38
5657 39
5667 41
5677 41
5687 40
5697 40
5707 41
5717 40
5727 39
5737 40
5747 39
5757 39
5767 38
5777 40
5787 37
5797 35
5807 40
5817 40
5827 37
5837 36
5848 36
5858 37
5868 38
5878 38
5888 39
5898 37
5908 37
5918 38
5928 39
5938 40
5948 44
5958 42
5968 44
5978 43
5988 44
5998 44
6008 43
6018 44
6028 44
6038 42
6048 44
6058 38
6068 38
6078 35
6089 36
6099 39
6109 42
6119 41
6129 42
6139 39
6149 38
6159 39
6169 41
6180 40
6190 47
6200 48
6210 49
6220 49
6230 47
6240 47
6251 47
6261 49
6271 54
6281 56
6291 58
6301 58
6311 57
6321 40
6332 41
6342 46
6352 51
6362 55
6372 56
6382 43
6393 48
6403 53
6413 53
6423 51
6433 50
6443 48
6454 50
6464 54
6474 56
6484 61
6494 53
6504 48
6515 46
6525 55
6535 62
6545 68
6555 62
6565 58
6575 49
6585 44
6596 45
6606 55
6616 43
6627 51
6637 54
6647 54
6657 52
6667 54
6677 49
6688 48
6698 56
6708 59
6718 58
6728 63
6738 60
6748 57
6758 44
6761 2
6769 53
6779 59
6789 58
6799 60
6809 57
6819 50
6829 46
6840 53
6845 2
6850 64
6860 55
6870 57
6880 50
6883 2
6891 52
6901 59
6911 62
6921 53
6932 49
6942 59
6952 58
6962 62
6972 51
6982 50
6992 49
7002 48
7012 47
7022 45
7032 42
7043 44
7053 45
7063 44
7073 47
7083 54
7093 55
7103 54
7113 50
7123 45
7134 46
7144 46
7154 55
7164 54
7174 51
7184 46
7194 42
7205 45
7215 55
7225 56
7235 57
7245 59
7255 60
7265 55
7275 53
7285 52
7295 50
7305 43
7315 42
7325 40
7329 3
7336 40
7339 3
7346 41
7349 3
7356 43
7359 3
7366 46
7369 3
7376 48
7386 51
7396 50
7406 43
7416 41
7427 52
7437 54
7447 62
7457 66
7467 65
7477 61
7487 55
7497 49
7507 41
7517 39
7528 39
7538 44
7548 45
7558 48
7568 46
7578 50
7588 51
7598 47
7608 45
7619 42
7629 41
7639 43
7649 44
7659 48
7669 49
7679 47
7689 49
7699 44
7710 47
7720 50
7730 53
7740 55
7750 51
7760 51
7770 49
7780 46
7790 43
7801 44
7811 47
7821 48
7831 50
7841 50
7851 52
7861 52
7871 53
7881 48
7891 48
7901 43
7912 43
7922 48
7932 50
7942 54
7952 56
7962 49
7973 46
7983 57
7986 1
7993 59
7995 1
8003 54
8013 45
8023 41
8034 46
8044 55
8054 60
8064 58
8074 57
8084 58
8094 51
8104 48
8115 43
8125 48
8135 49
8145 52
8155 56
8165 58
8175 61
8185 52
8195 53
8205 51
8215 46
8225 44
8235 42
8245 40
8256 46
8266 47
8276 48
8286 49
8296 47
8306 48
8316 46
8326 46
8336 47
8346 46
8356 47
8367 46
8377 50
8387 52
8397 58
8407 58
8417 58
8427 50
8437 50
8447 43
8457 43
8467 42
8478 41
8488 43
8498 44
8508 46
8518 51
8528 53
8530 2
8538 53
8540 2
8548 51
8558 49
8568 48
8578 50
8588 51
8598 46
8608 42
8619 43
8629 45
8639 47
8649 51
8659 50
8669 50
8679 52
8689 52
8699 51
8709 47
8719 45
8730 49
8740 52
8750 57
8760 57
8770 59
8780 56
8790 53
8800 51
8810 43
8820 44
8831 50
8841 50
8851 53
8861 55
8871 62
8881 65
8891 62
8901 60
8911 57
8921 56
8931 57
8941 57
8951 52
8961 47
8971 46
8981 40
8992 40
9002 42
9012 44
9022 43
9032 42
9042 43
9052 40
9062 38
9073 43
9083 44
9093 57
9103 62
9113 60
9123 59
9126 2
9133 49
9136 2
9144 41
9154 44
9164 50
9174 51
9185 52
9195 55
9205 50
9215 51
9226 46
9236 46
9246 44
9256 47
9266 46
9276 47
9286 48
9297 44
9307 48
9317 57
9327 59
9337 49
9347 46
9358 42
9368 54
9378 57
9388 57
9398 48
9408 49
9418 50
9428 48
9439 48
9449 51
9459 54
9469 49
9479 49
9489 43
9500 47
9510 49
9520 53
9530 54
9540 58
9550 54
9560 55
9570 50
9580 48
9590 49
9600 45
9611 50
9621 55
9631 49
9641 48
9651 44
9661 40
9672 41
9682 41
9692 46
9702 45
9712 47
9722 44
9732 41
9742 42
9753 44
9763 50
9773 54
9783 55
9793 53
9803 55
9813 54
9823 46
9834 44
9844 49
9854 48
9864 55
9874 60
9884 61
9894 58
9904 54
9914 55
9925 43
9935 52
9945 54
9955 49
9965 46
9975 50
9985 50
9995 51
10005 41
10016 40
10026 48
10036 44
10046 48
10056 52
10066 51
10076 51
10086 46
10096 44
10107 42
10117 44
10127 45
10137 51
10147 48
10157 47
10167 47
10177 46
10187 43
10197 41
10207 43
10213 3
10218 44
10223 3
10228 50
10233 3
10238 50
10243 3
10248 49
10253 3
10258 48
10263 3
10268 49
10270 3
10278 47
10288 50
10298 42
10308 42
10318 39
10329 41
10339 44
10349 45
10359 42
10363 3
10369 43
10373 3
10379 41
10383 3
10389 44
10393 3
10399 43
10403 3
10409 45
10413 3
10419 45
10429 45
10439 45
10449 41
10459 39
10470 44
10480 48
10490 50
10500 53
10510 58
10520 60
10530 53
10540 50
10550 48
10560 51
10570 45
10580 42
10590 39
10601 40
10611 45
10621 47
10631 46
10641 45
10651 54
10661 54
10671 50
10681 48
10691 45
10701 43
10711 39
10722 42
10732 45
10742 44
10752 49
10762 51
10772 50
10782 54
10792 52
10802 49
10812 44
10822 44
10832 39
10843 41
10853 46
10863 47
10865 2
10873 48
10875 2
10883 48
10885 2
10893 47
10903 50
10913 45
10924 47
10929 2
10934 54
10939 2
10944 68
10954 52
10964 49
10974 42
10985 46
10995 50
11005 61
11015 58
11025 54
11035 45
11045 38
11055 39
11066 48
11076 52
11086 54
11096 54
11106 54
11116 54
11126 51
11136 50
11146 45
11157 41
11167 40
11177 45
11187 44
11197 46
11207 47
11217 39
11228 45
11230 2
11238 47
11240 2
11248 48
11250 2
11258 51
11260 2
11268 52
11278 49
11288 48
11298 46
11309 44
11319 49
11329 55
11339 60
11349 61
11359 63
11361 2
11369 70
11371 2
11379 72
11381 2
11389 66
11399 58
11404 2
11410 52
11414 2
11420 56
11424 2
11430 55
11432 2
11440 55
11442 2
11450 60
11452 2
11460 52
11462 2
11470 48
11472 2
11481 50
11491 51
11501 52
11511 59
11521 59
11531 60
11541 52
11551 52
11561 45
11572 48
11582 55
11592 52
11602 53
11612 48
11622 46
11633 43
11643 43
11653 48
11663 46
11673 46
11683 45
11693 48
11703 41
11714 49
11724 48
11734 52
11744 57
11754 56
11764 55
11774 52
11784 49
11794 48
11804 40
11815 41
11825 41
11835 38
11845 44
11855 47
11865 50
11875 49
11885 50
11895 50
11906 43
11916 44
11926 52
11936 55
11946 55
11956 59
11961 2
11966 54
11976 51
11986 49
11997 46
12007 48
12011 2
12017 48
12021 2
12027 56
12031 2
12037 59
12041 2
12047 57
12057 52
12067 48
12077 41
12088 46
12098 49
12108 53
12118 59
12128 61
12138 68
12148 71
12158 60
12168 55
12178 50
12188 44
12199 43
12209 43
12219 47
12229 50
12239 55
12249 51
12259 50
12269 49
12279 43
12290 42
12300 55
12310 48
12320 47
12330 51
12340 45
12350 43
12361 47
12371 52
12381 56
12391 55
12401 56
12411 58
12421 54
12431 50
12441 48
12451 48
12462 44
12472 48
12482 48
12492 47
12502 51
12512 52
12522 52
12532 50
12542 49
12544 4
12552 49
12554 4
12562 50
12564 4
12572 48
12574 4
12582 46
12592 43
12602 41
12613 41
12623 47
12633 50
12638 4
12643 56
12648 4
12653 59
12658 4
12663 61
12668 4
12673 61
12678 4
12683 58
12685 4
12693 52
12698 4
12703 48
12714 40
12724 44
12734 47
12744 47
12754 54
12764 54
12774 53
12784 53
12794 51
12804 46
12814 45
12825 45
12835 48
12845 48
12855 48
12865 46
12875 46
12885 46
12895 47
12905 46
12915 42
12926 42
12936 47
12946 53
12956 53
12966 52
12976 51
12986 52
12996 46
13006 49
13016 46
13027 43
13037 45
13047 51
13057 57
13067 56
13077 56
13087 52
13097 49
13107 47
13117 44
13128 46
13138 48
13148 49
13158 49
13168 53
13178 50
13188 44
13198 43
13208 39
13218 37
13229 38
13239 43
13249 45
13259 44
13269 43
13279 46
13289 47
13299 44
13309 43
13319 44
13329 40
13339 40
13349 37
13360 39
13370 43
13380 44
13390 49
13400 51
13410 54
13420 52
13430 52
13440 54
13450 53
13460 46
13470 43
13481 41
13491 39
13501 40
13511 44
13521 50
13531 46
13541 49
13551 45
13561 41
13572 44
13582 47
13592 48
13602 47
13612 47
13622 46
13632 48
13642 44
13653 42
13663 45
13673 45
13683 46
13693 55
13703 51
13713 38
13723 37
13734 41
13744 48
13754 50
13764 55
13774 59
13784 50
13794 47
13804 47
13814 45
13824 43
13835 40
13845 50
13855 54
13865 53
13875 51
13885 44
13895 40
13906 40
13916 48
13926 53
13936 53
13946 55
13948 3
13956 58
13966 55
13976 49
13986 44
13997 48
14007 48
14017 49
14027 50
14037 52
14047 55
14057 58
14067 59
14077 51
14087 48
14097 48
14107 45
14118 39
14128 44
14138 45
14148 46
14158 51
14160 3
14168 51
14170 3
14178 52
14188 51
14198 46
14208 45
14219 42
14229 50
14232 3
14239 55
14242 3
14249 54
14259 56
14269 51
14279 53
14289 54
14299 53
14309 44
14319 41
14330 42
14340 46
14350 50
14360 52
14370 52
14380 48
14390 48
14400 47
14410 43
14421 43
14431 42
14441 50
14451 45
14461 48
14471 49
14481 52
14491 55
14501 56
14511 53
14521 46
14531 48
14541 46
14551 41
14562 43
14572 49
14582 61
14592 54
14602 48
14612 41
14623 41
14633 44
14643 52
14653 53
14663 57
14673 50
14683 48
14693 45
14704 43
14714 41
14725 41
14735 41
14745 43
14755 45
14765 50
14775 49
14785 51
14795 52
14805 51
14815 50
14825 50
14835 47
14846 45
14848 2
14856 49
14858 2
14866 51
14868 2
14876 52
14886 45
14896 42
14907 38
14917 38
14927 39
14937 39
14947 42
14957 50
14967 54
14977 51
14987 50
14997 49
15007 49
15017 53
15027 49
15037 46
15047 44
15057 44
15068 44
15078 43
15088 46
15098 53
15108 53
15118 55
15128 53
15138 51
15148 49
15158 47
15168 43
15179 36
15189 37
15199 40
15209 39
15219 37
15229 40
15239 40
15250 36
15260 37
15270 41
15280 43
15290 43
15300 46
15310 50
15320 50
15330 55
15340 56
15350 51
15361 43
15371 48
15381 46
15391 50
15401 47
15411 48
15421 47
15431 44
15442 41
15452 48
15462 51
15472 59
15482 65
15492 60
15502 59
15512 55
15522 52
15533 45
15543 49
15553 48
15563 54
15573 55
15583 53
15593 53
15603 53
15613 46
15623 40
15634 48
15644 54
15654 54
15664 52
15674 52
15676 1
15684 50
15695 49
15705 53
15715 57
15725 61
15735 69
15745 57
15755 55
15765 48
15776 49
15786 50
15796 54
15806 59
15816 54
15826 56
15836 47
15846 46
15856 44
15866 42
15877 46
15887 48
15897 51
15907 53
15917 55
15927 58
15937 52
15947 48
15958 43
15968 49
15978 52
15988 55
15998 60
16008 53
16018 51
16028 45
16039 41
16049 46
16059 47
16069 56
16079 61
16089 63
16099 59
16109 57
16119 56
16129 47
16140 41
16150 49
16160 54
16170 51
16180 52
16190 54
16200 53
16210 49
16220 44
16231 49
16241 50
16251 56
16261 56
16271 54
16281 53
16291 56
16301 53
16311 57
16321 49
16327 3
16331 47
16337 3
16341 46
16351 45
16357 3
16362 50
16367 3
16372 57
16374 3
16382 60
16384 3
16392 62
16394 3
16402 51
16412 49
16423 50
16433 56
16443 54
16453 53
16463 53
16474 46
16484 48
16494 57
16504 51
16514 52
16524 46
16534 44
16545 44
16555 47
16565 55
16575 55
16585 55
16595 57
16605 56
16615 59
16625 50
16636 45
16646 48
16656 45
16666 48
16676 50
16686 52
16696 51
16706 47
16716 42
16727 55
16737 61
16747 58
16757 56
16767 59
16777 61
16787 57
16797 56
16808 45
16818 46
16828 53
16838 53
16848 55
16858 57
16868 55
16878 56
16888 55
16898 51
16908 51
16918 51
16921 3
16928 49
16931 3
16938 46
16948 43
16958 43
16968 39
16978 34
16989 34
16999 37
17009 37
17019 36
17029 39
17039 38
17049 40
17059 39
17069 41
17079 37
17090 36
17100 37
17110 39
17120 40
17130 42
17140 43
17150 42
17160 43
17170 46
17180 45
17190 44
17200 42
17210 41
17220 39
17230 41
17240 44
17251 41
17261 43
17271 46
17281 51
17291 52
17301 50
17311 49
17321 48
17331 47
17341 48
17351 44
17361 46
17371 41
17382 44
17392 49
17402 51
17412 55
17422 60
17432 48
17442 46
17452 44
17462 43
17473 41
17483 44
17493 45
17503 50
17513 56
17523 58
17533 57
17543 58
17553 55
17563 53
17573 46
17584 45
17594 50
17604 51
17614 52
17624 54
17634 55
17644 53
17654 47
17664 47
17675 42
17685 46
17695 52
17705 56
17715 54
17725 51
17735 47
17745 42
17756 43
17766 47
17776 51
17786 54
17796 53
17806 54
17816 54
17826 52
17836 47
17846 42
17857 47
17867 49
17877 50
17887 62
17889 2
17897 59
17899 2
17907 61
17917 59
17927 59
17937 44
17948 49
17958 52
17968 50
17978 50
17988 48
17998 42
18009 42
18019 46
18029 45
18039 46
18049 49
18059 51
18069 47
18079 52
18090 47
18100 47
18110 51
18120 51
18130 54
18140 54
18150 51
18160 45
18170 45
18180 45
18191 47
18201 51
18211 54
18221 52
18231 49
18241 48
18251 41
18262 46
18272 52
18282 55
18292 53
18302 55
18312 61
18322 56
18333 50
18343 52
18353 55
18363 56
18373 61
18383 57
18394 51
18404 64
18414 63
18424 63
18434 64
18444 62
18454 59
18464 56
18474 46
18485 50
18495 48
18505 52
18515 54
18525 53
18535 50
18545 50
18555 48
18565 38
18576 46
18586 44
18596 50
18606 50
18616 45
18626 37
18637 39
18647 44
18657 52
18667 48
18677 62
18687 45
18697 42
18707 39
18718 51
18728 49
18738 51
18748 50
18758 51
18768 50
18778 48
18788 47
18799 43
18809 47
18819 48
18829 50
18839 53
18849 56
18859 59
18869 59
18879 54
18890 46
18900 43
18910 48
18920 47
18922 3
18930 47
18940 48
18950 44
18961 41
18971 51
18981 50
18991 52
19001 52
19011 52
19021 51
19031 48
19041 43
19043 4
19051 45
19053 4
19061 42
19072 39
19082 40
19092 45
19094 4
19102 45
19104 4
19112 46
19114 4
19122 48
19124 4
19132 49
19134 4
19142 50
19152 52
19162 51
19172 47
19182 47
19192 45
19202 43
19212 43
19223 37
19233 38
19243 45
19253 42
19263 42
19273 44
19283 46
19293 45
19303 40
19313 45
19323 43
19333 39
19344 41
19354 42
19364 43
19374 40
19384 40
19394 38
19404 38
19414 38
19424 38
19434 38
19444 39
19454 39
19464 40
19474 41
19484 43
19495 45
19505 44
19515 47
19525 46
19530 2
19535 52
19537 2
19545 52
19555 51
19557 2
19565 47
19575 43
19585 41
19596 40
19606 46
19616 49
19626 49
19636 51
19646 52
19656 53
19666 52
19676 49
19686 42
19696 39
19707 38
19717 41
19727 44
19737 48
19747 47
19757 51
19767 43
19777 45
19788 42
19798 50
19808 53
19818 56
19828 58
19838 59
19848 56
19858 54
19868 53
19878 44
19888 41
19899 44
19909 44
19919 44
19929 42
19939 42
19949 40
19959 43
19969 42
19980 44
19990 54
20000 48
20010 49
20020 50
20030 50
20040 47
20050 45
20060 43
20071 45
20081 43
20091 47
20101 52
20111 56
20121 49
20131 48
20142 45
20152 45
20156 2
20162 51
20172 48
20182 50
20192 45
20203 45
20213 51
20223 59
20233 72
20243 57
20254 54
20264 50
20274 55
20284 53
20294 53
20304 48
20314 45
20324 44
20334 41
20345 48
20355 50
20365 47
20375 47
20385 48
20395 43
20405 42
20416 43
20426 45
20436 49
20446 49
20456 50
20466 44
20476 46
20486 47
20496 46
20506 43
20516 42
20526 39
20537 44
20547 42
20557 45
20567 47
20577 50
20587 49
20597 52
20607 56
20617 49
20627 43
20638 47
20648 48
20658 50
20660 1
20668 54
20670 1
20678 46
20689 51
20699 54
20709 65
20719 66
20729 50
20740 43
20750 44
20760 43
20770 48
20780 49
20790 45
20800 46
20810 45
20820 44
20831 51
20841 50
20851 54
20861 60
20871 53
20881 49
20891 50
20901 45
20912 49
20917 2
20922 47
20927 2
20932 49
20937 2
20942 44
20944 2
20952 47
20962 44
20973 41
20982 41
20993 48
21003 54
21013 50
21023 52
21033 52
21043 52
21053 46
21063 41
21073 39
21083 35
21094 37
21104 38
21114 39
21124 39
21134 41
21144 42
21154 45
21164 44
21174 42
21184 40
21195 48
21205 53
21215 54
21225 53
21235 53
21245 45
21255 42
21265 43
21276 41
21286 41
21296 43
21306 44
21316 45
21326 42
21336 43
21346 43
21356 40
21366 38
21377 38
21387 49
21397 46
21407 47
21417 43
21427 42
21437 48
21447 43
21457 43
21467 47
21477 40
21488 45
21498 49
21508 56
21518 58
21528 53
21538 52
21548 53
21558 48
21568 47
21579 51
21589 57
21593 2
21599 64
21601 2
21609 61
21613 2
21619 62
21621 2
21629 59
21639 59
21649 52
21659 47
21670 43
21680 43
21690 44
21700 45
21710 48
21720 48
21730 40
21741 50
21751 49
21761 49
21771 47
21781 42
21792 50
21802 60
21812 59
21822 43
21833 50
21843 51
21853 53
21863 58
21873 57
21883 50
21893 52
21904 45
21914 53
21924 56
21926 2
21934 57
21936 2
21944 55
21954 59
21964 54
21974 48
21984 43
21994 42
22004 41
22015 44
22025 48
22035 45
22045 46
22055 47
22065 49
22075 48
22085 47
22095 42
22105 42
22116 40
22126 43
22136 41
22146 48
22156 50
22166 51
22176 50
22186 49
22196 45
22207 48
22217 54
22227 53
22237 53
22247 44
22257 44
22267 42
22277 39
22287 40
22298 41
22308 44
22318 47
22328 51
22338 53
22348 53
22358 53
22368 49
22378 48
22388 44
22399 54
22409 58
22419 59
22429 53
22439 48
22450 42
22460 45
22470 47
22480 49
22490 53
22500 52
22510 49
22520 48
22530 46
22540 45
22550 39
22561 39
22571 46
22581 50
22591 52
22601 51
22611 49
22621 50
22631 48
22641 50
22651 53
22661 49
22671 47
22681 41
22692 46
22702 43
22712 48
22722 54
22732 52
22742 55
22752 54
22762 53
22772 46
22782 42
22792 41
22802 42
22812 37
22823 42
22833 45
22843 42
22853 47
22863 44
22873 43
22884 42
22894 46
22904 48
22914 50
22924 51
22934 53
22944 53
22954 47
22964 46
22975 43
22985 45
22995 51
23005 55
23015 52
23025 55
23035 56
23045 61
23055 53
23065 49
23075 43
23086 43
23096 47
23106 51
23116 53
23126 55
23136 50
23146 46
23157 46
23167 49
23177 57
23187 57
23197 58
23207 60
23217 60
23219 3
23227 49
23238 52
23243 3
23248 54
23253 3
23258 59
23263 3
23268 63
23270 3
23278 63
23280 3
23288 51
23298 48
23309 42
23319 48
23329 49
23339 49
23349 48
23359 48
23369 44
23380 42
23390 47
23400 48
23410 49
23420 48
23430 48
23440 52
23450 54
23460 53
23470 51
23480 50
23490 49
23500 47
23510 46
23520 40
23531 40
23541 41
23551 44
23561 50
23571 55
23581 55
23591 53
23601 49
23611 46
23622 47
23632 47
23642 47
23652 50
23654 3
23662 48
23664 3
23672 46
23674 3
23682 44
23684 3
23692 41
23694 3
23702 41
23713 40
23723 43
23733 47
23743 55
23753 53
23763 54
23773 49
23783 48
23793 47
23803 43
23814 44
23824 46
23834 48
23844 50
23854 53
23857 3
23864 52
23867 3
23874 49
23877 3
23884 46
23886 3
23894 46
23904 39
23915 41
23925 45
23935 50
23945 52
23955 52
23965 53
23975 54
23985 54
23995 54
24005 56
24015 49
24025 49
24035 44
24045 41
24055 39
24065 37
24076 38
24086 38
24096 39
24106 42
24116 43
24126 44
24136 43
24146 41
24156 36
24166 36
24177 39
24187 35
24197 37
24207 41
24217 44
24227 47
24237 46
24247 47
24257 49
24267 47
24271 3
24277 49
24287 53
24297 54
24307 48
24318 43
24328 42
24338 44
24348 48
24358 55
24368 54
24378 53
24388 54
24398 46
24409 45
24419 47
24429 47
24439 51
24449 45
24459 45
24469 45
24479 44
24489 41
24500 42
24510 44
24520 46
24530 47
24540 45
24550 51
24560 45
24570 44
24581 44
24591 46
24601 48
24611 50
24621 51
24631 53
24641 54
24651 52
24661 49
24671 46
24681 45
24691 44
24702 45
24712 47
24714 2
24722 47
24732 45
24742 45
24752 42
24762 46
24772 41
24782 38
24792 39
24803 40
24813 41
24823 51
24833 49
24843 51
24853 53
24863 50
24873 51
24883 50
24893 48
24903 46
24913 42
24923 38
24933 37
24944 39
24954 35
24964 37
24974 39
24984 38
24994 44
25004 46
25014 43
25024 45
25034 45
25044 48
25054 42
25064 37
25075 38
25085 41
25095 43
25105 50
25115 49
25125 48
25135 48
25145 46
25155 46
25165 42
25175 42
25178 2
25186 49
25196 49
25206 52
25216 53
25226 55
25236 54
25246 46
25257 46
25267 43
25277 50
25287 51
25297 52
25307 46
25317 44
25328 45
25338 46
25348 51
25358 54
25368 52
25378 49
25388 47
25398 41
25409 48
25419 58
25429 55
25432 2
25439 51
25449 50
25459 49
25469 48
25480 45
25490 50
25500 62
25510 62
25520 61
25530 58
25540 58
25550 54
25560 44
25571 45
25581 47
25591 48
25601 51
25611 62
25621 60
25631 57
25641 53
25651 53
25661 45
25672 47
25682 58
25692 58
25702 60
25712 61
25722 53
25732 52
25742 47
25753 45
25763 51
25773 54
25783 56
25793 51
25803 49
25813 51
25823 40
25834 46
25844 56
25854 54
25864 59
25874 52
25884 48
25895 40
25905 45
25915 45
25925 45
25935 46
25945 49
25956 47
25966 49
25976 56
25986 56
25996 52
26006 51
26016 53
26026 52
26036 50
26046 48
26056 40
26066 42
26076 39
26087 42
26097 43
26107 43
26117 45
26127 46
26137 51
26147 49
26157 50
26167 48
26177 50
26187 50
26197 48
26207 44
26218 45
26228 52
26238 51
26248 49
26258 44
26268 44
26278 43
26289 41
26299 46
26309 52
26319 50
26329 47
26339 45
26349 42
26359 45
26369 41
26379 40
26390 40
26400 46
26410 47
26420 47
26430 52
26440 49
26450 48
26460 46
26470 46
26480 44
26490 44
26500 45
26511 45
26521 49
26531 54
26541 61
26544 2
26551 61
26553 2
26561 59
26571 57
26581 45
26591 43
26602 44
26612 47
26622 49
26632 49
26642 52
26652 52
26662 51
26672 50
26682 46
26692 42
26703 43
26713 43
26723 46
26733 45
26743 46
26753 50
26763 48
26773 49
26784 45
26794 51
26804 49
26814 50
26824 54
26834 49
26844 48
26854 45
26865 44
26875 45
26885 47
26895 48
26905 47
26915 44
26925 49
26936 41
26946 44
26956 46
26966 48
26976 48
26986 53
26996 47
27006 47
27016 44
27026 46
27037 42
27047 42
27057 42
27067 39
27077 40
27087 43
27097 44
27107 45
27117 42
27127 43
27138 43
27148 53
27158 55
27168 59
27178 61
27188 60
27198 57
27208 50
27218 43
27229 42
27232 2
27239 45
27242 2
27249 51
27252 2
27259 54
27261 2
27269 56
27279 55
27289 49
27300 47
27310 52
27320 54
27330 50
27340 46
27350 44
27360 40
27371 49
27381 53
27391 52
27401 54
27411 53
27421 55
27431 50
27441 45
27452 43
27462 49
27472 56
27482 55
27492 57
27502 57
27512 58
27522 57
27532 52
27542 49
27553 57
27563 57
27573 53
27583 52
27593 50
27603 54
27613 46
27623 44
27634 43
27644 48
27654 49
27664 53
27674 58
27684 58
27694 56
27704 58
27714 49
27724 45
27735 41
27745 56
27748 1
27755 59
27757 1
27765 59
27775 59
27785 59
27796 51
27806 57
27816 66
27826 67
27836 56
27846 50
27857 44
27867 47
27877 49
27887 52
27897 54
27907 52
27917 47
27928 46
27938 51
27948 56
27958 57
27968 54
27978 55
27988 57
27998 53
28008 46
28019 48
28029 51
28039 46
28049 45
28059 44
28069 42
28080 44
28090 48
28100 48
28110 52
28120 54
28130 57
28140 58
28150 47
28160 41
28171 44
28181 49
28191 45
28201 48
28211 50
28221 51
28223 2
28231 52
28242 43
28252 47
28256 2
28262 60
28266 2
28272 57
28276 2
28282 65
28286 2
28292 58
28294 2
28302 45
28313 45
28323 51
28333 58
28343 62
28353 64
28363 59
28373 58
28383 50
28393 50
28404 49
28414 47
28424 49
28434 45
28444 46
28454 46
28464 47
28474 44
28485 47
28495 59
28505 62
28515 54
28525 53
28535 40
28546 42
28556 42
28566 45
28576 49
28586 52
28596 53
28606 51
28616 49
28626 45
28636 42
28647 46
28657 52
28667 53
28677 61
28687 52
28698 54
28708 58
28718 62
28728 64
28738 59
28748 56
28759 56
28761 2
28769 57
28774 2
28779 58
28789 57
28799 54
28809 54
28819 48
28829 46
28839 45
28849 44
28859 42
28870 39
28880 40
28890 42
28900 42
28910 44
28920 42
28930 41
28940 35
28950 36
28960 36
28970 34
28981 34
28991 39
29001 39
29011 41
29021 43
29031 43
29041 38
29051 38
29061 36
29071 35
29082 36
29092 38
29102 42
29112 49
29122 49
29132 50
29142 54
29152 64
29162 57
29172 50
29182 41
29193 43
29203 50
29213 52
29223 57
29233 54
29244 50
29254 50
29264 59
29274 59
29284 55
29294 57
29304 53
29314 53
29324 47
29334 45
29344 46
29354 44
29365 41
29375 41
29385 46
29395 45
29405 46
29415 47
29417 3
29425 49
29435 50
29445 50
29455 48
29465 46
29475 44
29485 42
29495 37
29506 37
29516 39
29526 38
29536 39
29546 43
29556 44
29566 43
29576 45
29586 48
29596 50
29606 46
29616 45
29626 40
29636 40
29647 44
29657 47
29667 45
29677 47
29687 52
29697 52
29707 53
29717 57
29727 59
29737 58
29747 54
29757 54
29767 52
29777 53
29787 51
29797 50
29807 48
29817 45
29827 44
29837 39
29847 37
29857 35
29868 37
29878 40
29888 41
29898 43
29908 42
29918 42
29928 44
29938 41
29948 40
29958 37
29969 36
29979 44
29989 44
29999 43
30009 41
30019 37
30029 36
30039 36
30049 36
30059 38
30070 40
30079 39
30090 41
30100 50
30110 54
30120 60
30130 59
30140 56
30150 55
30160 52
30170 55
30181 48
30191 49
30201 59
30211 55
30221 53
30231 52
30241 52
30251 51
30261 44
30271 43
30282 46
30292 50
30302 57
30312 60
30322 62
30332 59
30342 58
30352 59
30362 54
30372 48
30382 41
30393 41
30403 46
30413 49
30423 49
30433 47
30443 46
30453 45
30463 43
30473 41
30484 45
30494 51
30504 51
30514 54
30524 54
30534 55
30544 57
30554 54
30564 50
30574 47
30584 43
30595 40
30605 46
30615 49
30625 49
30635 48
30645 51
30655 52
30665 52
30675 51
30685 48
30687 3
30695 49
30698 3
30705 48
30715 43
30725 40
30736 41
30746 44
30756 42
30766 42
30776 44
30786 48
30796 50
30806 50
30816 49
30826 48
30836 46
30846 45
30856 45
30866 39
30876 37
30886 36
30897 38
30907 43
30917 44
30927 46
30937 47
30947 49
30957 45
30968 43
30978 45
30988 50
30998 53
31008 54
31018 54
31028 54
31038 53
31048 50
31058 45
31061 3
31069 42
31071 3
31079 45
31081 3
31089 51
31091 3
31099 55
31109 50
31119 50
31129 48
31139 44
31149 42
31159 42
31169 38
31179 39
31189 39
31200 40
31210 43
31220 41
31230 45
31240 50
31250 51
31260 50
31270 50
31280 45
31290 47
31300 39
31310 40
31321 40
31331 42
31341 44
31351 45
31361 49
31371 55
31381 53
31391 54
31401 50
31411 49
31421 44
31432 46
31442 49
31452 49
31462 55
31472 56
31482 53
31492 53
31502 49
31512 48
31522 46
31533 43
31543 52
31553 54
31563 52
31573 48
31583 48
31593 46
31604 45
31614 46
31624 48
31634 50
31644 49
31654 49
31664 43
31675 39
31685 44
31695 48
31705 53
31715 59
31717 2
31725 50
31735 48
31745 44
31756 53
31766 53
31776 54
31786 48
31796 53
31806 49
31816 42
31826 41
31837 44
31847 51
31857 51
31867 44
31878 45
31888 54
31898 56
31908 58
31918 61
31928 47
31938 44
31949 49
31959 53
31969 52
31979 51
31989 56
31999 53
32009 47
32019 48
32029 42
32040 47
32050 49
32060 49
32070 50
32080 57
32090 54
32100 58
32110 56
32120 48
32131 44
32141 48
32151 52
32161 54
32171 61
32181 57
32191 51
32201 50
32211 46
32222 44
32232 44
32242 52
32246 2
32252 55
32256 2
32262 58
32266 2
32272 55
32276 2
32282 47
32292 49
32302 48
32313 45
32323 47
32333 49
32335 2
32343 56
32345 2
32353 57
32355 2
32363 58
32365 2
32373 56
32383 44
32394 47
32404 53
32414 55
32424 56
32434 52
32444 51
32454 46
32465 45
32475 42
32485 44
32495 45
32505 49
32515 52
32525 52
32535 52
32545 51
32555 48
32565 48
32576 43
32586 44
32596 45
32606 48
32616 51
32626 48
32636 49
32646 52
32656 47
32667 44
32677 53
32687 49
32689 3
32697 51
32699 3
32707 50
32709 3
32717 49
32727 46
32737 45
32747 45
32757 40
32767 38
32778 41
32788 39
32798 41
32808 45
32818 49
32828 50
32838 50
32848 52
32858 50
32868 49
32878 45
32888 43
32898 40
32908 38
32919 40
32929 41
32939 42
32949 41
32959 40
32969 39
32979 41
32989 42
32999 46
33009 44
33019 43
33030 41
33040 41
33050 48
33060 51
33070 57
33080 52
33090 52
33100 49
33110 49
33121 43
33131 51
33141 46
33151 51
33161 46
33171 44
33181 41
33192 39
33202 40
33212 42
33222 44
33232 50
33242 45
33252 47
33262 50
33272 49
33282 46
33292 45
33302 44
33313 46
33323 52
33333 54
33343 54
33353 52
33363 55
33373 55
33383 43
33394 45
33404 47
33414 47
33424 48
33434 48
33444 52
33454 47
33464 44
33474 40
33484 40
33494 40
33505 41
33515 46
33525 45
33535 46
33545 52
33555 53
33565 55
33575 55
33585 47
33595 44
33606 46
33616 47
33626 48
33636 51
33646 48
33656 45
33666 44
33676 44
33687 44
33697 49
33707 51
33717 47
33727 48
33737 54
33747 55
33757 59
33767 55
33777 52
33787 49
33797 46
33800 3
33808 44
33810 3
33818 51
33820 3
33828 56
33838 53
33848 53
33858 51
33868 45
33873 3
33879 46
33889 52
33899 56
33909 57
33919 55
33929 57
33939 47
33949 42
33960 46
33970 48
33980 51
33990 53
34000 54
34010 54
34020 51
34030 51
34040 47
34050 45
34060 43
34071 44
34081 45
34091 56
34101 57
34111 49
34121 46
34132 51
34142 54
34152 53
34162 46
34173 44
34183 47
34193 53
34203 61
34213 63
34223 56
34233 46
34244 42
34254 48
34264 51
34274 53
34284 49
34294 53
34304 49
34314 46
34325 43
34335 45
34345 52
34355 57
34365 55
34375 61
34385 54
34395 48
34405 45
34416 45
34426 51
34436 54
34446 57
34456 59
34466 58
34476 60
34486 52
34496 48
34507 41
34509 3
34517 43
34519 3
34527 46
34529 3
34537 48
34539 3
34547 47
34557 46
34567 47
34577 50
34587 53
34597 54
34607 49
34617 44
34628 42
34638 46
34648 48
34658 53
34668 52
34678 53
34688 55
34690 3
34698 54
34708 53
34718 52
34728 49
34738 46
34748 46
34758 41
34769 40
34779 46
34789 50
34791 3
34799 53
34801 3
34809 55
34811 3
34819 54
34829 50
34839 47
34849 44
34859 45
34869 43
34880 44
34890 51
34900 53
34910 55
34920 57
34930 50
34940 51
34950 49
34960 45
34971 41
34981 43
34991 45
35001 51
35011 50
35021 52
35031 52
35041 50
35051 46
35061 41
35072 45
35082 44
35092 50
35102 48
35112 49
35122 54
35132 45
35143 42
35153 46
35163 50
35173 54
35183 53
35193 54
35203 50
35213 50
35223 46
35233 37
35243 38
35254 35
35264 38
35274 40
35284 42
35294 45
35304 48
35314 50
35324 53
35334 51
35344 48
35355 44
35357 2
35365 51
35367 2
35375 52
35377 2
35385 54
35387 2
35395 56
35397 2
35405 54
35415 57
35417 2
35425 48
35435 42
35446 42
35456 42
35466 48
35476 52
35486 51
35496 51
35506 45
35516 48
35526 45
35536 43
35546 41
35557 44
35567 45
35577 51
35587 49
35597 48
35607 55
35617 49
35627 46
35638 44
35648 53
35658 56
35668 56
35678 55
35688 51
35698 54
35708 50
35718 46
35729 43
35739 41
35749 42
35759 44
35769 48
35779 47
35789 50
35800 43
35810 44
35820 53
35830 56
35840 58
35850 55
35860 50
35870 49
35880 44
35891 43
35901 44
35911 48
35921 51
35931 54
35941 52
35951 52
35961 50
35971 50
35981 46
35992 64
36002 51
36012 53
36022 51
36033 46
36043 59
36053 58
36063 60
36073 51
36084 51
36094 55
36104 62
36114 54
36124 51
36134 48
36144 44
36155 47
36165 53
36175 54
36186 46
36196 54
36206 53
36216 58
36226 61
36236 59
36246 56
36256 57
36266 56
36276 59
36286 46
36296 39
36307 38
36317 40
36327 43
36337 49
36347 45
36357 49
36367 49
36377 47
36387 43
36397 41
36408 44
36418 46
36428 48
36438 49
36448 52
36458 54
36468 56
36470 3
36478 59
36488 54
36498 51
36508 47
36518 42
36529 42
36539 46
36549 47
36559 45
36561 3
36569 46
36571 3
36579 49
36581 3
36589 49
36591 3
36599 50
36609 49
36620 45
36630 56
36640 58
36650 51
36660 52
36670 48
36680 41
36690 38
36701 37
36711 40
36721 41
36731 42
36741 46
36751 40
36761 41
36771 44
36782 42
36792 50
36802 53
36812 59
36822 64
36832 61
36842 62
36852 55
36862 48
36873 51
36883 50
36893 51
36903 53
36913 55
36923 57
36933 48
36944 44
36954 48
36964 58
36974 55
36984 55
36994 52
37004 51
37014 47
37024 47
37034 42
37045 42
37055 43
37065 52
37075 45
37085 44
37096 40
37106 40
37116 42
37126 47
37136 48
37146 50
37156 47
37166 46
37176 47
37186 43
37196 42
37206 38
37216 36
37227 37
37237 41
37247 38
37257 39
37267 39
37277 43
37287 43
37297 42
37307 40
37317 41
37327 41
37338 43
37348 44
37358 49
37368 52
37378 55
37388 56
37398 59
37408 53
37418 45
37429 44
37439 43
37449 40
37459 47
37469 49
37479 45
37489 45
37499 45
37509 47
37519 47
37529 47
37539 40
37550 42
37560 44
37570 43
37580 48
37590 47
37600 51
37610 50
37620 50
37630 49
37641 45
37651 47
37661 48
37671 54
37681 55
37691 61
37701 59
37711 51
37721 48
37732 47
37736 2
37742 53
37746 2
37752 55
37756 2
37762 51
37764 2
37772 50
37774 2
37782 46
37793 50
37803 51
37813 51
37823 54
37833 54
37843 49
37853 46
37863 43
37873 40
37884 43
37894 54
37904 55
37914 61
37924 55
37934 53
37945 45
37955 50
37965 53
37975 50
37985 54
37995 53
38005 47
38016 50
38026 56
38036 58
38046 58
38056 58
38066 50
38077 49
38087 52
38097 54
38107 55
38117 54
38127 54
38137 51
38147 50
38158 46
38168 43
38178 43
38188 46
38198 48
38208 50
38218 50
38228 50
38238 49
38248 49
38258 48
38268 48
38278 51
38288 48
38298 40
38308 39
38318 39
38328 40
38339 40
38349 41
38359 38
38369 40
38379 37
38389 40
38399 44
38409 44
38419 44
38429 37
38439 38
38450 40
38460 45
38470 46
38480 46
38490 47
38500 51
38510 51
38520 53
38530 52
38540 47
38550 49
38560 45
38571 42
38581 46
38591 49
38601 51
38611 54
38621 54
38631 52
38641 60
38651 63
38661 64
38671 67
38681 66
38691 58
38697 3
38701 50
38707 3
38711 42
38714 3
38721 37
38727 3
38732 40
38737 3
38742 45
38752 45
38762 43
38772 48
38782 46
38793 45
38803 47
38807 3
38813 54
38823 56
38833 57
38843 58
38853 57
38863 53
38873 52
38883 41
38894 43
38904 45
38914 58
38924 50
38935 50
38945 51
38955 50
38965 54
38975 55
38985 53
38995 54
39005 47
39015 45
39026 46
39036 48
39046 48
39056 53
39066 49
39076 53
39086 52
39096 48
39107 48
39117 53
39127 59
39137 60
39147 58
39157 56
39167 52
39177 51
39187 44
39197 41
39208 42
39218 47
39228 49
39238 49
39248 51
39258 47
39268 47
39278 48
39288 44
39298 41
39309 43
39319 50
39329 52
39339 51
39349 56
39359 57
39369 56
39379 55
39389 53
39399 53
39409 49
39419 48
39429 41
39439 37
39449 36
39460 36
39470 44
39480 45
39490 43
39500 41
39510 41
39520 39
39530 38
39540 39
39550 39
39561 37
39571 38
39581 41
39591 40
39601 44
39611 47
39621 52
39631 46
39641 44
39652 41
39662 49
39672 53
39682 60
39692 59
39702 61
39712 60
39722 56
39732 54
39742 54
39752 52
39762 48
39772 43
39783 42
39793 44
39803 48
39813 49
39823 46
39833 47
39843 47
39853 46
39863 39
39874 39
39884 40
39894 39
39904 47
39914 48
39924 48
39934 49
39944 50
39954 51
39964 51
39974 47
39984 45
39995 46
40005 47
40015 48
40025 50
40035 55
40045 55
40047 3
40055 57
40057 3
40065 53
40075 46
40085 48
40095 45
40105 42
40115 39
40126 38
40136 39
40146 40
40156 41
40166 42
40176 41
40186 39
40196 40
40206 39
40216 35
40226 33
40236 34
40247 34
40257 37
40267 39
40277 41
40287 43
40297 45
40307 44
40317 47
40327 47
40337 49
40347 49
40357 48
40367 49
40377 47
40387 43
40397 43
40407 42
40418 45
40428 45
40438 46
40448 47
40458 50
40468 52
40478 53
40488 49
40498 46
40508 43
40519 42
40529 46
40539 52
40549 65
40559 57
40569 54
40579 47
40589 47
40600 48
40610 52
40620 57
40630 55
40640 52
40650 49
40661 43
40671 54
40681 53
40691 54
40701 49
40711 49
40722 53
40732 63
40742 64
40752 65
40762 48
40772 44
40783 42
40793 46
40803 51
40813 52
40823 54
40833 59
40843 50
40853 45
40864 42
40874 55
40884 54
40894 53
40904 56
40914 57
40924 54
40934 50
40944 47
40954 45
40965 47
40975 47
40985 46
40995 48
41005 48
41015 52
41025 48
41035 43
41045 43
41056 44
41061 2
41066 42
41068 2
41076 46
41078 2
41086 46
41096 50
41106 50
41116 50
41126 48
41136 46
41141 2
41147 44
41151 2
41157 51
41161 2
41167 55
41171 2
41177 55
41181 2
41187 58
41197 51
41207 49
41217 45
41228 44
41238 51
41248 50
41258 48
41268 49
41278 50
41288 50
41298 47
41309 41
41319 49
41329 53
41339 56
41349 51
41359 50
41369 49
41379 48
41389 45
41400 46
41410 50
41420 55
41430 58
41440 58
41442 2
41450 57
41452 2
41460 56
41462 2
41470 55
41472 2
41480 47
41490 44
41500 42
41511 44
41521 48
41531 47
41541 48
41551 50
41561 52
41571 50
41581 50
41591 48
41601 44
41611 42
41622 44
41632 48
41642 47
41652 53
41662 49
41672 49
41682 48
41692 49
41702 46
41712 49
41722 45
41732 44
41742 37
41752 37
41763 38
41773 41
41783 44
41793 45
41803 43
41813 42
41823 42
41833 42
41843 44
41853 47
41863 41
41873 40
41884 41
41894 47
41904 47
41914 48
41924 54
41934 57
41944 54
41954 47
41964 43
41975 47
41985 51
41995 53
42005 56
42015 60
42025 58
42035 56
42045 51
42055 45
42066 40
42076 39
42086 41
42096 40
42106 42
42116 43
42126 48
42136 50
42146 50
42156 46
42166 43
42176 44
42186 40
42196 35
42206 35
42217 41
42227 40
42237 41
42247 44
42257 45
42267 41
42278 42
42288 43
42298 49
42302 3
42308 57
42310 3
42318 57
42328 61
42338 56
42348 53
42358 53
42368 48
42379 42
42389 47
42399 49
42409 47
42419 47
42429 47
42439 49
42449 46
42459 43
42469 40
42479 40
42490 40
42500 46
42510 51
42520 54
42530 57
42540 51
42550 51
42560 47
42570 45
42581 46
42591 47
42601 55
42611 55
42621 56
42631 57
42641 50
42651 50
42662 48
42672 49
42682 54
42692 55
42702 48
42712 45
42722 42
42732 44
42742 44
42753 42
42763 44
42773 48
42783 43
42793 46
42803 48
42813 47
42823 46
42833 48
42843 45
42853 43
42863 42
42874 44
42884 43
42894 51
42904 50
42914 57
42924 53
42934 47
42945 52
42955 61
42965 64
42975 59
42985 57
42995 47
43006 42
43008 3
43016 43
43018 3
43026 48
43036 49
43046 49
43056 48
43066 47
43076 46
43087 39
43097 42
43107 41
43117 44
43127 47
43132 3
43137 49
43142 3
43147 52
43152 3
43157 56
43159 3
43167 56
43169 3
43177 56
43187 52
43197 47
43207 43
43218 41
43228 45
43238 41
43248 41
43258 43
43268 45
43278 47
43288 47
43298 46
43308 45
43318 45
43328 42
43338 43
43348 40
43359 37
43369 40
43379 40
43389 42
43399 44
43409 43
43419 41
43429 38
43440 39
43450 39
43460 44
43470 50
43480 52
43490 54
43500 49
43510 51
43520 49
43531 47
43541 54
43551 50
43561 50
43571 53
43581 51
43591 47
43601 41
43612 43
43622 47
43632 50
43642 49
43652 54
43662 54
43672 53
43682 56
43692 49
43703 41
43713 46
43723 53
43733 44
43743 48
43754 47
43764 62
43774 62
43784 61
43794 57
43804 51
43815 48
43825 49
43835 49
43845 45
43856 44
43866 50
43876 51
43886 59
43896 57
43906 61
43916 58
43926 52
43937 48
43947 45
43957 48
43967 47
43977 50
43987 45
43997 43
44008 45
44018 48
44028 49
44038 48
44048 50
44058 54
44068 53
44078 53
44088 52
44098 52
44108 49
44118 49
44128 46
44138 45
44148 44
44158 41
44169 44
44179 46
44189 48
44199 50
44209 51
44211 2
44219 50
44221 2
44229 50
44239 47
44249 48
44259 46
44269 46
44280 43
44290 49
44300 51
44310 48
44320 48
44330 43
44341 46
44351 46
44361 48
44371 49
44381 50
44391 50
44401 52
44411 55
44421 56
44431 53
44441 50
44452 52
44462 55
44472 55
44482 56
44492 53
44502 49
44512 48
44523 44
44533 45
44543 47
44553 47
44563 47
44573 46
44583 43
44594 52
44604 56
44614 59
44624 67
44634 46
44645 49
44655 55
44665 64
44675 59
44685 58
44696 52
44706 58
44716 61
44726 64
44728 2
44736 57
44738 2
44746 52
44757 45
44762 2
44767 50
44772 2
44777 62
44787 59
44797 58
44807 58
44817 55
44827 49
44832 3
44837 49
44848 50
44858 53
44868 57
44878 59
44888 60
44898 55
44908 53
44918 52
44928 51
44938 48
44948 43
44959 43
44969 49
44979 54
44989 55
44999 55
45009 55
45019 59
45029 57
45039 56
45049 55
45059 49
45070 49
45080 54
45090 57
45100 59
45110 51
45120 50
45130 54
45140 47
45150 41
45161 42
45171 46
45181 48
45184 2
45191 48
45194 2
45201 53
45211 51
45221 52
45232 44
45242 52
45252 55
45262 51
45272 50
45282 49
45292 49
45302 47
45312 40
45323 47
45333 57
45343 56
45353 56
45363 60
45373 55
45376 2
45383 45
45386 2
45394 46
45396 2
45404 49
45414 47
45416 2
45424 48
45426 2
45434 46
45436 2
45444 46
45454 46
45464 43
45475 42
45485 43
45495 49
45505 49
45515 54
45525 54
45535 52
45545 50
45555 45
45565 43
45575 44
45585 46
45595 44
45605 42
45616 48
45626 54
45628 2
45636 52
45638 2
45646 54
45656 55
45666 49
45676 42
45687 43
45697 52
45707 54
45717 57
45727 59
45737 57
45747 52
45757 44
45768 51
45778 56
45788 62
45798 56
45808 55
45818 50
45828 49
45838 51
45848 47
45859 52
45869 52
45879 52
45881 1
45889 53
45891 1
45899 46
45910 46
45920 54
45930 61
45940 62
45950 58
45960 56
45970 54
45981 53
45991 58
46001 60
46011 57
46021 48
46032 47
46042 53
46045 2
46052 56
46062 58
46072 69
46082 59
46092 54
46102 52
46112 49
46122 47
46133 43
46143 44
46153 51
46163 54
46173 59
46183 58
46193 57
46203 56
46213 52
46223 52
46233 45
46244 42
46254 42
46264 46
46274 46
46276 3
46284 49
46286 3
46294 49
46304 50
46314 53
46324 53
46334 52
46344 50
46354 46
46364 47
46374 42
46385 42
46395 46
46405 44
46415 43
46425 44
46435 43
46445 47
46455 51
46465 51
46475 49
46485 46
46490 3
46496 47
46500 3
46506 54
46510 3
46516 58
46526 62
46536 63
46546 63
46556 50
46567 41
46577 44
46587 47
46597 52
46607 53
46617 57
46627 53
46637 58
46647 54
46657 46
46668 43
46678 47
46688 49
46698 55
46708 55
46718 53
46728 53
46739 40
46749 43
46759 45
46769 54
46779 59
46789 57
46799 55
46809 57
46819 57
46821 3
46829 51
46835 3
46840 48
46845 3
46850 53
46855 3
46860 59
46865 3
46870 59
46875 3
46880 61
46882 3
46890 52
46900 43
46910 43
46913 3
46921 46
46931 49
46941 53
46951 55
46961 58
46971 46
46981 39
46992 45
47002 50
47012 55
47022 48
47032 47
47042 43
47053 53
47063 57
47073 57
47083 57
47093 54
47103 49
47114 37
47124 38
47134 39
47144 42
47154 42
47165 38
47175 40
47185 44
47195 46
47205 46
47215 51
47225 55
47235 56
47245 55
47255 54
47265 48
47275 45
47285 47
47295 45
47305 45
47315 37
47326 39
47336 41
47346 47
47349 2
47356 49
47366 47
47376 44
47386 47
47396 46
47406 45
47416 41
47427 41
47437 43
47447 45
47457 44
47467 47
47477 49
47487 52
47497 57
47507 52
47517 39
47528 44
47538 49
47548 50
47558 54
47568 56
47578 54
47588 54
47598 48
47608 45
47619 45
47629 51
47639 49
47649 49
47659 52
47669 56
47679 52
47689 53
47699 46
47709 41
47715 3
47720 52
47725 3
47730 53
47732 3
47740 57
47742 3
47750 54
47760 52
47770 47
47780 51
47790 50
47801 44
47811 52
47815 3
47821 52
47831 49
47841 49
47851 52
47861 54
47871 52
47881 48
47891 48
47902 43
47912 41
47922 43
47932 45
47942 45
47952 44
47962 44
47972 42
47983 45
47993 48
48003 50
48013 51
48023 51
48033 51
48043 47
48053 47
48063 45
48073 42
48083 37
48094 46
48104 51
48114 40
48125 46
48135 54
48145 61
48155 64
48165 62
48167 2
48175 59
48185 45
48196 48
48206 50
48216 57
48226 54
48236 57
48246 57
48256 60
48266 52
48277 49
48287 53
48297 52
48307 56
48317 58
48319 2
48327 52
48331 2
48338 51
48348 55
48358 62
48368 58
48378 57
48388 55
48398 55
48408 47
48418 50
48428 37
48439 44
48449 45
48459 45
48469 44
48480 49
48490 55
48500 53
48510 52
48520 54
48530 55
48540 54
48550 46
48561 46
48571 46
48581 51
48591 53
48601 50
48611 51
48621 46
48632 46
48642 47
48652 56
48662 53
48672 48
48683 47
48693 53
48703 60
48713 65
48723 62
48733 55
48743 51
48754 48
48764 49
48774 56
48784 53
48794 50
48804 49
48814 47
48824 46
48834 49
48844 47
48855 52
48865 52
48875 60
48877 1
48885 58
48895 56
48905 52
48916 49
48926 60
48936 58
48946 54
48956 52
48966 50
48977 46
48987 45
48997 46
49007 49
49017 47
49027 54
49037 53
49047 46
49057 45
49068 47
49078 50
49088 51
49098 56
49108 58
49118 52
49128 50
49139 55
49149 54
49159 55
49169 57
49179 59
49189 58
49199 56
49209 52
49219 51
49229 51
49239 49
49249 44
49260 50
49270 59
49280 66
49290 56
49300 43
49311 43
49321 45
49331 53
49335 2
49341 55
49343 2
49351 53
49361 52
49371 53
49381 54
49391 51
49401 48
49411 50
49421 49
49432 47
49442 51
49452 57
49462 46
49472 42
49482 38
49493 42
49503 44
49513 50
49523 50
49533 50
49543 46
49553 46
49563 45
49573 36
49584 48
49594 46
49604 47
49614 45
49625 44
49635 45
49645 49
49655 55
49665 61
49675 65
49685 64
49695 52
49705 50
49715 46
49725 44
49735 40
49746 41
49756 43
49766 45
49776 44
49786 49
49796 56
49806 55
49816 52
49826 51
49836 48
49847 46
49857 48
49867 51
49877 51
49879 2
49887 54
49897 49
49907 47
49917 49
49927 46
49937 39
49947 40
49958 42
49968 45
49978 55
49988 57
49993 2
49998 57
50008 53
50018 46
50029 44
50033 2
50039 51
50049 55
50059 55
50069 55
50079 54
50089 48
50100 53
50110 56
50120 52
50130 52
50140 47
50151 45
50161 55
50171 54
50181 55
50191 54
50201 58
50211 54
50221 57
50231 49
50242 54
50252 58
50262 52
50272 51
50282 47
50292 51
50302 42
50313 44
50323 49
50333 48
50343 49
50353 51
50363 51
50373 48
50383 46
50393 44
50403 41
50413 37
50424 40
50434 43
50444 42
50454 43
50464 46
50474 50
50484 51
50494 52
50504 53
50514 54
50524 51
50534 51
50544 51
50554 46
50564 47
50574 44
50584 40
50595 42
50605 44
50607 2
50615 49
50625 50
50635 51
50645 52
50655 54
50665 51
50675 49
50685 45
50695 44
50705 43
50715 40
50726 46
50736 50
50746 52
50756 51
50766 46
50776 43
50786 39
50797 40
50807 38
50817 42
50827 45
50837 47
50847 49
50857 52
50867 45
50877 45
50887 44
50897 46
50907 47
50917 43
50928 46
50938 51
50948 54
50958 58
50968 61
50978 60
50988 51
50998 51
51008 44
51019 47
51029 50
51039 54
51049 53
51059 54
51069 52
51079 48
51090 47
51100 51
51110 56
51120 62
51130 61
51141 61
51151 55
51161 48
51172 49
51182 58
51192 53
51202 55
51212 52
51222 49
51233 48
51243 54
51253 64
51263 64
51273 61
51283 57
51293 50
51303 50
51313 42
51323 46
51334 43
51344 45
51354 50
51364 55
51374 55
51384 55
51394 53
51404 49
51414 45
51424 42
51434 39
51445 45
51455 47
51465 49
51475 50
51485 52
51495 52
51505 53
51515 53
51517 2
51525 56
51527 2
51535 56
51545 53
51555 53
51565 52
51575 46
51585 43
51596 47
51606 50
51616 51
51626 55
51636 57
51646 53
51656 59
51666 56
51676 49
51686 46
51697 45
51707 49
51717 50
51727 49
51737 51
51747 51
51757 50
51767 48
51777 45
51787 41
51798 43
51808 47
51818 51
51828 59
51838 56
51848 56
51858 49
51868 45
51878 38
51889 39
51899 43
51909 46
51911 1
51919 47
51929 45
51939 44
51950 46
51960 50
51970 52
51980 50
51990 47
52000 46
52010 53
52020 55
52030 47
52040 43
52051 43
52061 41
52071 42
52081 41
52091 40
52101 43
52111 46
52113 3
52121 47
52131 51
52141 51
52151 51
52161 55
52171 54
52181 50
52191 46
52201 41
52212 43
52222 44
52232 44
52242 45
52252 46
52262 49
52272 50
52282 50
52292 48
52302 51
52312 47
52322 43
52333 44
52343 48
52353 54
52355 2
52363 54
52365 2
52373 57
52383 58
52393 58
52403 57
52413 57
52423 53
52433 48
52443 46
52453 42
52464 44
52474 44
52484 45
52494 48
52504 51
52514 52
52524 44
52534 38
52544 40
52554 38
52565 37
52575 41
52585 43
52595 43
52605 44
52615 39
52625 43
52636 41
52646 43
52656 46
52666 52
52676 53
52686 55
52696 53
52706 51
52716 46
52727 43
52737 44
52747 51
52757 45
52767 50
52777 49
52787 50
52798 42
52808 47
52818 52
52828 52
52838 52
52848 52
52858 52
52860 3
52868 54
52878 53
52888 48
52898 44
52904 3
52908 40
52914 3
52919 43
52921 3
52929 41
52939 47
52949 53
52959 49
52969 52
52979 47
52989 43
53000 42
53010 46
53020 49
53024 4
53030 53
53040 52
53050 52
53060 51
53070 51
53080 50
53090 49
53100 48
53111 45
53121 52
53131 54
53141 39
53151 38
53162 37
53172 44
53182 47
53192 48
53202 51
53212 50
53222 54
53232 52
53242 53
53252 52
53262 49
53272 47
53282 46
53292 45
53303 39
53313 39
53323 43
53333 44
53343 48
53353 47
53363 48
53373 47
53383 43
53393 41
53403 41
53414 46
53424 48
53434 52
53444 54
53454 51
53464 45
53474 44
53484 40
53495 43
53505 42
53515 45
53525 47
53535 48
53545 45
53555 41
53565 38
53576 43
53586 43
53596 46
53606 43
53616 45
53626 48
53636 50
53646 49
53656 48
53666 49
53676 51
53686 48
53696 44
53706 43
53716 47
53726 45
53736 38
53747 41
53757 43
53767 42
53777 41
53787 43
53797 38
53807 39
53817 41
53827 42
53838 43
53848 46
53858 47
53868 49
53878 50
53888 48
53893 3
53898 54
53903 3
53908 57
53913 3
53918 59
53923 3
53928 55
53930 3
53938 51
53940 3
53948 49
53959 47
53969 56
53979 64
53989 67
53993 3
53999 63
54003 3
54009 63
54013 3
54019 63
54023 3
54029 60
54033 3
54039 56
54049 48
54060 57
54070 66
54080 70
54090 63
54100 58
54110 51
54121 47
54131 52
54141 54
54151 54
54161 57
54171 60
54181 54
54191 51
54201 46
54211 43
54214 2
54222 44
54232 47
54242 44
54252 45
54262 47
54272 52
54282 47
54292 42
54303 44
54313 49
54323 51
54333 55
54343 57
54353 55
54363 54
54373 55
54383 54
54393 52
54403 44
54413 39
54424 43
54434 41
54444 49
54454 52
54464 50
54474 50
54484 48
54494 46
54504 44
54514 43
54525 41
54535 44
54545 46
54555 51
54565 48
54575 47
54585 43
54596 42
54606 44
54616 46
54626 45
54636 47
54646 48
54656 49
54666 52
54676 53
54686 55
54696 51
54706 50
54716 45
54727 45
54737 50
54747 59
54757 57
54767 54
54777 51
54787 50
54797 52
54808 46
54818 51
54828 55
54838 57
54848 55
54850 5
54858 56
54860 5
54868 56
54870 5
54878 56
54880 5
54888 57
54890 5
54898 59
54908 59
54918 55
54928 55
54938 54
54944 5
54948 50
54954 5
54958 50
54964 5
54968 49
54974 5
54978 45
54984 5
54988 42
54994 5
54998 40
55004 5
55008 38
55014 5
55019 38
55024 5
55029 38
55034 5
55039 40
55044 5
55049 38
55054 5
55059 39
55061 5
55069 39
55071 5
55079 40
55089 38
55099 38
55109 38
55119 39
55130 33
55140 36
55150 39
55160 40
55170 43
55180 43
55190 45
55194 5
55200 46
55204 5
55210 50
55214 5
55220 54
55224 5
55230 53
55240 52
55244 5
55250 48
55260 49
55270 47
55281 42
55284 5
55291 43
55301 41
55311 46
55321 47
55331 47
55341 47
55351 52
55361 49
55371 48
55381 49
55391 47
55401 43
55411 41
55421 40
55431 39
55442 35
55452 37
55462 40
55472 43
55482 44
55492 42
55502 46
55512 46
55522 39
55533 40
55543 43
55553 46
55563 52
55573 51
55583 54
55593 53
55603 55
55613 47
55624 53
55634 52
55644 61
55654 57
55664 61
55674 60
55684 59
55686 3
55694 53
55704 46
55710 3
55715 53
55720 3
55725 60
55730 3
55735 57
55745 56
55755 58
55765 54
55775 54
55785 48
55795 47
55806 46
55816 53
55826 56
55836 55
55846 45
55856 43
55867 52
55877 57
55887 60
55897 57
55907 48
55918 51
55928 48
55938 47
55948 47
55958 49
55968 46
55978 43
55988 39
55999 42
56009 51
56019 47
56029 47
56039 39
56050 39
56060 43
56070 47
56080 49
56090 52
56100 56
56110 54
56120 49
56131 43
56141 57
56151 56
56161 58
56171 58
56181 58
56191 54
56201 51
56211 45
56221 39
56232 43
56242 47
56252 47
56262 45
56272 43
56282 43
56292 44
56302 46
56312 39
56323 40
56333 44
56343 47
56348 2
56353 50
56358 2
56363 49
56368 2
56373 50
56383 48
56385 2
56393 47
56403 49
56413 51
56423 48
56433 44
56443 42
56454 40
56464 41
56474 46
56484 47
56494 47
56504 50
56514 46
56524 46
56534 46
56545 42
56555 47
56565 51
56575 52
56585 54
56595 48
56605 45
56615 45
56625 44
56635 43
56645 38
56655 37
56666 37
56676 37
56686 36
56696 38
56706 37
56716 39
56726 42
56736 42
56746 41
56756 39
56767 38
56777 42
56787 47
56797 47
56807 51
56817 52
56827 53
56837 51
56847 49
56857 47
56867 45
56877 42
56887 41
56898 46
56900 2
56908 49
56918 50
56928 47
56938 47
56948 44
56959 54
56969 51
56979 51
56989 49
56999 48
57009 45
57019 43
57029 41
57040 43
57050 48
57060 48
57070 51
57080 54
57090 56
57100 53
57110 49
57120 46
57130 45
57140 46
57150 43
57161 42
57171 43
57181 46
57191 48
57201 48
57211 47
57221 49
57231 47
57241 47
57251 44
57261 46
57271 43
57281 41
57291 42
57301 41
57311 38
57322 41
57332 39
57342 41
57352 43
57362 43
57372 48
57382 47
57392 47
57402 46
57412 45
57422 46
57432 45
57442 42
57453 41
57463 41
57473 40
57483 44
57493 43
57503 40
57505 2
57513 41
57515 2
57523 45
57525 2
57533 40
57535 2
57543 41
57553 40
57563 39
57574 45
57584 47
57594 49
57604 49
57614 49
57624 52
57634 56
57644 56
57654 55
57664 56
57674 55
57684 53
57694 53
57704 52
57714 50
57724 46
57734 44
57744 41
57754 39
57764 39
57775 37
57785 38
57795 35
57805 36
57815 38
57825 41
57835 41
57845 39
57855 41
57865 38
57875 37
57886 38
57896 41
57906 43
57916 43
57926 47
57936 52
57946 49
57956 47
57966 40
57976 42
57987 42
57997 39
58007 46
58017 52
58027 54
58037 53
58047 54
58057 54
58067 49
58077 47
58087 47
58098 47
58108 50
58118 58
58128 53
58138 51
58148 49
58158 51
58168 47
58178 43
58188 43
58193 2
58199 50
58209 60
58219 62
58229 61
58232 2
58239 59
58242 2
58249 60
58259 49
58270 46
58280 52
58290 58
58300 65
58310 60
58320 56
58330 49
58340 44
58350 45
58361 43
58371 46
58381 47
58391 47
58401 43
58411 48
58421 47
58431 46
58441 46
58452 42
58462 48
58472 44
58482 46
58492 51
58502 51
58512 50
58522 47
58533 47
58543 51
58553 51
58563 51
58573 48
58583 51
58593 51
58604 51
58614 53
58624 53
58634 53
58644 51
58654 49
58664 46
58674 42
58684 42
58694 41
58705 43
58715 51
58725 53
58735 52
58745 48
58755 46
58765 44
58775 46
58785 42
58795 40
58806 36
58816 39
58818 3
58826 45
58836 47
58846 50
58857 40
58867 52
58877 53
58887 49
58897 50
58907 50
58917 50
58927 46
58938 41
58948 43
58958 49
58968 49
58978 50
58988 51
58998 49
59008 54
59018 49
59028 42
59039 44
59049 45
59059 54
59069 57
59079 58
59089 57
59099 51
59109 47
59120 50
59130 60
59140 60
59150 54
59160 50
59170 47
59181 42
59191 45
59201 52
59211 53
59221 57
59231 49
59241 45
59251 45
59261 42
59272 41
59282 41
59292 44
59302 48
59312 46
59322 46
59332 46
59342 45
59352 45
59362 39
59372 40
59383 45
59393 51
59403 58
59413 58
59423 54
59433 49
59443 44
59454 41
59464 46
59474 55
59484 57
59494 54
59504 51
59514 50
59524 45
59535 47
59545 49
59555 50
59565 50
59575 57
59585 57
59595 55
59605 53
59615 52
59625 52
59635 50
59645 44
59655 43
59665 41
59675 39
59686 39
59696 46
59706 49
59716 47
59726 47
59737 47
59747 51
59757 57
59767 61
59777 60
59787 56
59797 56
59807 48
59817 44
59828 44
59838 44
59848 50
59858 50
59868 48
59878 49
59888 51
59898 47
59908 47
59918 46
59928 43
59938 41
59948 37
59959 42
59969 47
59979 55
59989 56
59999 55
60001 2
60009 57
60011 2
60019 53
60029 47
60039 53
60049 45
60060 44
60064 2
60070 48
60074 2
60080 51
60084 2
60090 53
60093 2
60100 52
60103 2
60110 52
60120 53
60131 50
60141 53
60151 48
60161 48
60171 48
60181 50
60191 55
60201 46
60211 44
60221 41
60231 42
60242 42
60252 41
60262 45
60272 46
60282 49
60292 46
60302 46
60312 45
60322 43
60333 43
60343 49
60353 50
60363 53
60373 55
60383 55
60393 57
60403 56
60413 55
60423 51
60433 41
60444 40
60454 39
60464 38
60474 41
60484 42
60494 43
60504 48
60514 48
60524 40
60535 40
60545 47
60555 45
60565 45
60575 47
60585 48
60595 53
60605 51
60615 52
60625 46
60629 2
60636 52
60639 2
60646 51
60648 2
60656 55
60666 55
60676 57
60686 50
60696 49
60706 46
60717 47
60727 50
60737 53
60747 53
60757 47
60767 46
60777 48
60787 46
60797 40
60808 38
60818 40
60828 43
60838 43
60848 45
60858 45
60868 42
60879 44
60889 49
60899 54
60909 57
60919 57
60929 55
60939 51
60949 46
60960 45
60970 51
60980 50
60990 53
61000 50
61010 51
61020 51
61030 49
61040 47
61050 43
61061 41
61071 58
61081 58
61091 48
61101 42
61112 44
61122 45
61132 51
61142 50
61152 51
61162 51
61172 42
61182 41
61192 44
61202 47
61212 41
61223 40
61233 44
61243 44
61253 48
61263 44
61273 46
61283 46
61293 47
61303 48
61313 42
61324 44
61334 45
61344 48
61354 51
61364 58
61366 2
61374 59
61376 2
61384 58
61394 59
61404 57
61414 56
61424 55
61434 51
61444 43
61454 43
61457 2
61465 49
61467 2
61475 46
61477 2
61485 47
61495 48
61505 45
61515 49
61525 48
61535 48
61545 48
61555 45
61566 46
61569 2
61576 51
61586 54
61596 48
61606 51
61616 47
61626 40
61637 47
61647 47
61657 54
61667 48
61677 50
61687 47
61697 46
61707 43
61717 41
61727 38
61738 42
61748 46
61758 48
61760 2
61768 50
61778 55
61788 53
61798 51
61808 50
61818 49
61828 43
61839 45
61849 45
61859 50
61869 50
61879 50
61889 50
61899 42
61910 40
61920 47
61930 50
61940 50
61950 44
61960 45
61970 40
61980 43
61990 41
62001 41
62011 48
62021 51
62031 54
62041 51
62051 51
62061 52
62071 44
62082 43
62092 48
62102 51
62112 52
62122 51
62132 52
62142 50
62152 48
62162 45
62173 49
62183 48
62193 50
62203 51
62213 55
62223 50
62234 46
62244 51
62254 52
62264 61
62274 58
62284 51
62294 48
62304 48
62315 44
62325 54
62335 58
62345 59
62355 61
62365 60
62375 52
62385 52
62395 46
62406 56
62416 57
62426 59
62436 51
62447 54
62457 52
62467 54
62477 49
62487 44
62498 56
62508 67
62518 56
62528 52
62538 48
62549 51
62559 54
62569 51
62579 55
62589 49
62599 41
62610 47
62620 50
62630 54
62640 51
62650 51
62661 50
62671 47
62681 51
62691 55
62701 53
62711 51
62721 57
62732 51
62742 49
62752 53
62762 54
62764 2
62772 52
62782 41
62793 44
62803 51
62813 50
62823 55
62833 52
62843 51
62853 50
62863 43
62874 42
62884 46
62894 49
62904 50
62914 58
62916 2
62924 54
62926 2
62934 54
62936 2
62944 53
62946 2
62954 50
62964 43
62975 45
62985 48
62995 49
63005 56
63015 54
63025 54
63035 47
63045 50
63056 55
63066 65
63076 64
63086 62
63096 57
63106 53
63116 52
63121 2
63127 41
63131 2
63137 47
63147 53
63157 53
63167 59
63177 48
63187 45
63198 46
63208 46
63218 51
63228 57
63238 54
63248 46
63258 42
63268 41
63279 41
63289 46
63299 47
63309 46
63319 49
63329 48
63339 45
63349 49
63359 48
63369 49
63379 47
63389 42
63399 38
63409 36
63420 41
63430 46
63440 47
63450 47
63460 42
63470 43
63480 37
63491 37
63501 38
63511 43
63521 45
63531 48
63541 51
63551 55
63561 55
63571 55
63581 53
63591 54
63601 50
63611 49
63621 47
63631 42
63642 47
63652 51
63662 59
63672 60
63682 55
63692 49
63702 43
63713 40
63723 44
63733 48
63743 49
63753 51
63763 49
63773 51
63783 45
63793 40
63803 39
63814 41
63824 49
63834 55
63844 58
63854 55
63864 50
63874 48
63884 46
63894 45
63905 49
63915 50
63925 52
63935 50
63945 51
63955 50
63965 45
63976 47
63986 59
63996 54
64006 53
64016 47
64027 42
64037 42
64047 50
64057 55
64067 56
64077 53
64079 2
64087 48
64097 47
64107 48
64117 41
64128 42
64138 41
64148 45
64158 49
64168 54
64178 53
64188 48
64199 44
64209 52
64219 57
64229 53
64239 50
64249 45
64260 52
64270 52
64280 58
64290 61
64300 57
64310 56
64321 44
64331 43
64341 47
64351 50
64361 52
64371 47
64381 43
64392 47
64402 50
64412 49
64422 52
64432 57
64442 60
64452 59
64462 47
64473 47
64483 47
64493 57
64503 62
64513 63
64523 57
64533 49
64544 43
64554 49
64564 54
64574 55
64584 53
64594 54
64604 50
64614 50
64624 49
64634 48
64644 44
64654 40
64665 39
64675 42
64685 40
64695 40
64705 38
64715 42
64725 37
64736 40
64746 42
64756 44
64766 48
64776 47
64786 52
64796 52
64806 52
64816 50
64826 50
64836 45
64846 43
64857 53
64867 55
64877 59
64887 59
64897 55
64907 50
64917 47
64927 45
64937 42
64947 41
64958 44
64968 48
64978 46
64988 50
64998 50
65008 53
65018 55
65028 49
65038 43
65049 37
65059 39
65069 37
65079 38
65089 40
65099 38
65109 38
65119 37
65129 36
65139 36
65149 39
65159 39
65170 39
65180 40
65190 45
65200 45
65210 49
65220 52
65230 53
65240 50
65250 55
65260 55
65270 50
65280 49
65290 46
65294 2
65300 44
65304 2
65310 40
65314 2
65321 39
65324 2
65331 46
65333 2
65341 46
65343 2
65351 49
65353 2
65361 48
65363 2
65371 47
65373 2
65381 49
65391 46
65402 45
65412 54
65422 54
65432 52
65442 58
65452 52
65462 54
65472 53
65482 48
65492 44
65503 43
65513 49
65523 58
65533 59
65543 54
65553 52
65563 52
65574 47
65584 50
65594 54
65604 55
65614 58
65624 55
65634 54
65644 50
65654 45
65664 41
65675 50
65685 48
65695 46
65705 42
65715 46
65725 41
65736 41
65746 46
65756 54
65761 2
65766 57
65768 2
65776 57
65778 2
65786 54
65796 52
65806 50
65816 48
65826 45
65836 43
65847 47
65857 51
65867 56
65877 56
65887 61
65897 53
65907 54
65917 47
65927 42
65938 42
65948 44
65958 45
65968 46
65978 50
65988 47
65998 44
66008 47
66018 46
66028 41
66038 42
66048 36
66058 37
66069 40
66079 41
66089 42
66099 46
66109 43
66119 44
66129 40
66139 40
66149 40
66160 37
66170 40
66180 44
66190 43
66200 47
66210 46
66220 50
66230 50
66240 48
66250 46
66260 47
66270 44
66281 48
66291 51
66301 53
66311 53
66321 52
66331 46
66342 44
66352 47
66362 53
66372 58
66382 60
66392 66
66402 67
66412 58
66418 3
66422 53
66424 3
66433 53
66438 3
66443 54
66448 3
66453 61
66458 3
66463 59
66465 3
66473 55
66475 3
66483 55
66493 45
66503 41
66514 41
66524 45
66534 43
66544 45
66554 47
66564 47
66574 51
66584 54
66594 53
66604 49
66614 39
66625 49
66635 47
66645 45
66655 45
66665 44
66675 46
66685 44
66695 40
66705 38
66715 35
66725 40
66735 40
66745 40
66755 40
66765 38
66776 45
66786 47
66796 48
66806 46
66816 46
66826 44
66836 43
66846 41
66856 39
66866 38
66876 36
66887 37
66897 38
66907 38
66917 39
66927 39
66937 37
66947 40
66957 40
66967 38
66977 39
66987 38
66997 36
67007 36
67017 36
67028 38
67038 42
67048 41
67050 3
67058 45
67060 3
67068 44
67070 3
67078 44
67088 48
67098 42
67108 41
67118 38
67129 42
67139 48
67149 50
67159 55
67169 57
67179 55
67189 61
67199 60
67209 58
67219 53
67229 49
67239 48
67250 46
67260 48
67270 51
67280 54
67290 59
67300 50
67310 50
67320 45
67331 41
67341 51
67351 53
67361 56
67371 57
67381 53
67391 50
67401 49
67411 47
67422 42
67432 53
67442 52
67452 60
67462 56
67472 56
67476 2
67483 47
67486 2
67493 49
67496 2
67503 53
67506 2
67513 57
67516 2
67523 54
67526 2
67533 54
67536 2
67543 50
67545 2
67553 46
67563 44
67573 42
67584 50
67594 56
67604 57
67614 59
67624 59
67634 59
67644 60
67654 57
67664 50
67674 51
67684 46
67694 39
67705 39
67715 44
67725 44
67735 42
67745 46
67755 48
67765 51
67775 54
67785 49
67795 46
67805 44
67815 40
67826 43
67836 48
67846 47
67856 55
67866 56
67876 53
67886 53
67896 44
67907 43
67917 44
67927 49
67937 50
67947 57
67957 52
67967 53
67978 47
67988 52
67998 51
68008 50
68018 50
68028 49
68038 51
68048 46
68058 42
68069 47
68079 55
68089 53
68099 55
68109 50
68120 45
68130 43
68140 52
68150 50
68160 53
68170 55
68180 51
68190 47
68200 44
68210 42
68221 50
68231 50
68241 49
68243 2
68251 53
68261 51
68271 51
68281 50
68291 43
68302 45
68312 43
68322 42
68332 45
68342 47
68352 49
68362 50
68372 57
68382 57
68392 45
68403 43
68413 48
68423 50
68433 52
68443 55
68453 51
68463 46
68473 44
68484 43
68494 48
68504 47
68514 51
68524 53
68534 48
68544 50
68554 37
68565 41
68575 44
68585 39
68595 40
68605 44
68615 44
68625 48
68635 43
68646 50
68656 55
68658 1
68666 63
68668 1
68676 64
68678 1
68686 57
68696 56
68707 46
68717 47
68727 54
68737 57
68747 55
68757 55
68767 57
68777 50
68787 47
68797 45
68808 43
68818 48
68828 51
68838 56
68848 57
68858 55
68868 53
68878 49
68881 2
68889 46
68891 2
68899 54
68901 2
68909 53
68911 2
68919 51
68929 53
68940 43
68950 44
68960 46
68970 52
68980 50
68990 48
69000 44
69010 41
69021 44
69031 51
69041 50
69051 52
69061 55
69071 52
69081 53
69091 52
69101 53
69111 56
69121 54
69131 50
69141 46
69151 43
69155 2
69162 45
69172 45
69182 44
69192 42
69202 44
69212 44
69222 47
69232 47
69242 42
69253 43
69263 45
69273 44
69283 48
69293 46
69303 43
69313 42
69323 39
69333 38
69344 38
69354 44
69364 47
69374 48
69384 47
69394 51
69404 52
69414 55
69424 58
69434 55
69444 49
69454 46
69464 43
69474 41
69485 46
69495 47
69505 47
69515 47
69525 49
69535 53
69545 58
69555 55
69565 53
69576 47
69586 49
69596 54
69606 55
69616 56
69626 54
69636 51
69646 53
69656 47
69667 58
69677 56
69687 56
69697 50
69708 47
69718 52
69728 54
69738 56
69748 59
69758 55
69768 54
69778 51
69788 42
69799 46
69809 46
69819 45
69829 49
69839 45
69849 46
69859 50
69869 49
69879 45
69889 45
69899 43
69910 40
69920 43
69930 48
69940 54
69950 50
69960 56
69970 52
69980 49
69990 48
70000 47
70011 47
70016 3
70021 51
70026 3
70031 51
70036 3
70041 51
70046 3
70051 60
70056 3
70061 53
70066 3
70071 52
70076 3
70081 46
70086 3
70092 44
70096 3
70102 43
70104 3
70112 45
70114 3
70122 46
70132 49
70142 48
70152 46
70163 47
70173 52
70183 50
70193 51
70203 51
70213 49
70223 46
70233 43
70244 39
70254 44
70264 44
70274 47
70284 47
70294 46
70304 50
70314 47
70324 46
70334 40
70345 38
70355 39
70365 45
70375 48
70385 47
70395 50
70405 51
70415 51
70425 57
70435 55
70445 56
70455 40
70466 42
70476 54
70479 3
70486 52
70489 3
70496 57
70499 3
70506 57
70509 3
70516 55
70519 3
70526 52
70529 3
70536 50
70539 3
70546 48
70548 3
70557 49
70559 3
70567 51
70569 3
70577 53
70579 3
70587 53
70597 58
70607 59
70617 52
70627 51
70637 42
70647 43
70657 41
70668 41
70678 44
70682 3
70688 45
70698 46
70700 3
70708 43
70718 44
70728 46
70739 47
70749 51
70759 54
70769 53
70779 50
70789 48
70799 44
70810 41
70820 45
70830 48
70840 52
70850 60
70860 67
70870 65
70880 64
70890 59
70900 56
70910 56
70920 49
70931 43
70941 47
70951 51
70961 50
70971 49
70981 47
70991 41
71002 42
71012 47
71022 55
71032 51
71042 51
71052 52
71062 44
71072 39
71083 43
71093 43
71103 43
71113 44
71123 41
71134 39
71144 44
71154 44
71164 46
71174 48
71184 48
71194 50
71204 51
71214 53
71224 53
71234 53
71244 51
71254 46
71264 45
71275 44
71285 48
71295 53
71305 53
71315 61
71325 56
71335 50
71345 52
71355 50
71366 44
71376 49
71386 47
71396 50
71406 53
71416 52
71426 51
71436 50
71447 45
71457 49
71467 51
71477 57
71487 66
71489 2
71497 60
71507 60
71517 61
71527 59
71537 46
71548 46
71558 48
71568 54
71578 54
71588 53
71598 54
71608 52
71619 45
71629 49
71639 50
71649 58
71659 53
71669 54
71679 45
71690 44
71700 53
71710 46
71720 46
71730 45
71740 40
71751 41
71761 44
71771 49
71781 55
71791 60
71801 60
71811 48
71821 45
71832 42
71842 41
71852 47
71862 48
71872 48
71882 54
71892 52
71902 55
71912 47
71923 49
71926 2
71933 46
71936 2
71943 50
71945 2
71953 52
71963 53
71973 52
71983 52
71993 52
72003 49
72013 47
72023 41
72034 43
72044 45
72054 45
72064 54
72074 52
72084 56
72094 53
72104 51
72114 52
72124 49
72134 42
72145 49
72155 53
72165 56
72175 55
72185 57
72195 51
72205 53
72215 52
72225 53
72235 45
72246 41
72248 2
72256 45
72266 46
72276 50
72286 45
72296 46
72306 46
72317 48
72327 61
72337 58
72347 55
72357 53
72367 47
72377 42
72387 40
72398 39
72408 41
72418 47
72428 57
72438 55
72448 55
72458 51
72468 53
72478 51
72488 47
72498 45
72509 44
72519 45
72529 46
72539 53
72549 58
72559 63
72569 65
72579 59
72590 46
72592 2
72600 53
72603 2
72610 59
72620 58
72630 58
72640 54
72650 48
72661 43
72671 42
72681 43
72691 43
72701 43
72711 43
72721 38
72731 36
72741 36
72752 37
72762 38
72772 40
72782 41
72792 40
72802 40
72812 42
72822 44
72832 49
72842 47
72852 47
72862 47
72872 38
72882 38
72893 43
72903 47
72913 49
72923 50
72933 50
72943 49
72953 48
72963 43
72974 42
72976 3
72984 48
72986 3
72994 54
73004 54
73014 54
73024 59
73034 52
73044 51
73054 48
73064 43
73075 40
73085 44
73095 47
73105 53
73115 44
73125 46
73135 44
73145 41
73156 41
73166 44
73176 44
73186 46
73196 47
73198 3
73206 46
73216 47
73226 49
73236 46
73246 47
73256 45
73266 41
73276 45
73287 45
73297 51
73307 59
73317 55
73327 53
73337 43
73348 46
73358 51
73368 55
73378 58
73388 58
73398 56
73408 46
73419 48
73429 52
73439 60
73449 48
73459 50
73469 47
73480 44
73490 51
73500 56
73510 60
73520 51
73530 47
73540 43
73551 50
73561 59
73571 56
73581 65
73591 61
73601 60
73611 53
73621 47
73631 46
73641 39
73651 39
73662 42
73672 47
73682 51
73692 53
73702 53
73712 55
73722 52
73732 55
73742 57
73752 57
73762 51
73772 50
73782 49
73792 46
73802 44
73812 45
73823 44
73833 48
73843 50
73853 55
73863 59
73873 61
73883 62
73893 60
73903 55
73913 50
73918 2
73924 44
73927 2
73934 44
73937 2
73944 48
73954 51
73964 55
73974 55
73984 53
73994 50
74004 45
74014 45
74025 43
74035 45
74045 51
74055 50
74065 50
74075 54
74085 53
74095 52
74105 53
74115 52
74125 50
74135 47
74146 41
74156 42
74166 41
74176 42
74186 41
74196 46
74206 48
74216 43
74226 43
74237 39
74247 43
74257 52
74267 49
74277 43
74287 40
74297 40
74307 39
74318 45
74328 53
74338 49
74348 45
74358 43
74368 44
74378 43
74388 43
74398 44
74408 42
74418 42
74424 2
74429 47
74439 50
74449 52
74451 2
74459 54
74469 53
74479 51
74489 46
74500 43
74510 46
74520 46
74530 51
74540 53
74550 54
74560 51
74570 48
74580 48
74590 46
74600 40
74610 37
74620 34
74631 39
74641 42
74651 45
74661 44
74671 45
74681 45
74691 44
74701 43
74711 41
74722 46
74732 48
74742 52
74752 56
74762 57
74772 57
74782 49
74792 48
74802 48
74812 45
74823 43
74833 48
74843 49
74853 48
74863 47
74873 48
74883 43
74893 45
74904 45
74914 49
74924 52
74934 57
74944 57
74954 58
74964 58
74974 59
74984 61
74994 56
75005 50
75015 56
75025 55
75035 52
75045 46
75055 44
75065 42
75076 40
75086 42
75096 45
75106 52
75116 48
75126 51
75136 46
75146 48
75156 42
75167 49
75177 50
75187 52
75197 53
75207 55
75217 52
75227 50
75237 43
75248 42
75258 42
75268 56
75278 58
75288 61
75298 55
75308 52
75318 47
75328 49
75339 49
75349 59
75359 55
75369 52
75371 2
75380 51
75381 2
75390 59
75400 61
75410 59
75420 61
75430 65
75440 61
75450 52
75460 43
75471 51
75481 51
75491 51
75501 54
75511 57
75521 54
75531 55
75541 52
75551 48
75561 42
75571 39
75582 39
75592 46
75602 52
75612 56
75622 58
75632 61
75642 56
75652 50
75662 48
75672 44
75683 43
75693 44
75703 47
75713 52
75723 46
75733 43
75743 41
75753 42
75763 43
75773 42
75784 43
75794 46
75804 50
75814 55
75824 57
75834 59
75844 58
75854 57
75864 56
75874 54
75884 53
75894 47
75905 42
75915 51
75925 58
75935 65
75937 2
75945 64
75955 58
75965 49
75975 44
75986 45
75996 55
76006 50
76016 54
76026 51
76036 50
76046 47
76056 44
76067 47
76077 48
76087 54
76089 2
76097 52
76099 2
76107 61
76117 56
76127 45
76138 47
76148 51
76158 51
76168 52
76178 52
76188 55
76198 55
76208 53
76218 57
76228 59
76238 51
76248 47
76254 2
76258 44
76264 2
76269 42
76274 2
76279 48
76284 2
76289 50
76294 2
76299 45
76310 41
76320 38
76330 42
76340 41
76350 46
76360 54
76370 55
76380 51
76390 50
76400 48
76410 42
76421 50
76431 50
76441 60
76451 60
76461 57
76471 52
76482 44
76492 47
76502 53
76512 52
76522 55
76532 52
76542 48
76552 46
76562 43
76572 38
76583 40
76593 40
76603 37
76613 41
76623 40
76633 41
76643 37
76654 37
76664 40
76674 39
76684 42
76694 44
76704 45
76714 48
76724 51
76734 46
76744 49
76754 49
76764 47
76774 44
76784 41
76795 41
76805 44
76815 48
76825 55
76835 58
76845 54
76855 57
76865 51
76875 48
76885 47
76895 47
76905 43
76916 43
76926 43
76936 43
76946 43
76956 52
76966 47
76976 48
76986 48
76996 48
77006 40
77016 39
77027 42
77037 46
77047 45
77057 46
77067 50
77077 48
77087 48
77097 43
77107 39
77117 40
77128 41
77138 45
77148 46
77158 45
77168 43
77178 40
77188 39
77199 41
77209 51
77219 56
77229 56
77239 57
77249 56
77259 53
77269 50
77279 46
77290 46
77300 47
77310 55
77320 50
77330 52
77340 55
77350 53
77360 52
77370 56
77380 53
77390 52
77400 48
77411 44
77421 46
77431 49
77441 55
77451 57
77461 59
77471 56
77481 49
77492 40
77502 45
77504 2
77512 51
77514 2
77522 49
77524 2
77532 45
77542 45
77552 42
77562 43
77573 48
77583 52
77593 59
77603 60
77613 62
77623 62
77633 58
77643 51
77653 46
77663 44
77674 52
77684 57
77694 53
77704 46
77714 45
77724 40
77734 45
77744 45
77754 44
77764 40
77775 43
77785 46
77795 56
77805 52
77815 56
77825 53
77835 51
77845 46
77856 52
77859 1
77866 52
77876 50
77886 44
77897 51
77907 57
77917 63
77927 60
77937 51
77947 46
77957 41
77968 43
77978 49
77988 47
77998 51
78008 46
78019 46
78029 50
78039 54
78049 55
78059 57
78069 56
78079 56
78089 53
78099 46
78110 51
78120 59
78130 57
78140 58
78150 55
78160 53
78170 54
78181 51
78191 52
78201 56
78211 53
78221 53
78231 45
78241 41
78251 38
78262 41
78272 46
78282 45
78292 49
78302 47
78312 48
78322 48
78332 53
78342 49
78352 49
78362 46
78372 48
78382 39
78393 46
78403 46
78413 45
78423 52
78433 53
78443 52
78453 53
78463 47
78473 42
78484 45
78494 47
78504 54
78514 58
78524 60
78534 55
78544 57
78546 2
78554 56
78564 54
78574 45
78585 45
78595 54
78605 57
78615 57
78625 52
78635 44
78646 50
78656 52
78666 52
78676 56
78686 58
78696 60
78706 60
78716 55
78726 45
78737 49
78747 51
78757 55
78767 50
78777 47
78787 48
78797 44
78807 43
78817 38
78827 37
78837 37
78848 36
78858 43
78868 44
78878 44
78888 46
78898 46
78908 49
78918 46
78928 43
78939 43
78949 41
78959 43
78969 48
78979 48
78989 49
78999 50
79010 43
79020 48
79030 61
79040 67
79050 58
79060 61
79070 52
79080 45
79091 51
79101 56
79111 53
79121 51
79131 46
79141 43
79152 43
79162 53
79172 55
79182 55
79192 53
79202 55
79212 52
79222 49
79232 47
79242 44
79253 50
79263 54
79273 54
79283 55
79293 58
79303 56
79306 2
79313 62
79315 2
79323 56
79325 2
79333 51
79335 2
79343 48
79353 49
79364 52
79374 56
79384 61
79394 54
79404 55
79414 54
79424 55
79434 57
79444 58
79454 53
79464 53
79474 48
79484 44
79494 43
79504 40
79515 40
79525 43
79535 48
79545 48
79555 48
79565 46
79575 44
79585 45
79595 44
79606 48
79616 48
79626 51
79636 50
79646 52
79656 50
79666 48
79676 46
79686 39
79697 43
79707 45
79717 44
79727 46
79737 48
79747 52
79757 53
79767 54
79777 50
79787 42
79797 45
79808 44
79818 50
79828 50
79838 50
79848 50
79858 52
79868 51
79878 44
79888 43
79898 39
79909 42
79919 43
79929 50
79939 53
79949 51
79959 50
79969 48
79980 42
79990 45
80000 48
80010 52
80020 52
80030 55
80040 57
80050 59
80060 56
80070 53
80080 51
80090 51
80100 47
80110 39
80121 39
80131 44
80141 48
80151 42
80161 40
80171 40
80182 47
80192 50
80202 53
80212 62
80222 61
80232 63
80242 59
80252 55
80262 51
80272 48
80282 43
80293 44
80303 47
80306 1
80313 58
80315 1
80323 57
80333 55
80343 47
80353 44
80364 43
80374 51
80376 2
80384 54
80394 56
80404 52
80414 51
80424 46
80435 45
80445 50
80455 51
80465 50
80475 51
80485 51
80495 48
80505 44
80516 47
80526 50
80536 52
80546 47
80556 47
80566 43
80577 42
80587 45
80597 52
80607 58
80609 1
80617 62
80627 56
80637 52
80648 49
80658 54
80668 55
80678 51
80688 45
80699 47
80709 50
80719 48
80729 51
80739 59
80749 57
80759 53
80769 43
80779 43
80790 50
80800 50
80810 54
80820 57
80830 56
80840 54
80850 52
80861 48
80871 55
80881 55
80891 53
80901 49
80911 47
80922 45
80932 51
80942 50
80952 54
80962 53
80972 51
80982 54
80992 53
81002 42
81013 44
81023 48
81033 48
81043 47
81053 47
81063 48
81073 50
81083 46
81094 46
81104 42
81114 46
81124 50
81134 54
81144 56
81154 52
81164 51
81174 48
81184 44
81195 43
81205 47
81215 50
81225 53
81235 54
81245 57
81255 61
81265 58
81275 54
81285 54
81295 47
81305 44
81315 40
81325 38
81336 43
81346 45
81356 46
81366 44
81376 45
81386 42
81396 40
81406 40
81416 40
81426 39
81436 38
81446 37
81457 35
81467 38
81477 39
81487 42
81497 40
81507 43
81517 44
81527 42
81537 40
81547 43
81557 48
81567 47
81577 44
81587 43
81597 42
81607 38
81618 37
81628 36
81638 39
81648 40
81658 40
81668 40
81678 41
81688 40
81698 40
81709 48
81719 49
81729 51
81739 53
81749 52
81759 51
81769 47
81779 47
81789 48
81799 48
81809 42
81819 39
81829 39
81840 43
81850 51
81860 53
81870 57
81880 49
81890 46
81901 46
81911 47
81921 51
81931 51
81941 53
81951 54
81961 55
81971 55
81981 53
81991 52
82001 49
82011 46
82022 47
82024 3
82032 47
82042 50
82052 53
82062 53
82072 48
82082 46
82093 41
82103 46
82113 52
82123 50
82133 51
82143 50
82153 52
82163 51
82173 44
82183 42
82193 41
82203 41
82213 38
82224 42
82234 51
82244 55
82254 57
82264 57
82274 60
82284 53
82294 43
82304 42
82315 47
82325 48
82335 46
82345 47
82355 47
82365 43
82375 39
82386 43
82396 48
82406 49
82416 58
82426 59
82436 57
82446 54
82456 52
82466 52
82476 45
82487 42
82497 45
82507 45
82517 45
82527 47
82537 50
82547 53
82557 48
82567 42
82578 47
82588 48
82598 50
82608 55
82618 57
82628 58
82638 57
82648 54
82658 54
82668 47
82678 45
82689 47
82699 49
82709 57
82719 51
82729 55
82739 60
82749 58
82759 58
82769 57
82779 55
82789 56
82799 50
82809 46
82819 44
82829 43
82840 45
82850 49
82860 47
82870 49
82880 51
82890 51
82900 50
82910 49
82920 50
82930 49
82940 48
82950 41
82960 39
82970 39
82981 39
82983 2
82991 41
83001 46
83011 46
83021 47
83031 48
83041 49
83051 47
83061 45
83071 44
83082 40
83092 41
83102 45
83112 46
83122 47
83132 48
83142 51
83152 52
83162 48
83172 44
83182 45
83192 46
83203 48
83213 54
83215 2
83223 58
83233 57
83243 48
83253 44
83264 47
83274 51
83284 51
83294 54
83304 56
83314 55
83324 53
83334 50
83344 49
83354 47
83364 44
83374 43
83384 40
83395 37
83405 39
83415 40
83425 40
83436 39
83446 43
83456 43
83466 46
83476 46
83486 48
83496 46
83506 46
83516 49
83526 45
83536 43
83546 43
83556 41
83567 41
83577 44
83587 45
83597 46
83607 48
83617 51
83627 51
83637 55
83647 54
83657 50
83667 44
83678 41
83688 45
83698 46
83708 51
83718 49
83728 56
83738 53
83748 50
83758 45
83768 40
83779 44
83789 44
83799 50
83809 54
83819 50
83829 43
83839 45
83850 46
83860 50
83870 54
83880 51
83890 59
83900 53
83910 52
83920 45
83931 44
83941 43
83951 46
83961 47
83971 48
83981 46
83991 48
84001 48
84011 47
84021 45
84031 48
84041 45
84051 43
84061 43
84071 40
84081 40
84092 40
84102 40
84112 40
84122 44
84132 44
84142 44
84152 44
84162 42
84172 43
84182 43
84192 40
84202 39
84213 49
84223 46
84233 46
84243 51
84253 51
84263 53
84273 51
84283 48
84293 42
84303 41
84313 40
84324 45
84334 46
84344 50
84354 48
84364 48
84374 47
84384 46
84394 49
84404 46
84414 43
84424 39
84434 37
84444 36
84454 36
84465 36
84475 36
84485 38
84495 41
84505 45
84515 44
84525 44
84535 39
84545 38
84555 40
84566 43
84576 46
84586 53
84596 56
84606 61
84616 58
84626 64
84636 61
84646 60
84649 2
84656 52
84659 2
84666 50
84669 2
84676 41
84679 2
84687 42
84697 43
84707 47
84717 48
84727 49
84737 42
84748 48
84758 51
84768 51
84778 53
84788 57
84792 3
84798 54
84802 3
84808 58
84818 54
84828 53
84838 45
84849 45
84859 47
84869 47
84879 45
84889 43
84899 42
84909 44
84919 42
84929 40
84939 39
84949 35
84959 36
84969 36
84979 35
84989 36
84999 36
85009 38
85019 37
85030 42
85040 40
85050 41
85060 41
85070 45
85080 43
85090 42
85100 42
85110 38
85120 37
85130 34
85141 40
85151 51
85161 50
85171 49
85181 48
85191 48
85202 49
85212 50
85222 53
85232 53
85242 52
85252 53
85262 54
85272 54
85282 54
85292 51
85302 49
85312 49
85322 46
85332 42
85342 37
85353 38
85363 41
85373 46
85383 43
85393 48
85403 46
85413 52
85423 47
85433 41
85444 43
85454 44
85464 46
85474 52
85484 58
85494 58
85504 56
85514 51
85524 46
85535 46
85545 49
85555 46
85565 47
85575 47
85585 47
85595 47
85605 48
85615 45
85625 43
85635 41
85645 40
85656 44
85666 47
85676 45
85686 47
85696 50
85706 50
85716 50
85726 52
85736 60
85746 49
85757 47
85767 43
85777 49
85787 46
85797 51
85807 47
85817 47
85827 40
85837 40
85847 37
85857 36
85868 41
85878 44
85888 49
85898 50
85908 50
85919 42
85929 48
85939 49
85949 48
85959 54
85969 59
85979 55
85989 48
85999 43
86010 52
86020 55
86030 49
86040 49
86050 43
86060 48
86070 42
86081 50
86091 54
86101 62
86111 60
86121 47
86131 43
86141 42
86152 46
86162 48
86172 49
86182 50
86192 49
86202 48
86212 47
86223 46
86233 49
86243 52
86253 56
86263 56
86273 61
86283 55
86293 56
86303 50
86313 46
86324 45
86334 47
86344 56
86354 58
86364 57
86374 57
86384 54
86394 45
86396 2
86404 41
86415 48
86425 56
86427 2
86435 59
86437 2
86445 61
86447 2
86455 62
86457 2
86465 60
86475 60
86485 59
86495 54
86505 48
86515 40
86525 40
86536 45
86546 44
86556 44
86566 47
86568 2
86576 51
86586 51
86588 2
86596 48
86598 2
86606 48
86608 2
86616 49
86626 48
86636 48
86646 46
86656 45
86666 40
86677 40
86687 42
86697 44
86707 47
86717 44
86727 45
86737 45
86747 47
86757 47
86767 49
86777 46
86787 47
86797 43
86807 42
86818 39
86828 48
86838 46
86848 51
86858 51
86868 50
86878 42
86889 43
86899 55
86909 48
86919 47
86930 46
86940 48
86950 57
86960 58
86970 55
86980 54
86990 48
87000 39
87011 38
87021 39
87031 47
87041 44
87051 45
87061 51
87071 44
87081 40
87092 47
87102 59
87112 53
87122 50
87132 47
87142 47
87152 44
87162 43
87172 41
87183 39
87193 42
87203 46
87213 50
87223 52
87233 43
87243 42
87254 42
87264 48
87274 48
87284 56
87294 58
87304 59
87314 51
87325 49
87335 52
87345 55
87355 60
87365 56
87375 51
87385 48
87396 42
87406 49
87416 55
87426 58
87436 45
87446 41
87457 42
87467 44
87477 48
87487 56
87497 53
87507 54
87517 53
87527 48
87538 59
87548 55
87558 51
87568 52
87578 53
87588 48
87599 46
87609 48
87619 46
87629 48
87639 49
87649 55
87659 56
87669 50
87679 44
87690 48
87700 52
87710 53
87720 54
87730 51
87740 49
87750 49
87760 49
87770 47
87780 45
87790 44
87801 42
87811 45
87821 45
87831 47
87841 44
87851 49
87861 49
87871 50
87881 51
87891 51
87901 48
87911 43
87922 42
87932 43
87942 46
87952 47
87962 53
87972 53
87982 56
87992 60
88002 56
88012 56
88022 48
88033 48
88043 49
88053 46
88063 49
88073 51
88083 49
88093 47
88103 49
88114 40
88124 43
88134 51
88144 50
88154 51
88164 51
88174 52
88184 47
88194 43
88204 45
88214 42
88225 43
88235 51
88245 48
88255 47
88265 48
88275 50
88285 49
88295 45
88305 42
88316 48
88326 49
88336 48
88346 47
88356 47
88366 49
88376 49
88386 48
88388 2
88396 49
88406 48
88416 46
88426 43
88436 46
88447 45
88457 49
88467 51
88477 52
88480 2
88487 54
88497 54
88507 50
88517 49
88527 45
88538 44
88548 57
88558 57
88568 55
88578 57
88588 62
88598 55
88608 55
88618 37
88629 39
88639 40
88649 41
88659 44
88669 41
88679 43
88689 42
88699 42
88709 42
88719 44
88729 42
88739 40
88749 41
88760 44
88770 48
88780 50
88790 56
88800 60
88810 60
88820 58
88830 45
88841 42
88851 46
88853 2
88861 47
88863 2
88871 53
88873 2
88881 58
88891 58
88901 57
88911 49
88921 45
88932 45
88942 47
88952 53
88962 52
88972 52
88982 48
88992 46
89002 45
89013 40
89023 46
89033 51
89043 52
89053 55
89063 61
89073 51
89083 49
89093 48
89103 43
89114 44
89124 47
89134 45
89144 49
89154 50
89164 52
89174 51
89184 48
89195 43
89205 47
89215 49
89225 46
89235 45
89245 52
89255 54
89265 52
89275 49
89285 44
89291 3
89296 46
89301 3
89306 50
89311 3
89316 53
89321 3
89326 57
89328 3
89336 57
89346 52
89356 53
89366 50
89376 43
89381 3
89387 46
89397 47
89407 46
89417 44
89427 45
89437 39
89447 41
89458 43
89468 49
89478 49
89488 48
89498 44
89508 45
89518 43
89528 46
89538 42
89549 45
89559 46
89569 51
89579 51
89589 53
89599 49
89609 45
89620 44
89630 49
89640 56
89650 53
89660 59
89670 53
89680 55
89690 48
89701 48
89711 54
89721 58
89731 64
89741 61
89752 50
89762 50
89772 62
89774 1
89782 62
89784 1
89792 51
89803 44
89813 44
89823 46
89833 48
89843 52
89853 51
89864 55
89874 49
89884 50
89894 50
89904 50
89914 44
89925 39
89935 40
89945 43
89955 47
89965 45
89975 49
89985 47
89995 46
90005 47
90015 43
90025 44
90035 44
90045 43
90056 42
90066 38
90076 40
90086 42
90096 41
90106 44
90116 46
90126 51
90136 42
90147 46
90157 54
90167 54
90177 54
90187 57
90197 52
90207 54
90217 50
90227 51
90237 47
90247 38
90252 2
90258 40
90262 2
90268 43
90272 2
90278 44
90282 2
90288 43
90298 38
90309 40
90319 39
90329 43
90339 49
90349 51
90359 52
90369 50
90379 55
90389 49
90399 53
90409 50
90419 44
90430 41
90440 48
90450 55
90460 51
90470 52
90480 52
90490 48
90500 45
90511 42
90521 46
90531 51
90541 54
90551 54
90561 61
90571 49
90581 45
90592 48
90602 43
90612 46
90622 51
90632 53
90642 54
90652 50
90662 43
90673 45
90683 48
90693 47
90703 49
90713 49
90723 47
90733 44
90743 43
90754 44
90764 48
90774 52
90784 53
90794 55
90804 54
90814 53
90824 51
90834 48
90844 45
90854 46
90865 47
90875 52
90885 57
90895 58
90905 52
90915 52
90925 48
90935 45
90945 41
90956 43
90966 50
90976 55
90986 57
90996 50
91006 46
91017 42
91027 49
91037 52
91047 61
91057 55
91067 53
91077 49
91088 44
91098 47
91108 54
91118 61
91121 2
91128 61
91131 2
91138 64
91141 2
91148 66
91158 63
91168 57
91178 52
91188 46
91199 46
91209 51
91219 54
91229 55
91239 59
91249 61
91259 61
91269 60
91279 53
91289 46
91300 57
91310 60
91320 66
91330 68
91340 66
91350 52
91360 49
91371 44
91381 44
91391 51
91401 51
91411 50
91421 54
91431 52
91441 48
91451 45
91461 44
91471 40
91482 45
91492 47
91502 47
91512 49
91522 45
91533 43
91543 44
91553 46
91563 48
91573 47
91583 46
91593 46
91604 43
91614 46
91624 56
91634 57
91644 60
91654 47
91664 43
91675 47
91685 51
91695 51
91705 47
91715 45
91726 43
91736 46
91746 49
91756 52
91766 54
91776 51
91786 49
91796 45
91806 45
91816 41
91827 40
91837 43
91847 46
91857 46
91859 3
91867 46
91877 47
91887 46
91897 49
91907 47
91917 47
91927 49
91937 48
91947 48
91957 42
91960 2
91968 43
91970 2
91978 52
91980 2
91988 53
91998 55
92008 57
92018 54
92028 50
92038 52
92048 49
92058 45
92069 41
92079 47
92089 51
92099 53
92109 54
92119 55
92129 56
92139 51
92149 46
92159 42
92169 41
92180 41
92190 41
92200 48
92210 47
92220 52
92230 50
92240 55
92250 52
92260 49
92270 42
92281 42
92291 46
92301 51
92311 55
92321 41
92332 48
92342 49
92352 55
92362 49
92372 50
92382 49
92392 50
92402 53
92412 51
92422 43
92433 46
92443 51
92453 56
92463 58
92473 57
92483 56
92493 50
92503 47
92514 43
92516 1
92524 46
92534 53
92544 51
92554 49
92564 45
92575 42
92585 48
92595 52
92605 52
92615 50
92625 52
92635 54
92645 50
92655 44
92666 50
92676 53
92686 51
92696 47
92706 46
92717 42
92727 45
92737 52
92747 54
92757 58
92767 55
92777 59
92787 50
92797 46
92808 48
92818 51
92828 48
92838 51
92848 52
92858 53
92868 49
92878 48
92888 45
92899 43
92909 44
92919 51
92929 55
92939 53
92949 55
92959 50
92969 51
92979 51
92989 45
93000 46
93010 46
93020 53
93022 1
93030 58
93032 1
93040 60
93042 1
93050 58
93060 53
93071 47
93081 56
93091 59
93101 59
93111 53
93121 47
93132 47
93142 48
93152 52
93162 53
93172 52
93182 50
93192 46
93203 44
93213 47
93223 49
93233 56
93243 61
93253 61
93263 56
93274 55
93284 57
93294 57
93304 50
93314 49
93324 43
93335 58
93345 44
93356 46
93366 51
93376 51
93386 53
93396 62
93406 56
93416 59
93426 52
93436 49
93447 49
93457 57
93467 63
93477 64
93487 58
93497 54
93508 43
93518 46
93528 53
93538 53
93548 47
93558 45
93569 46
93579 46
93589 46
93599 42
93609 44
93619 42
93629 42
93639 39
93649 39
93659 40
93669 41
93679 37
93690 36
93700 38
93710 38
93720 43
93730 48
93740 51
93750 50
93760 54
93770 52
93780 52
93790 49
93801 42
93811 46
93821 51
93831 53
93841 52
93851 54
93861 54
93871 49
93881 47
93891 45
93902 46
93912 47
93922 52
93932 57
93942 54
93952 56
93962 53
93972 56
93982 49
93992 43
94002 38
94013 41
94023 48
94033 47
94043 42
94053 43
94063 45
94073 46
94083 50
94094 41
94104 44
94114 48
94124 48
94134 48
94144 49
94154 52
94164 54
94174 48
94185 52
94195 51
94205 50
94215 52
94225 50
94235 56
94245 52
94255 52
94265 44
94276 46
94286 54
94296 56
94306 56
94316 54
94326 50
94336 48
94346 44
94356 41
94367 41
94377 43
94387 50
94397 50
94407 51
94417 47
94427 40
94438 40
94448 59
94458 54
94468 52
94478 54
94488 52
94498 52
94508 45
94518 42
94529 49
94539 54
94549 56
94559 57
94569 58
94579 60
94589 58
94599 57
94609 55
94619 50
94629 46
94640 45
94650 49
94660 51
94670 54
94680 56
94690 52
94700 55
94710 55
94720 55
94730 54
94740 48
94751 45
94753 2
94761 52
94771 52
94781 51
94791 62
94801 50
94812 46
94822 53
94832 57
94842 59
94852 56
94862 57
94872 55
94882 52
94892 44
94903 43
94913 45
94923 50
94933 50
94943 52
94953 52
94963 48
94973 40
94983 37
94994 39
95004 39
95014 50
95024 55
95034 52
95044 49
95054 48
95064 48
95075 43
95085 52
95095 55
95105 55
95115 52
95125 52
95135 50
95137 2
95145 48
95156 47
95166 51
95176 55
95186 55
95189 2
95196 59
95199 2
95206 53
95209 2
95216 51
95219 2
95226 48
95236 44
95247 49
95257 61
95267 65
95277 57
95287 57
95297 58
95307 56
95317 50
95328 47
95338 55
95348 58
95350 2
95358 57
95360 2
95368 56
95370 3
95378 57
95380 2
95388 52
95398 48
95409 48
95419 55
95429 56
95439 59
95449 66
95459 53
95469 48
95479 43
95490 41
95500 44
95510 45
95520 46
95530 48
95540 43
95550 42
95560 42
95571 42
95581 45
95591 48
95601 52
95611 55
95621 59
95631 58
95641 57
95651 45
95662 39
95672 38
95682 39
95692 41
95702 43
95712 40
95723 40
95733 45
95743 52
95753 51
95763 55
95773 56
95783 58
95793 58
95803 57
95813 54
95823 47
95834 44
95844 46
95854 45
95864 46
95874 51
95884 49
95894 48
95904 49
95915 46
95925 51
95935 54
95945 57
95955 54
95965 51
95975 41
95986 39
95996 38
96006 40
96016 44
96026 40
96036 39
96046 42
96056 39
96067 44
96077 49
96087 53
96097 57
96107 63
96117 64
96127 63
96137 63
96147 55
96157 47
96168 57
96178 59
96188 63
96198 56
96208 53
96218 53
96228 49
96239 48
96249 54
96259 59
96269 61
96279 58
96289 56
96299 57
96309 56
96319 54
96329 44
96339 41
96350 39
96360 39
96370 40
96380 42
96390 43
96400 45
96410 45
96421 41
96431 41
96441 41
96451 47
96461 47
96471 48
96481 46
96491 47
96501 51
96511 45
96521 41
96531 44
96542 47
96546 2
96552 46
96556 2
96562 53
96572 50
96582 52
96592 53
96602 52
96612 51
96622 50
96632 51
96642 46
96652 43
96663 42
96673 47
96683 47
96693 51
96703 50
96713 51
96723 53
96727 4
96733 56
96735 4
96743 51
96753 52
96763 50
96773 43
96783 40
96793 38
96804 41
96814 44
96824 42
96834 49
96844 57
96854 58
96864 49
96874 50
96884 43
96894 42
96904 42
96914 39
96924 36
96935 39
96945 40
96955 41
96965 43
96975 45
96985 45
96995 43
97005 43
97016 39
97026 40
97036 43
97046 46
97056 47
97066 50
97069 2
97076 56
97079 2
97086 54
97089 2
97096 51
97098 2
97106 48
97108 2
97116 47
97126 47
97136 44
97146 45
97156 46
97166 44
97176 41
97187 40
97197 42
97207 43
97217 48
97227 57
97237 57
97247 57
97257 48
97267 49
97277 46
97288 44
97298 48
97300 2
97308 50
97318 48
97328 49
97338 51
97348 51
97358 49
97368 44
97378 41
97388 40
97398 37
97409 41
97419 41
97429 47
97439 45
97449 47
97459 46
97469 44
97479 48
97489 44
97499 44
97510 42
97520 52
97530 53
97540 56
97550 60
97560 61
97570 49
97581 54
97591 54
97601 56
97611 55
97621 52
97631 56
97641 52
97651 50
97662 47
97666 2
97672 53
97682 51
97692 54
97702 64
97712 47
97723 41
97733 41
97743 46
97753 49
97763 47
97773 45
97783 48
97793 48
97803 47
97813 46
97823 46
97833 43
97843 38
97854 36
97864 42
97874 42
97884 44
97894 46
97904 44
97914 45
97924 44
97934 46
97944 44
97954 45
97964 41
97974 43
97984 40
97994 41
98004 40
98014 38
98024 35
98034 35
98044 32
98056 30
98066 33
98076 34
98086 35
98096 35
98106 39
98116 39
98126 41
98136 40
98146 42
98156 46
98166 45
98176 47
98186 53
98196 50
98206 53
98216 53
98226 53
98236 52
98246 49
98256 42
98267 43
98277 44
98287 47
98297 51
98307 53
98317 54
98327 60
98337 65
98347 61
98357 54
98367 50
98377 51
98388 48
98398 57
98408 64
98418 67
98428 66
98438 59
98440 3
98448 52
98458 47
98469 45
98479 50
98489 48
98499 53
98509 55
98519 56
98529 54
98539 53
98549 51
98559 50
98569 49
98580 44
98590 47
98600 48
98610 51
98620 54
98630 49
98640 46
98650 40
98661 39
98671 40
98681 46
98691 52
98701 54
98711 54
98721 53
98731 52
98741 45
98752 44
98762 48
98772 49
98782 47
98792 48
98802 47
98812 46
98822 45
98832 43
98842 45
98852 43
98862 44
98872 45
98882 39
98893 39
98903 41
98913 42
98923 45
98933 44
98943 53
98953 46
98963 45
98974 45
98984 59
98994 58
99004 59
99007 2
99014 59
99017 2
99024 56
99034 52
99044 54
99054 43
99065 52
99075 47
99085 50
99095 47
99105 45
99115 46
99125 46
99135 40
99145 40
99156 44
99166 45
99176 52
99186 55
99196 56
99206 53
99216 48
99226 46
99236 46
99246 48
99256 42
99267 42
99269 2
99277 45
99279 2
99287 46
99297 41
99307 44
99318 37
99328 42
99338 50
99348 52
99358 56
99368 55
99378 54
99388 57
99398 55
99408 55
99418 46
99428 42
99438 42
99449 43
99459 58
99469 58
99479 60
99489 55
99499 55
99509 50
99519 44
99530 48
99540 51
99550 55
99560 51
99570 48
99581 53
99591 54
99601 57
99611 56
99621 56
99631 57
99641 53
99651 43
99662 39
99672 44
99682 46
99692 43
99702 44
99706 2
99712 45
99722 43
99733 45
99743 43
99753 44
99763 47
99773 47
99783 44
99793 44
99803 40
99813 38
99824 43
99834 46
99844 48
99854 48
99864 51
99874 56
99884 50
99894 50
99904 43
99908 2
99915 47
99918 2
99925 43
99927 2
99935 47
99937 2
99945 49
99947 2
99955 50
99965 42
99976 40
99986 47
99996 49
