13 89
20 80
24 77
29 80
40 79
41 75
50 83
55 81
60 82
71 79
80 81
85 81
90 79
95 82
101 79
105 78
109 80
115 80
120 83
125 81
131 80
135 74
139 82
145 78
150 80
155 81
161 78
165 78
170 83
172 77
180 82
186 78
190 80
200 79
206 80
210 81
215 80
221 78
225 78
230 79
231 78
240 77
243 75
250 80
251 77
261 79
264 77
275 82
280 78
285 79
290 78
294 79
301 79
304 78
310 80
315 76
321 81
324 77
330 80
335 81
340 79
343 77
349 80
360 78
361 78
369 79
370 78
380 77
383 77
386 76
395 79
400 80
405 77
410 82
420 78
424 78
425 78
434 80
440 79
444 78
451 81
454 77
461 80
465 80
468 75
474 76
479 80
481 79
494 78
501 78
504 77
509 79
515 78
521 78
525 80
530 79
535 77
541 79
545 78
555 80
560 77
565 76
570 78
575 80
580 78
583 77
591 77
595 76
601 78
604 78
611 78
614 77
621 78
625 80
630 80
632 77
645 81
654 79
661 79
665 79
670 80
681 80
685 79
691 78
701 79
715 77
721 79
725 79
731 78
741 78
742 78
751 78
755 77
763 79
773 80
776 79
783 77
785 75
791 78
795 76
801 78
808 78
809 77
816 75
823 80
831 78
832 77
841 79
845 75
852 77
855 77
862 78
873 79
879 79
883 80
889 80
895 80
903 78
911 80
919 79
933 78
939 75
943 79
949 81
953 80
955 77
963 78
969 79
975 78
982 78
985 77
989 82
992 80
999 81
1002 79
1009 79
1015 78
1021 76
1033 79
1039 79
1043 76
1052 77
1059 79
1062 79
1069 82
1072 81
1079 82
1083 80
1092 79
1103 82
1109 77
1112 76
1119 82
1123 79
1132 78
1143 80
1152 79
1155 78
1162 80
1173 83
1183 80
1193 79
1198 76
1202 77
1205 77
1208 77
1213 82
1220 80
1232 80
1240 77
1243 77
1249 78
1251 78
1263 82
1272 80
1275 79
1282 79
1285 77
1290 78
1299 79
1302 76
1305 74
1311 78
1315 77
1322 79
1325 78
1332 80
1335 78
1341 79
1351 78
1354 77
1359 77
1365 76
1371 80
1381 77
1385 78
1391 79
1399 78
1413 79
1420 79
1431 80
1443 80
1453 80
1463 81
1466 77
1471 79
1481 80
1485 75
1493 77
1502 80
1505 77
1512 80
1513 77
1521 79
1532 80
1543 82
1553 80
1563 81
1566 75
1573 77
1583 79
1594 79
1603 79
1613 81
1623 80
1633 82
1643 81
1653 81
1664 81
1673 82
1683 81
1693 84
1703 82
1710 80
1713 80
1723 81
1730 78
1743 82
1753 81
1763 82
1764 79
1774 79
1783 82
1793 80
1803 79
1809 79
1813 81
1816 76
1823 81
1833 85
1839 75
1843 81
1853 80
1863 79
1873 82
1879 76
1883 82
1890 81
1893 81
1903 84
1910 78
1914 79
1919 78
1923 81
1933 81
1939 78
1943 82
1953 82
1959 79
1963 81
1969 77
1973 82
1984 80
1993 79
1999 79
2003 78
2006 73
2013 79
2019 79
2023 80
2025 78
2033 79
2045 81
2046 76
2053 78
2059 79
2063 78
2074 79
2079 77
2083 83
2089 76
2095 79
2100 78
2103 78
2113 81
2125 80
2129 79
2133 80
2134 76
2143 78
2153 84
2163 84
2169 76
2174 80
2183 79
2193 81
2199 79
2203 81
2213 81
2223 81
2229 79
2233 80
2243 81
2245 78
2255 79
2263 79
2273 81
2283 80
2293 81
2303 83
2313 82
2323 83
2333 80
2343 81
2354 80
2363 83
2373 81
2383 83
2393 83
2402 81
2413 85
2419 77
2423 81
2434 80
2443 79
2446 77
2453 78
2456 77
2464 84
2474 81
2483 83
2486 78
2493 81
2496 78
2504 81
2511 79
2515 80
2524 81
2534 84
2539 78
2544 81
2554 80
2563 81
2573 82
2583 81
2593 81
2596 81
2604 79
2616 82
2624 80
2636 82
2646 82
2656 82
2664 83
2674 82
2686 85
2689 76
2694 82
2699 77
2704 80
2716 84
2726 84
2736 84
2739 74
2746 82
2756 84
2766 79
2776 82
2784 83
2795 81
2806 80
2810 78
2816 81
2826 85
2836 85
2846 84
2856 84
2866 83
2870 73
2876 79
2877 76
2886 86
2896 84
2906 84
2909 74
2916 84
2926 82
2936 83
2939 77
2946 86
2955 79
2966 84
2976 83
2986 84
2989 76
2996 83
2999 78
3006 86
3010 78
3016 87
3026 83
3030 79
3036 82
3040 77
3046 88
3056 83
3066 84
3067 77
3076 86
3080 81
3086 88
3089 76
3096 83
3106 82
3107 78
3116 84
3126 86
3136 87
3146 86
3156 84
3160 74
3166 85
3176 84
3186 87
3196 84
3206 82
3216 83
3226 86
3236 84
3246 85
3256 84
3266 83
3276 82
3286 82
3289 80
3296 87
3306 87
3316 85
3326 86
3328 75
3336 86
3346 82
3356 86
3359 81
3366 85
3376 80
3377 79
3386 84
3396 85
3406 85
3416 85
3419 81
3426 86
3429 81
3436 82
3439 78
3446 85
3456 87
3457 81
3469 84
3476 85
3479 84
3486 88
3489 81
3496 86
3506 83
3516 84
3526 86
3527 80
3536 87
3539 82
3546 85
3556 83
3559 81
3566 87
3569 82
3576 86
3586 82
3589 82
3599 84
3606 85
3609 81
3616 84
3620 84
3629 81
3636 87
3650 82
3656 83
3659 82
3666 85
3676 84
3679 82
3686 85
3690 83
3696 83
3700 81
3706 86
3716 84
3726 83
3736 84
3746 83
3749 83
3757 85
3766 85
3776 84
3786 85
3797 83
3806 86
3809 84
3818 84
3826 87
3836 87
3849 86
3857 83
3867 84
3876 85
3879 84
3887 84
3896 86
3907 85
3917 85
3927 85
3939 86
3946 85
3949 85
3959 85
3969 86
3979 86
3987 85
3999 84
4007 85
4017 86
4027 85
4039 85
4049 86
4059 85
4068 87
4079 85
4088 86
4098 85
4107 82
4118 87
4128 85
4138 86
4149 87
4158 87
4168 86
4179 87
4188 86
4198 89
4208 90
4218 88
4228 87
4238 89
4248 89
4258 87
4268 89
4278 88
4289 89
4299 89
4308 90
4318 91
4329 90
4338 90
4348 91
4358 90
4368 91
4378 91
4389 90
4399 91
4408 90
4419 91
4428 90
4439 90
4449 89
4459 92
4468 88
4479 92
4489 90
4499 91
4509 92
4519 91
4529 90
4540 88
4549 91
4559 91
4569 91
4579 92
4589 90
4599 93
4609 92
4619 91
4630 90
4639 93
4649 92
4659 93
4669 94
4679 95
4689 94
4699 92
4709 94
4719 91
4729 93
4739 92
4749 93
4759 94
4769 93
4779 93
4789 92
4799 93
4810 92
4819 95
4830 94
4840 95
4850 95
4860 93
4869 95
4879 94
4890 95
4900 93
4910 95
4920 96
4930 92
4940 95
4950 95
4960 95
4970 96
4980 95
4990 93
5000 95
5010 94
5020 92
5031 93
5040 95
5050 92
5060 94
5070 93
5080 95
5090 92
5100 95
5110 92
5120 92
5130 93
5141 92
5151 93
5161 93
5171 93
5180 93
5190 91
5201 92
5211 93
5221 90
5231 94
5241 94
5251 92
5260 94
5271 93
5280 92
5291 91
5301 93
5310 93
5321 90
5333 92
5341 92
5352 91
5361 92
5373 92
5383 90
5392 91
5402 92
5413 93
5422 92
5432 92
5443 93
5452 93
5463 93
5473 92
5483 91
5492 93
5503 94
5513 94
5522 93
5533 94
5543 93
5554 92
5562 94
5572 93
5583 95
5593 95
5603 93
5613 95
5623 93
5633 95
5643 95
5654 95
5664 95
5674 96
5684 94
5694 96
5703 96
5713 95
5723 95
5734 96
5743 96
5754 96
5764 96
5774 96
5784 95
5795 96
5805 97
5814 97
5824 97
5835 98
5845 97
5855 98
5865 97
5874 97
5885 98
5895 97
5905 98
5915 97
5925 98
5935 98
5945 98
5955 97
5965 98
5975 95
5985 98
5995 98
6004 97
6015 98
6025 98
6035 98
6045 97
6056 98
6066 98
6076 99
6086 98
6096 98
6106 99
6116 99
6127 99
6136 99
6146 99
6156 98
6166 98
6176 98
6186 98
6197 99
6207 99
6217 99
6227 100
6237 99
6247 100
6257 98
6267 100
6278 98
6287 98
6297 97
6307 99
6318 98
6329 98
6338 98
6349 98
6360 99
6370 99
6380 100
6390 100
6400 99
6410 99
6420 99
6430 99
6440 100
6451 99
6461 99
6471 99
6481 99
6491 99
6501 97
6511 98
6521 98
6531 99
6541 99
6552 98
6562 99
6573 98
6582 98
6593 98
6604 99
6614 100
6624 100
6633 99
6643 100
6654 100
6664 100
6674 100
6684 99
6694 96
6704 98
6714 100
6724 98
6734 100
6745 98
6755 98
6765 98
6776 98
6787 99
6797 99
6807 99
6817 100
6827 100
6837 100
6847 99
6857 98
6867 100
6878 99
6888 99
6897 99
6908 99
6918 97
6928 98
6938 99
6949 97
6959 98
6969 96
6979 98
6989 98
6999 98
7009 98
7019 97
7029 96
7039 97
7049 97
7059 97
7070 96
7080 95
7090 96
7100 96
7110 97
7121 97
7130 97
7141 97
7151 97
7162 99
7172 99
7182 98
7192 99
7202 99
7212 99
7222 99
7232 99
7242 98
7252 98
7262 99
7272 99
7282 98
7292 98
7302 99
7312 98
7322 97
7332 98
7342 99
7352 99
7363 97
7374 96
7383 97
7394 97
7403 97
7413 97
7423 97
7434 97
7445 98
7455 99
7465 98
7475 99
7485 100
7495 99
7505 98
7515 100
7525 99
7535 100
7545 99
7555 100
7565 99
7575 100
7585 98
7595 98
7606 98
7615 100
7626 99
7636 99
7645 99
7656 99
7666 98
7676 99
7686 98
7696 98
7707 97
7717 97
7726 97
7737 97
7747 98
7757 97
7767 98
7777 98
7787 98
7797 98
7808 97
7818 97
7828 97
7837 98
7848 98
7859 99
7869 100
7879 100
7889 100
7899 99
7909 100
7919 99
7929 100
7939 100
7949 99
7959 99
7969 100
7979 99
7989 99
8001 98
8011 99
8020 99
8030 99
8040 99
8051 99
8061 99
8071 99
8081 99
8091 99
8101 99
8111 97
8121 99
8131 98
8141 98
8151 99
8162 98
8172 97
8182 96
8192 97
8202 98
8212 97
8221 98
8232 98
8242 98
8252 96
8262 97
8272 96
8282 98
8292 95
8302 97
8312 97
8322 96
8332 95
8343 95
8354 96
8364 96
8374 98
8384 97
8394 98
8404 98
8414 96
8425 97
8434 97
8445 97
8454 97
8464 97
8475 98
8485 98
8495 97
8505 98
8515 98
8525 98
8535 97
8545 98
8555 97
8565 99
8575 97
8585 99
8595 98
8605 98
8615 98
8625 97
8635 99
8645 99
8655 98
8665 97
8676 97
8686 97
8696 96
8706 97
8717 97
8726 96
8737 97
8746 97
8756 97
8767 98
8777 98
8787 98
8797 98
8807 98
8817 98
8827 98
8838 97
8848 97
8857 98
8868 96
8878 97
8887 98
8898 98
8908 98
8918 98
8929 98
8939 98
8949 98
8959 98
8968 98
8979 98
8989 98
8999 98
9009 97
9019 98
9029 98
9039 98
9049 97
9060 99
9070 99
9080 100
9090 97
9100 99
9110 100
9121 98
9130 99
9141 98
9151 100
9161 100
9171 100
9182 98
9192 99
9202 98
9212 98
9222 98
9233 98
9243 98
9252 98
9263 97
9274 99
9284 99
9294 99
9304 99
9314 99
9325 98
9335 98
9345 99
9354 99
9365 99
9375 99
9385 98
9394 97
9405 98
9415 98
9425 97
9435 98
9446 98
9456 98
9466 97
9476 96
9486 97
9497 98
9506 98
9516 98
9527 98
9537 97
9547 97
9557 98
9568 98
9578 98
9587 97
9597 98
9608 98
9619 98
9629 97
9639 99
9648 98
9658 99
9669 98
9679 99
9689 97
9699 99
9709 97
9719 99
9728 98
9739 98
9749 98
9759 98
9770 98
9780 98
9790 98
9801 98
9811 99
9821 100
9831 100
9841 99
9851 100
9861 100
9871 100
9881 100
9891 100
9901 100
9911 100
9922 99
9932 99
9941 99
9952 96
9962 99
9972 99
9982 99
9992 99
10002 99
10012 99
10022 96
10032 99
10042 98
10052 97
10062 97
10072 97
10082 98
10092 97
10102 95
10113 93
10124 93
10133 95
10145 95
10152 97
10165 95
10175 96
10185 95
10195 97
10205 96
10215 97
10226 96
10236 96
10246 97
10256 98
10266 99
10276 99
10286 98
10296 98
10306 99
10316 98
10326 99
10336 98
10346 99
10356 97
10366 99
10376 97
10386 98
10396 99
10406 99
10417 98
10427 98
10436 99
10446 98
10456 98
10467 99
10476 99
10486 99
10496 100
10507 99
10517 99
10527 99
10537 99
10546 98
10557 99
10567 99
10577 99
10587 99
10597 98
10607 98
10617 97
10628 97
10637 97
10647 98
10659 97
10669 97
10678 97
10687 98
10698 97
10709 97
10717 97
10729 95
10739 97
10750 97
10759 96
10768 97
10779 97
10788 97
10799 96
10809 96
10819 97
10831 98
10841 98
10851 99
10861 99
10871 98
10881 99
10891 98
10901 99
10911 99
10921 99
10932 100
10942 100
10952 100
10962 99
10972 99
10982 100
10992 98
11002 100
11012 100
11022 100
11032 99
11042 100
11052 100
11063 100
11073 99
11083 99
11093 100
11103 99
11113 98
11123 99
11133 97
11144 96
11153 98
11164 97
11174 98
11184 98
11194 98
11205 96
11214 97
11224 96
11234 98
11245 96
11254 97
11266 98
11276 97
11286 98
11296 98
11306 98
11316 97
11326 97
11336 97
11346 97
11356 98
11367 98
11377 99
11387 100
11397 100
11407 100
11417 99
11427 100
11437 100
11447 100
11457 100
11467 99
11478 100
11487 100
11498 100
11508 99
11518 100
11528 99
11538 100
11548 99
11559 99
11568 98
11579 99
11589 98
11599 99
11609 99
11619 98
11630 99
11639 99
11650 99
11660 98
11670 99
11680 99
11690 99
11701 98
11710 99
11721 96
11730 99
11741 95
11750 99
11760 98
11770 97
11781 97
11791 97
11801 95
11811 96
11822 96
11831 96
11841 98
11851 97
11862 97
11871 97
11881 98
11891 97
11903 98
11913 97
11923 98
11933 98
11943 99
11953 99
11964 98
11973 99
11984 98
11993 98
12003 98
12013 97
12023 98
12033 98
12044 98
12054 98
12064 99
12074 99
12085 98
12094 98
12104 97
12114 99
12124 98
12134 96
12145 98
12155 97
12165 99
12175 99
12185 99
12195 99
12205 99
12215 98
12226 97
12235 98
12246 96
12256 96
12267 98
12277 98
12286 99
12297 98
12307 99
12317 99
12327 98
12337 99
12347 98
12357 98
12367 97
12378 96
12387 96
12397 95
12407 99
12417 97
12427 96
12437 99
12447 96
12458 95
12467 97
12480 96
12487 96
12500 97
12510 97
12520 96
12530 96
12540 96
12550 97
12560 97
12570 95
12580 97
12590 97
12600 97
12610 99
12620 99
12630 98
12640 99
12650 98
12660 98
12670 99
12680 98
12690 97
12700 96
12710 98
12720 97
12730 99
12741 99
12751 99
12761 98
12771 99
12781 99
12791 99
12801 98
12811 98
12821 97
12832 97
12842 99
12852 99
12862 99
12872 98
12882 96
12892 98
12902 99
12912 98
12922 99
12932 97
12942 98
12953 96
12963 97
12972 97
12982 98
12993 97
13004 97
13014 97
13024 97
13033 97
13043 97
13055 98
13065 99
13075 98
13085 99
13095 99
13105 99
13114 98
13124 97
13135 98
13145 99
13155 98
13165 98
13175 99
13185 96
13195 97
13205 97
13216 97
13225 98
13236 98
13246 98
13255 98
13266 98
13275 99
13286 98
13296 97
13305 98
13316 97
13326 98
13336 98
13346 97
13356 98
13366 97
13376 97
13386 96
13396 97
13406 97
13417 98
13428 97
13436 97
13447 98
13458 97
13468 98
13478 98
13488 99
13497 99
13508 99
13518 99
13528 98
13537 99
13548 99
13559 98
13569 99
13579 99
13589 98
13599 97
13608 99
13619 99
13629 99
13639 99
13649 99
13660 98
13669 97
13680 100
13690 100
13700 100
13710 97
13720 98
13730 100
13740 100
13750 98
13761 100
13771 99
13781 100
13791 100
13801 100
13811 99
13821 100
13831 98
13841 100
13852 96
13862 97
13872 96
13882 96
13892 96
13901 98
13912 97
13923 97
13933 97
13943 96
13954 97
13964 100
13974 100
13984 100
13994 100
14004 100
14014 98
14024 100
14034 100
14044 99
14054 99
14064 99
14074 98
14084 100
14094 100
14104 98
14115 97
14124 99
14135 97
14144 99
14154 99
14164 98
14174 97
14185 99
14195 99
14205 99
14215 99
14225 97
14235 98
14246 95
14255 97
14265 97
14277 97
14286 96
14297 97
14307 97
14317 97
14328 98
14338 99
14348 98
14358 98
14368 100
14378 99
14388 100
14398 100
14408 99
14418 100
14428 99
14438 99
14448 99
14458 100
14468 99
14478 100
14488 100
14498 99
14508 98
14518 98
14528 99
14538 98
14548 99
14559 99
14569 99
14579 98
14589 99
14599 98
14610 98
14619 99
14630 98
14640 98
14650 99
14659 99
14670 98
14680 99
14691 97
14701 99
14711 96
14721 97
14731 97
14741 99
14751 99
14761 97
14771 97
14781 95
14791 97
14803 96
14812 97
14822 97
14833 96
14844 95
14852 97
14863 96
14874 97
14884 97
14894 97
14904 96
14914 97
14924 98
14934 98
14944 98
14954 98
14964 98
14974 99
14984 98
14994 98
15004 99
15014 97
15024 98
15034 98
15044 97
15054 98
15064 98
15074 99
15084 97
15094 97
15104 97
15114 98
15125 97
15134 96
15145 96
15154 98
15165 97
15176 96
15185 97
15195 98
15205 97
15215 96
15225 98
15236 97
15247 98
15257 98
15267 98
15277 99
15287 98
15297 98
15307 98
15317 98
15327 99
15337 99
15348 98
15358 98
15368 98
15377 98
15388 98
15397 97
15408 97
15417 100
15428 96
15438 98
15448 95
15458 98
15468 98
15478 97
15489 98
15499 97
15509 98
15519 97
15529 98
15541 98
15551 98
15560 98
15571 98
15580 98
15590 98
15600 98
15611 98
15621 98
15631 98
15641 97
15651 98
15661 98
15671 98
15682 98
15692 98
15701 98
15712 98
15722 98
15733 96
15742 97
15752 98
15762 98
15772 98
15782 97
15793 97
15803 97
15814 98
15824 98
15834 98
15844 97
15854 98
15864 97
15874 96
15884 97
15894 97
15904 98
15914 98
15924 97
15935 98
15944 98
15954 98
15966 98
15975 98
15986 99
15996 99
16006 99
16016 99
16026 98
16036 99
16046 99
16056 99
16066 99
16076 99
16086 98
16096 99
16106 99
16116 98
16126 98
16136 99
16147 98
16156 98
16166 98
16176 98
16186 99
16197 97
16207 98
16217 98
16228 98
16237 98
16248 96
16258 97
16268 97
16278 97
16287 97
16297 97
16308 97
16318 96
16328 97
16339 98
16349 99
16359 100
16369 99
16379 100
16389 99
16400 99
16410 100
16420 100
16430 100
16440 99
16450 100
16460 100
16471 98
16480 99
16491 99
16501 99
16511 99
16521 99
16531 98
16542 97
16551 98
16561 99
16572 98
16582 98
16593 98
16603 98
16612 98
16623 98
16633 98
16643 98
16653 99
16663 99
16673 97
16683 99
16693 97
16703 98
16713 97
16723 98
16733 98
16743 98
16753 97
16763 98
16773 97
16784 97
16794 97
16805 95
16814 97
16826 97
16836 95
16846 96
16856 97
16866 98
16876 97
16886 98
16896 98
16906 98
16916 97
16926 98
16936 97
16946 98
16956 97
16966 98
16977 98
16987 97
16996 97
17006 98
17016 98
17026 98
17037 99
17047 99
17057 98
17067 99
17077 97
17087 99
17097 99
17107 99
17117 99
17126 98
17137 99
17147 99
17157 100
17167 100
17177 99
17187 100
17197 100
17207 100
17217 100
17227 99
17237 99
17247 99
17257 99
17267 100
17277 99
17288 99
17298 99
17308 98
17317 99
17328 99
17337 99
17348 99
17358 98
17368 98
17378 98
17388 97
17398 98
17408 98
17419 98
17430 96
17438 97
17450 98
17460 98
17469 97
17480 98
17490 98
17500 96
17511 98
17521 98
17530 98
17540 98
17550 98
17560 97
17571 98
17580 98
17590 98
17601 98
17611 97
17621 98
17631 98
17641 99
17652 99
17661 99
17671 99
17682 99
17692 99
17702 99
17712 99
17722 99
17732 98
17742 100
17752 98
17762 99
17772 100
17783 98
17793 98
17803 98
17813 98
17823 97
17833 98
17843 98
17853 97
17863 98
17874 97
17883 97
17894 97
17904 97
17915 98
17923 98
17935 97
17945 96
17955 97
17966 97
17975 97
17985 98
17995 96
18005 98
18016 99
18026 98
18036 99
18046 99
18056 99
18066 98
18076 98
18087 99
18097 98
18107 99
18117 100
18127 98
18137 99
18147 99
18157 100
18167 100
18177 100
18187 100
18197 99
18208 99
18218 99
18228 97
18238 98
18248 99
18258 98
18268 97
18279 97
18289 98
18299 98
18309 98
18319 97
18329 97
18339 98
18350 97
18360 98
18370 98
18380 98
18390 97
18400 97
18411 98
18421 98
18431 97
18441 97
18451 97
18461 98
18472 97
18482 98
18491 98
18503 98
18513 99
18523 99
18533 99
18542 99
18552 99
18563 99
18573 99
18583 99
18593 98
18604 99
18613 99
18623 99
18633 98
18643 100
18653 99
18663 99
18674 97
18684 98
18694 97
18704 97
18714 98
18724 96
18734 96
18744 97
18755 94
18765 98
18774 97
18785 96
18795 97
18805 96
18815 96
18825 98
18836 96
18845 96
18857 96
18867 97
18878 98
18888 99
18898 100
18908 99
18918 100
18928 100
18938 99
18948 98
18958 100
18968 99
18978 99
18988 100
18998 100
19008 99
19018 97
19028 98
19038 99
19048 100
19058 98
19068 99
19078 100
19088 100
19098 98
19108 98
19118 99
19128 98
19138 98
19148 100
19158 97
19169 96
19178 98
19189 95
19198 97
19209 96
19219 97
19229 96
19239 98
19249 95
19259 97
19269 98
19280 96
19290 96
19300 97
19309 98
19320 97
19330 97
19341 96
19351 95
19360 96
19371 94
19380 97
19390 95
19400 95
19410 96
19420 95
19430 96
19441 96
19452 96
19462 97
19472 98
19482 98
19492 98
19502 98
19512 97
19522 98
19532 98
19543 98
19552 97
19563 97
19573 98
19583 99
19593 99
19603 99
19613 98
19623 99
19633 99
19643 97
19653 99
19663 98
19674 98
19684 97
19694 98
19704 99
19714 99
19723 99
19733 99
19744 98
19754 99
19764 99
19774 99
19785 100
19795 99
19805 100
19814 99
19825 99
19835 100
19845 100
19855 100
19865 97
19875 100
19885 99
19895 98
19906 96
19916 96
19925 99
19937 96
19945 100
19955 97
19965 97
19975 99
19987 96
19997 97
20007 97
20017 98
20028 97
20037 97
20047 98
20057 97
20068 98
20078 98
20088 98
20097 98
20108 98
20118 98
20129 98
20139 98
20148 98
20159 99
20169 99
20179 99
20189 99
20200 99
20210 99
20219 99
20230 99
20241 99
20250 98
20260 99
20271 99
20281 98
20290 99
20301 99
20311 98
20321 99
20331 98
20341 99
20352 98
20362 98
20372 98
20381 97
20392 97
20402 97
20412 95
20422 96
20432 97
20441 97
20453 97
20463 96
20473 97
20482 97
20493 97
20503 96
20512 97
20523 97
20533 98
20544 98
20554 98
20563 97
20574 98
20584 98
20594 99
20604 99
20615 98
20624 99
20634 98
20645 98
20655 98
20665 99
20676 99
20685 99
20695 99
20706 99
20716 99
20727 98
20737 96
20747 98
20757 98
20766 99
20777 96
20786 99
20798 97
20807 98
20817 97
20827 98
20837 96
20848 97
20858 97
20869 98
20879 98
20889 98
20899 98
20909 98
20919 98
20929 98
20940 98
20950 98
20960 99
20970 99
20980 98
20990 97
21000 98
21010 97
21021 98
21030 98
21040 99
21050 98
21061 98
21070 98
21080 99
21090 98
21100 99
21110 98
21120 98
21130 98
21141 98
21150 98
21161 97
21172 98
21182 99
21192 99
21202 99
21212 99
21222 97
21232 98
21242 99
21252 96
21262 95
21272 95
21282 99
21292 98
21303 98
21312 97
21323 98
21333 98
21344 97
21354 97
21363 98
21373 97
21383 97
21393 98
21404 97
21413 96
21424 97
21434 97
21445 98
21455 98
21465 98
21475 98
21485 99
21495 99
21505 98
21515 99
21525 99
21535 97
21545 98
21555 98
21565 99
21575 98
21585 98
21595 99
21606 98
21616 96
21626 97
21636 98
21646 98
21657 98
21667 98
21677 98
21688 98
21697 98
21707 98
21717 98
21728 100
21738 100
21748 100
21758 99
21768 100
21778 100
21788 100
21798 98
21810 97
21820 97
21829 97
21839 97
21850 97
21859 97
21870 97
21881 98
21891 99
21901 99
21911 99
21921 99
21931 98
21941 97
21951 99
21961 99
21971 99
21982 100
21992 100
22002 99
22012 100
22022 100
22032 99
22042 100
22052 100
22062 100
22072 99
22082 99
22093 99
22102 100
22112 100
22122 99
22133 99
22142 99
22153 99
22163 100
22173 100
22183 100
22193 99
22203 100
22214 99
22224 98
22234 99
22244 97
22253 100
22264 98
22274 98
22283 97
22295 97
22304 98
22314 99
22324 98
22334 98
22344 99
22355 97
22366 96
22375 98
22386 98
22396 97
22406 98
22416 97
22426 96
22436 97
22446 97
22456 97
22466 96
22476 97
22486 97
22496 96
22507 96
22517 96
22527 98
22537 98
22547 97
22556 98
22567 96
22577 97
22587 98
22597 96
22608 96
22618 96
22628 96
22637 97
22647 98
22658 96
22667 95
22679 97
22689 97
22698 96
22709 97
22719 97
22730 98
22738 97
22750 99
22760 99
22770 98
22780 99
22790 99
22800 99
22810 98
22820 99
22830 99
22840 98
22851 99
22860 99
22870 99
22881 99
22891 97
22901 98
22911 99
22920 99
22931 99
22941 99
22951 98
22961 99
22971 98
22981 98
22991 98
23001 99
23011 97
23022 97
23032 97
23041 97
23052 97
23062 97
23072 97
23082 94
23092 97
23102 98
23113 96
23122 97
23133 97
23143 97
23153 97
23163 97
23174 97
23184 96
23194 97
23205 98
23215 98
23225 98
23235 98
23245 99
23255 97
23265 99
23275 99
23286 99
23296 99
23306 99
23316 99
23326 99
23336 98
23346 98
23356 98
23366 99
23376 97
23386 97
23396 98
23405 97
23416 98
23426 95
23436 97
23446 98
23456 99
23467 96
23476 96
23487 94
23497 95
23506 97
23517 96
23529 96
23537 97
23548 96
23558 97
23569 99
23579 98
23589 98
23599 99
23609 99
23619 100
23629 99
23639 99
23649 98
23659 100
23669 100
23679 98
23689 99
23699 98
23709 97
23719 98
23730 98
23740 97
23750 98
23760 99
23770 99
23780 99
23790 99
23800 99
23810 98
23821 96
23831 96
23840 96
23851 96
23860 98
23870 98
23881 96
23890 96
23901 96
23911 95
23921 95
23931 96
23941 95
23953 96
23962 95
23973 96
23982 94
23993 96
24003 97
24013 96
24023 96
24033 96
24043 97
24053 97
24063 97
24073 96
24083 96
24093 96
24103 96
24113 97
24123 97
24133 95
24143 97
24153 96
24163 96
24173 97
24184 95
24194 96
24203 97
24214 96
24223 97
24233 95
24244 96
24253 96
24264 96
24273 96
24285 99
24295 98
24305 98
24315 98
24325 99
24335 97
24345 98
24355 98
24365 99
24376 98
24386 98
24395 98
24406 98
24415 98
24426 98
24436 97
24446 97
24456 97
24466 97
24475 97
24487 96
24496 97
24507 96
24516 97
24526 97
24536 96
24546 96
24558 96
24567 96
24578 97
24588 96
24597 96
24608 96
24617 97
24627 95
24638 96
24648 97
24658 96
24668 97
24678 96
24689 96
24698 96
24709 97
24720 97
24728 96
24739 97
24750 97
24760 97
24769 96
24779 97
24789 97
24800 96
24810 97
24819 97
24830 97
24840 97
24850 97
24860 97
24870 97
24879 97
24891 96
24901 97
24911 97
24921 97
24931 97
24941 97
24951 97
24961 98
24971 97
24981 98
24991 97
25001 98
25011 97
25021 98
25031 98
25042 98
25052 99
25062 99
25072 99
25082 97
25092 98
25102 98
25112 99
25122 99
25132 99
25142 97
25152 98
25162 98
25173 98
25183 98
25193 98
25203 98
25213 98
25224 98
25234 98
25244 99
25254 99
25264 99
25274 99
25285 99
25295 99
25305 98
25315 99
25325 98
25335 99
25344 99
25355 99
25365 99
25375 100
25385 100
25396 98
25405 99
25415 98
25426 96
25435 99
25446 98
25455 99
25466 97
25476 98
25486 98
25498 96
25508 98
25518 98
25528 98
25538 98
25548 98
25558 98
25568 98
25578 98
25588 98
25598 98
25608 99
25619 100
25629 100
25639 100
25649 100
25659 100
25669 98
25679 100
25689 100
25699 100
25709 99
25719 99
25729 100
25739 99
25749 98
25759 100
25770 99
25780 99
25790 100
25800 100
25810 100
25820 98
25830 98
25841 98
25850 98
25860 97
25871 97
25881 97
25891 97
25902 97
25912 97
25921 97
25931 98
25943 99
25953 99
25963 98
25973 97
25983 97
25993 98
26003 99
26013 99
26023 98
26033 99
26044 99
26054 99
26064 99
26074 98
26084 99
26094 98
26104 99
26114 96
26123 99
26134 99
26144 98
26154 99
26164 99
26174 99
26184 99
26194 97
26204 99
26215 97
26225 98
26235 97
26246 98
26256 98
26266 99
26276 99
26286 99
26296 99
26306 99
26316 99
26326 99
26336 98
26346 98
26357 98
26366 98
26376 99
26386 98
26396 98
26407 98
26417 98
26426 97
26437 95
26446 99
26456 96
26467 96
26476 97
26487 97
26496 97
26508 96
26518 96
26527 96
26538 96
26548 97
26559 97
26568 97
26579 97
26589 99
26599 97
26609 98
26619 99
26629 99
26640 99
26649 99
26659 99
26670 99
26680 99
26690 99
26699 99
26710 98
26720 99
26730 100
26740 100
26750 99
26760 99
26770 100
26781 99
26791 98
26801 98
26810 99
26821 99
26831 97
26841 98
26851 98
26861 99
26871 99
26881 97
26892 98
26902 97
26911 98
26922 98
26932 97
26943 98
26953 99
26963 98
26973 97
26983 97
26993 99
27003 98
27013 97
27023 99
27033 97
27043 96
27053 99
27063 98
27073 97
27083 98
27094 98
27103 98
27114 98
27125 97
27134 99
27144 99
27154 98
27165 98
27175 99
27185 98
27195 98
27206 98
27215 97
27225 99
27235 98
27245 98
27256 98
27267 98
27276 98
27287 98
27297 97
27307 98
27317 98
27328 98
27337 98
27348 98
27358 98
27367 98
27378 97
27388 98
27398 97
27408 98
27418 97
27428 99
27438 98
27448 98
27458 99
27469 97
27478 98
27489 98
27499 97
27509 98
27519 98
27529 98
27538 98
27550 97
27561 98
27570 98
27580 98
27590 98
27599 98
27610 98
27621 98
27631 98
27641 97
27651 98
27661 95
27671 97
27680 98
27691 99
27701 98
27711 96
27721 98
27731 98
27742 98
27753 98
27763 98
27772 97
27782 98
27793 98
27804 99
27814 100
27824 100
27834 100
27844 100
27854 99
27864 99
27874 100
27884 99
27894 100
27904 99
27915 98
27924 99
27934 100
27945 98
27954 99
27965 97
27975 98
27984 98
27995 98
28005 97
28015 99
28025 98
28036 97
28045 98
28057 97
28066 97
28077 97
28087 98
28097 98
28107 97
28117 97
28127 98
28137 98
28147 98
28157 98
28168 97
28178 97
28188 98
28198 99
28208 98
28218 99
28228 98
28239 96
28248 99
28259 98
28268 99
28278 99
28289 98
28300 96
28309 98
28320 98
28330 98
28340 97
28349 98
28361 98
28370 98
28381 99
28391 99
28401 100
28411 100
28422 99
28431 100
28441 100
28451 100
28461 99
28472 100
28482 100
28492 100
28501 99
28512 97
28522 100
28532 98
28542 99
28553 98
28562 98
28572 100
28582 100
28593 98
28602 98
28613 97
28624 96
28633 96
28643 98
28653 97
28664 97
28673 98
28684 96
28695 96
28705 97
28715 96
28725 96
28735 97
28746 98
28756 98
28766 98
28777 98
28787 96
28797 99
28807 99
28817 99
28827 98
28837 99
28847 99
28857 99
28866 98
28878 98
28887 98
28897 99
28907 99
28918 100
28928 100
28938 100
28948 100
28957 99
28968 100
28978 100
28988 100
28998 99
29008 99
29018 98
29028 100
29038 100
29048 100
29058 100
29068 99
29078 100
29088 100
29098 99
29108 98
29118 99
29128 100
29139 99
29149 99
29159 97
29169 97
29179 97
29189 100
29200 97
29209 98
29219 99
29230 97
29240 97
29250 96
29260 98
29270 98
29281 94
29291 96
29301 95
29312 97
29322 97
29331 96
29340 98
29351 96
29360 98
29370 96
29381 96
29392 96
29401 96
29412 96
29423 96
29433 97
29442 96
29453 98
29463 98
29473 97
29483 98
29493 97
29503 98
29513 97
29523 98
29533 98
29543 98
29553 97
29563 95
29573 97
29583 98
29593 97
29603 98
29613 97
29623 97
29633 98
29643 98
29653 98
29663 96
29673 97
29683 95
29693 98
29703 97
29713 97
29723 96
29733 96
29743 95
29754 95
29763 95
29773 95
29783 98
29793 97
29796 95
29806 96
29813 97
29816 96
29826 96
29836 97
29845 96
29856 97
29866 99
29876 98
29886 98
29896 99
29906 99
29916 99
29926 99
29936 98
29946 98
29956 99
29966 95
29976 99
29986 99
29996 98
30006 99
30016 99
30026 99
30036 99
30047 98
30056 98
30066 98
30076 98
30087 100
30097 100
30107 99
30117 100
30127 99
30137 99
30147 100
30157 100
30167 99
30177 100
30188 98
30197 99
30208 99
30218 98
30227 98
30237 99
30247 99
30258 96
30267 99
30278 99
30288 99
30298 98
30309 98
30318 98
30329 97
30339 97
30348 99
30360 97
30370 97
30379 95
30389 98
30401 97
30410 97
30419 97
30431 97
30440 97
30450 97
30460 97
30470 97
30480 97
30490 98
30501 98
30511 97
30521 97
30531 98
30541 98
30551 98
30561 98
30571 97
30581 97
30591 95
30601 96
30611 97
30621 96
30631 96
30641 96
30651 95
30661 95
30673 97
30681 98
30691 96
30703 97
30713 96
30722 97
30733 97
30742 95
30753 97
30763 96
30773 97
30783 97
30793 96
30804 97
30814 98
30824 98
30834 98
30843 97
30854 98
30864 99
30874 99
30884 98
30894 98
30904 99
30914 100
30924 100
30934 98
30944 99
30954 100
30964 97
30974 98
30984 100
30994 100
31004 99
31014 96
31024 99
31035 96
31046 96
31056 95
31065 97
31075 96
31085 96
31095 96
31107 96
31117 97
31127 97
31137 96
31147 97
31157 97
31167 97
31177 97
31187 97
31196 96
31206 95
31217 96
31227 97
31237 97
31247 97
31257 98
31267 99
31277 99
31287 99
31297 99
31308 99
31317 99
31328 98
31338 100
31348 100
31358 99
31368 99
31378 100
31388 100
31398 100
31408 100
31418 99
31428 100
31439 99
31449 99
31459 98
31469 99
31479 99
31490 97
31499 99
31509 99
31519 99
31530 98
31540 99
31550 99
31560 99
31570 97
31581 97
31590 99
31601 98
31611 98
31620 98
31631 98
31641 95
31651 98
31661 97
31671 95
31680 98
31692 98
31702 98
31712 97
31722 98
31733 99
31742 98
31753 99
31763 98
31773 98
31783 97
31793 100
31803 100
31814 99
31823 100
31834 100
31844 100
31854 98
31864 100
31874 100
31884 100
31894 99
31904 99
31915 97
31925 98
31935 97
31945 97
31955 98
31965 96
31975 98
31985 97
31995 94
32006 94
32015 99
32026 96
32037 95
32047 95
32057 96
32066 96
32077 96
32087 97
32097 97
32107 97
32117 97
32127 95
32137 96
32147 97
32158 96
32168 96
32179 98
32189 98
32199 98
32209 98
32219 98
32229 98
32239 98
32250 98
32260 99
32270 99
32280 99
32290 99
32300 100
32310 100
32320 99
32330 100
32340 100
32350 100
32360 100
32371 99
32380 100
32391 98
32400 99
32411 98
32421 99
32431 98
32441 99
32451 99
32461 99
32471 99
32481 97
32491 96
32502 96
32512 97
32522 97
32532 97
32542 97
32552 98
32562 97
32572 97
32582 98
32592 97
32602 96
32613 97
32623 97
32632 96
32642 96
32652 97
32663 96
32673 96
32684 96
32695 98
32705 98
32715 97
32724 97
32735 99
32745 99
32755 99
32765 99
32775 99
32785 99
32795 99
32805 96
32815 98
32825 100
32835 99
32845 98
32855 100
32865 97
32875 99
32885 100
32895 98
32905 99
32915 100
32926 97
32936 99
32946 99
32955 99
32966 99
32976 99
32986 97
32995 99
33005 98
33016 99
33026 97
33036 99
33046 97
33056 97
33066 98
33076 98
33087 98
33098 98
33107 98
33118 98
33128 98
33138 98
33148 96
33159 100
33169 100
33179 100
33189 99
33199 99
33209 100
33219 100
33229 100
33239 99
33249 100
33259 100
33269 100
33279 100
33289 97
33299 98
33310 98
33319 99
33329 99
33339 98
33349 98
33359 98
33370 96
33381 97
33390 98
33400 97
33410 98
33421 96
33432 98
33442 98
33452 96
33462 98
33472 98
33481 97
33491 98
33501 98
33512 99
33522 99
33532 98
33542 99
33552 98
33562 100
33572 100
33582 99
33592 97
33602 97
33612 100
33622 96
33633 96
33643 97
33652 97
33664 95
33673 95
33683 96
33693 95
33703 96
33715 97
33725 97
33735 98
33745 98
33754 97
33765 97
33775 98
33785 99
33795 99
33805 99
33815 100
33825 99
33835 100
33845 99
33856 98
33865 100
33875 100
33886 96
33896 98
33905 98
33916 97
33926 98
33937 98
33947 98
33956 98
33967 98
33976 98
33987 96
33997 98
34007 98
34018 99
34028 99
34038 100
34048 99
34058 100
34068 100
34078 100
34089 100
34098 100
34109 100
34119 100
34129 100
34140 100
34150 100
34159 100
34170 100
34180 100
34189 100
34200 99
34210 99
34220 98
34230 99
34240 98
34250 100
34260 99
34270 98
34282 98
34290 99
34300 98
34312 98
34322 98
34331 98
34342 98
34352 97
34362 98
34372 98
34382 98
34392 98
34402 97
34413 97
34422 97
34433 96
34442 96
34452 97
34462 97
34472 96
34483 96
34493 97
34504 96
34513 97
34525 98
34535 97
34545 97
34555 98
34565 98
34575 98
34585 99
34595 98
34605 98
34615 98
34625 99
34635 98
34645 99
34655 99
34665 98
34675 99
34685 99
34695 99
34705 99
34715 97
34725 98
34735 99
34745 98
34756 99
34766 98
34775 99
34785 99
34796 100
34806 100
34816 99
34826 99
34836 98
34846 99
34856 99
34866 99
34876 100
34887 99
34896 100
34907 99
34917 98
34927 97
34937 98
34947 98
34957 98
34967 97
34977 99
34987 99
34997 97
35008 97
35017 96
35027 98
35037 97
35047 96
35058 97
35069 97
35079 97
35089 98
35099 98
35109 98
35119 99
35129 98
35140 98
35150 98
35160 98
35170 96
35180 98
35190 95
35200 97
35209 95
35220 96
35230 96
35240 98
35250 98
35260 98
35270 95
35280 97
35290 98
35301 95
35310 96
35320 96
35332 97
35342 98
35352 98
35362 97
35373 99
35383 99
35393 98
35403 98
35413 99
35423 100
35433 100
35443 100
35453 100
35463 99
35473 100
35483 100
35493 97
35503 99
35513 100
35523 99
35533 100
35544 100
35553 99
35563 100
35574 100
35584 98
35594 100
35604 99
35614 100
35624 99
35634 100
35644 98
35654 100
35664 98
35676 96
35685 99
35695 98
35705 99
35715 99
35725 98
35736 98
35746 98
35755 99
35767 98
35776 98
35785 98
35797 98
35806 98
35817 97
35827 98
35837 98
35848 98
35857 98
35866 98
35877 98
35887 97
35898 97
35907 98
35918 97
35928 99
35938 99
35948 99
35958 100
35968 98
35978 99
35989 98
35999 98
36008 99
36019 98
36030 98
36040 98
36051 99
36060 98
36071 99
36081 98
36091 97
36101 99
36111 100
36121 99
36131 100
36142 97
36151 98
36162 97
36172 98
36182 97
36192 98
36202 98
36212 99
36223 98
36233 98
36242 96
36252 98
36263 98
36272 98
36283 96
36293 98
36303 99
36313 99
36323 97
36333 98
36343 96
36353 98
36364 97
36374 97
36384 97
36394 97
36404 96
36415 97
36424 97
36434 97
36445 97
36454 97
36465 97
36476 98
36486 97
36495 97
36506 100
36516 100
36526 100
36536 98
36546 100
36556 100
36566 100
36576 99
36586 100
36596 100
36607 99
36616 98
36626 99
36637 99
36648 98
36657 99
36667 98
36677 98
36687 98
36697 99
36707 99
36718 98
36727 99
36738 98
36748 98
36757 98
36768 97
36778 99
36788 99
36798 97
36809 98
36818 98
36829 98
36839 98
36849 98
36859 98
36870 96
36880 97
36890 97
36900 97
36911 99
36920 98
36931 100
36941 100
36951 100
36961 100
36971 98
36981 100
36991 100
37002 99
37011 100
37021 100
37032 99
37042 100
37051 100
37062 99
37072 100
37082 99
37092 99
37102 99
37112 97
37123 97
37133 96
37143 98
37152 98
37163 97
37173 98
37183 98
37193 98
37203 99
37213 97
37224 98
37233 98
37244 98
37254 98
37263 98
37274 96
37283 98
37294 97
37305 98
37313 98
37325 98
37335 97
37344 98
37355 98
37365 97
37375 98
37385 98
37395 98
37405 97
37415 97
37426 97
37436 96
37445 97
37455 97
37465 97
37476 98
37487 99
37497 99
37507 99
37517 99
37527 99
37537 99
37547 98
37557 99
37567 99
37577 99
37587 98
37596 98
37607 99
37617 98
37628 98
37638 100
37648 100
37658 99
37668 100
37678 100
37688 99
37698 99
37708 100
37718 99
37729 100
37739 100
37749 100
37759 100
37769 100
37780 98
37789 100
37800 99
37810 99
37820 98
37830 99
37839 98
37850 99
37860 99
37870 98
37880 98
37890 98
37901 98
37911 98
37920 98
37931 98
37942 97
37952 99
37962 99
37972 99
37981 98
37992 98
38002 99
38012 97
38023 98
38033 98
38043 96
38053 97
38063 98
38073 97
38084 96
38094 97
38104 96
38113 97
38124 97
38134 97
38143 97
38156 95
38164 96
38174 96
38184 97
38195 96
38204 96
38214 96
38224 97
38235 95
38245 97
38255 97
38266 96
38275 97
38286 96
38295 97
38305 97
38315 97
38325 97
38336 96
38346 96
38356 96
38366 97
38377 98
38386 97
38396 98
38406 99
38417 97
38427 98
38436 99
38446 98
38456 99
38466 98
38476 98
38486 99
38497 98
38507 98
38516 99
38527 97
38537 97
38547 98
38557 96
38567 97
38577 98
38587 98
38597 97
38607 97
38617 97
38627 97
38639 98
38648 96
38659 97
38669 99
38679 99
38689 99
38699 100
38709 100
38719 99
38729 100
38739 99
38749 100
38759 99
38770 99
38780 99
38789 99
38799 99
38809 100
38819 99
38830 98
38840 99
38849 99
38860 97
38870 97
38880 97
38890 98
38900 98
38911 97
38921 98
38931 98
38942 99
38952 97
38962 99
38972 99
38982 99
38992 97
39002 99
39012 99
39022 99
39033 99
39043 99
39053 98
39063 98
39073 98
39083 99
39093 99
39104 98
39113 98
39123 99
39133 97
39144 98
39154 98
39164 99
39174 99
39186 95
39194 99
39204 99
39214 96
39224 98
39234 97
39245 95
39256 95
39266 96
39274 97
39286 97
39296 96
39306 97
39316 97
39326 97
39336 96
39346 97
39357 97
39367 98
39377 97
39387 99
39397 97
39407 99
39417 99
39427 99
39437 99
39447 99
39457 99
39467 99
39477 99
39487 99
39497 99
39507 99
39517 98
39527 98
39537 100
39547 99
39557 98
39567 99
39577 98
39588 98
39597 99
39607 97
39618 97
39628 97
39638 97
39648 97
39658 97
39667 99
39679 97
39689 97
39699 97
39709 95
39720 96
39729 97
39740 97
39750 97
39759 96
39769 97
39779 97
39790 97
39800 97
39811 97
39820 97
39830 96
39841 96
39851 96
39861 97
39871 97
39881 96
39890 97
39901 97
39911 97
39921 96
39931 97
39941 97
39951 97
39961 95
39972 96
39981 94
39991 97
40001 96
40012 96
40023 96
40031 96
40041 96
40051 98
40062 97
40072 95
40082 97
40093 95
40102 95
40112 96
40122 96
40132 95
40142 95
40154 97
40164 98
40174 98
40184 98
40194 97
40204 98
40214 98
40224 97
40234 97
40244 98
40254 98
40264 97
40274 98
40284 97
40294 98
40304 98
40314 97
40324 95
40334 98
40344 98
40354 98
40364 97
40374 98
40384 98
40394 98
40404 97
40415 99
40425 98
40435 99
40444 98
40455 99
40465 97
40475 98
40485 99
40495 99
40505 98
40516 98
40525 99
40535 98
40546 98
40556 99
40566 99
40577 98
40587 98
40596 98
40607 97
40616 99
40627 98
40637 98
40647 98
40657 98
40668 99
40677 99
40688 99
40698 98
40708 99
40718 97
40729 98
40739 97
40748 98
40760 97
40769 98
40779 99
40789 98
40799 99
40809 99
40820 97
40830 97
40840 96
40850 98
40860 97
40870 98
40880 98
40891 96
40900 97
40912 98
40922 97
40932 96
40942 98
40952 98
40963 98
40972 98
40982 98
40993 99
41003 99
41012 98
41023 99
41033 99
41043 98
41053 99
41063 98
41073 99
41083 98
41093 99
41103 99
41114 97
41123 99
41133 97
41143 98
41153 99
41163 97
41174 97
41184 98
41194 98
41204 98
41215 98
41224 98
41235 97
41245 96
41255 98
41265 99
41275 99
41285 97
41295 99
41305 99
41316 97
41325 99
41335 99
41345 98
41356 96
41365 97
41376 95
41385 98
41396 97
41406 97
41416 97
41428 97
41438 97
41448 97
41457 96
41468 97
41478 95
41488 97
41498 97
41508 97
41518 97
41529 95
41538 97
41548 97
41558 96
41568 97
41579 97
41589 96
41599 98
41609 99
41619 99
41629 99
41639 99
41649 99
41659 97
41669 98
41679 99
41689 98
41699 98
41709 99
41719 98
41729 98
41739 98
41750 96
41759 98
41769 98
41779 98
41789 97
41799 98
41810 98
41820 95
41830 99
41840 98
41850 99
41860 99
41870 99
41881 99
41890 99
41901 99
41911 99
41921 97
41930 99
41941 97
41951 97
41961 98
41971 97
41981 98
41991 98
42001 98
42012 96
42023 96
42033 96
42043 97
42051 98
42063 96
42073 97
42083 97
42093 95
42104 97
42113 97
42124 99
42134 97
42144 99
42154 97
42164 99
42174 100
42184 98
42194 99
42204 99
42214 100
42224 99
42234 99
42244 98
42254 100
42264 98
42274 100
42285 98
42294 98
42305 97
42315 97
42324 99
42335 95
42345 97
42355 98
42366 96
42375 97
42385 97
42397 97
42405 98
42417 97
42425 97
42437 97
42447 96
42457 98
42466 97
42477 97
42487 97
42497 98
42507 99
42517 99
42528 98
42537 98
42547 98
42557 99
42567 99
42578 98
42587 98
42598 99
42608 99
42618 98
42628 99
42638 97
42648 98
42659 98
42669 98
42678 97
42690 98
42700 98
42708 99
42720 98
42729 98
42740 99
42750 99
42760 98
42770 99
42780 98
42790 99
42800 99
42810 99
42820 97
42830 98
42841 98
42850 99
42860 99
42871 99
42881 97
42891 99
42901 96
42911 99
42921 100
42931 98
42941 97
42952 97
42961 98
42971 96
42983 96
42992 96
43003 95
43012 97
43024 98
43034 98
43044 98
43054 97
43064 98
43074 98
43084 99
43094 98
43104 99
43114 99
43124 99
43134 98
43144 98
43154 99
43164 98
43174 98
43184 98
43195 99
43205 99
43215 98
43225 99
43235 99
43245 99
43255 99
43265 97
43274 97
43285 100
43295 99
43305 100
43315 99
43325 99
43335 100
43345 100
43355 100
43366 97
43376 98
43386 99
43396 99
43406 98
43416 99
43426 96
43436 98
43446 99
43456 97
43466 99
43476 97
43486 97
43496 97
43506 97
43518 97
43527 98
43537 98
43548 98
43559 98
43569 98
43579 99
43589 99
43599 99
43609 99
43619 98
43629 98
43640 99
43649 99
43660 100
43670 100
43680 100
43690 100
43700 100
43710 100
43720 100
43730 98
43740 99
43751 99
43760 100
43771 99
43781 99
43792 98
43801 100
43812 99
43822 99
43832 97
43842 99
43852 97
43862 96
43872 99
43882 98
43892 98
43902 98
43913 97
43923 97
43934 97
43944 96
43954 97
43964 97
43975 97
43985 97
43995 98
44005 96
44015 98
44025 98
44035 97
44045 98
44054 97
44065 97
44075 98
44085 98
44096 98
44105 98
44115 98
44126 99
44135 98
44146 98
44156 99
44166 100
44176 98
44186 99
44196 100
44206 100
44216 100
44226 100
44236 99
44246 99
44256 99
44266 99
44276 99
44286 100
44297 99
44307 96
44317 99
44327 99
44337 99
44347 98
44357 98
44368 99
44377 99
44388 99
44398 99
44408 99
44419 99
44429 99
44439 100
44448 98
44459 100
44469 99
44479 100
44489 100
44499 97
44509 99
44520 98
44530 99
44539 99
44550 98
44560 98
44569 99
44581 97
44590 100
44601 99
44611 99
44621 99
44631 99
44642 97
44652 96
44661 99
44671 97
44683 98
44693 98
44704 99
44714 99
44724 99
44734 99
44744 99
44754 99
44764 99
44774 99
44784 96
44794 99
44804 99
44814 99
44824 98
44834 97
44845 97
44854 98
44864 98
44875 97
44885 97
44896 97
44904 97
44914 97
44926 97
44936 97
44945 97
44955 97
44965 97
44976 97
44985 96
44996 97
45006 97
45015 97
45026 97
45037 98
45047 98
45057 98
45067 98
45078 98
45087 98
45097 97
45108 98
45117 98
45128 99
45138 99
45148 99
45158 98
45168 99
45178 98
45188 98
45198 99
45209 99
45218 99
45229 100
45239 100
45249 98
45259 99
45269 100
45279 99
45289 99
45299 99
45309 99
45319 99
45330 98
45339 99
45350 98
45360 98
45370 98
45380 98
45390 97
45401 96
45410 97
45421 96
45430 96
45442 97
45450 96
45462 97
45472 97
45482 97
45492 97
45502 97
45512 97
45521 96
45532 97
45542 96
45552 97
45562 97
45572 97
45581 97
45592 97
45601 94
45604 94
45612 97
45623 98
45633 98
45642 98
45653 98
45664 98
45674 98
45684 99
45694 99
45704 100
45714 100
45724 100
45734 99
45744 98
45755 99
45764 99
45774 100
45785 99
45795 99
45805 98
45815 98
45826 99
45834 100
45846 99
45856 99
45866 99
45876 99
45886 99
45897 98
45906 99
45917 100
45927 100
45937 100
45947 100
45957 100
45967 100
45978 97
45987 96
45997 98
46008 97
46019 95
46028 96
46038 97
46048 96
46058 96
46069 97
46079 97
46090 96
46099 97
46109 97
46119 98
46129 95
46139 96
46149 97
46159 98
46169 97
46180 95
46190 96
46199 98
46211 96
46220 96
46231 96
46241 96
46249 96
46252 95
46262 96
46272 96
46280 96
46292 96
46301 96
46312 97
46322 97
46330 96
46342 99
46352 99
46362 98
46372 98
46382 98
46392 99
46402 98
46412 99
46422 99
46432 100
46442 100
46452 99
46462 100
46472 100
46482 96
46492 98
46502 99
46512 99
46524 97
46532 99
46543 99
46553 98
46564 99
46573 99
46584 99
46593 99
46604 99
46614 98
46624 97
46634 99
46644 99
46654 97
46664 97
46674 97
46684 98
46694 98
46704 97
46715 97
46726 97
46736 97
46745 97
46756 97
46765 97
46776 96
46786 97
46797 97
46807 98
46817 98
46827 98
46837 99
46847 99
46857 100
46867 99
46877 99
46887 98
46897 98
46908 99
46918 99
46928 99
46938 100
46948 100
46958 99
46969 99
46979 100
46989 99
46999 100
47009 99
47019 99
47029 100
47039 99
47049 99
47060 96
47070 98
47080 99
47090 97
47100 99
47110 98
47120 98
47130 97
47140 97
47151 96
47161 97
47171 96
47181 96
47191 97
47201 95
47210 96
47222 95
47233 94
47241 94
47251 96
47263 95
47271 95
47281 95
47293 94
47303 95
47313 96
47323 96
47333 97
47343 97
47353 97
47364 97
47373 98
47383 97
47394 99
47404 99
47414 99
47424 98
47434 99
47444 99
47454 98
47464 98
47474 99
47484 98
47494 99
47504 99
47514 98
47524 97
47534 98
47545 97
47554 99
47564 97
47575 97
47584 98
47595 94
47605 97
47615 97
47625 97
47637 97
47647 97
47657 97
47667 98
47677 98
47687 97
47697 98
47707 98
47718 99
47728 99
47738 99
47748 99
47758 99
47768 98
47778 99
47788 99
47798 100
47808 100
47818 100
47828 100
47837 98
47848 99
47858 99
47869 100
47879 100
47888 100
47899 100
47909 100
47919 99
47929 100
47939 99
47949 100
47959 100
47969 99
47979 100
47990 100
48000 99
48010 99
48020 100
48030 98
48040 99
48050 97
48060 100
48070 100
48080 100
48090 98
48100 97
48111 98
48121 98
48132 97
48142 97
48152 97
48162 97
48173 99
48183 98
48193 99
48203 99
48213 99
48224 98
48233 98
48244 99
48254 99
48264 99
48274 100
48284 100
48294 100
48304 100
48314 98
48324 99
48335 98
48344 99
48354 100
48364 100
48374 98
48385 99
48395 99
48404 99
48414 98
48425 98
48435 98
48446 98
48456 98
48466 98
48476 97
48486 98
48497 99
48507 99
48517 99
48527 98
48537 99
48548 97
48557 99
48567 98
48578 98
48588 98
48598 97
48609 98
48618 99
48628 99
48639 99
48649 99
48659 99
48669 99
48680 98
48690 99
48700 98
48710 98
48720 98
48730 99
48740 99
48751 98
48761 99
48771 99
48781 99
48791 99
48801 99
48811 98
48821 99
48831 99
48841 98
48851 98
48862 99
48872 99
48882 99
48892 98
48902 99
48912 99
48923 98
48933 99
48943 99
48954 98
48963 99
48974 99
48983 98
48994 98
49004 99
49014 98
49024 99
49034 98
49045 97
49054 99
49064 99
49074 97
49084 98
49094 98
49104 95
49115 96
49125 96
49135 96
49145 95
49155 97
49165 96
49175 97
49186 95
49196 95
49206 95
49216 95
49226 96
49237 98
49247 98
49257 98
49267 98
49278 98
49288 99
49298 99
49307 98
49318 97
49328 99
49338 98
49348 98
49358 98
49368 97
49379 99
49389 99
49399 100
49408 99
49419 100
49429 100
49439 99
49449 100
49460 97
49469 100
49480 99
49490 100
49500 100
49510 99
49520 100
49530 99
49540 99
49550 99
49560 98
49571 98
49580 98
49591 99
49601 99
49611 99
49621 98
49631 97
49641 98
49651 99
49661 98
49671 97
49681 98
49692 96
49701 97
49712 96
49721 98
49732 97
49742 96
49752 96
49762 97
49772 96
49782 98
49792 97
49804 98
49814 98
49824 98
49834 98
49844 98
49854 98
49864 98
49874 98
49884 98
49894 97
49905 98
49914 98
49924 98
49935 98
49944 97
49955 99
49965 99
49975 98
49985 99
49995 97
50005 98
50015 98
50026 99
50036 99
50046 99
50057 99
50066 99
50076 99
50086 99
50097 99
50107 99
50117 97
50127 99
50137 100
50147 99
50157 100
50167 99
50177 99
50187 99
50197 100
50208 98
50218 98
50228 96
50238 98
50248 96
50258 96
50269 95
50278 96
50290 96
50300 96
50308 98
50320 98
50330 98
50340 98
50350 97
50360 98
50370 96
50380 97
50390 96
50400 98
50410 96
50420 98
50430 98
50440 97
50450 97
50460 98
50470 94
50480 97
50490 98
50501 97
50510 96
50521 96
50531 97
50541 97
50551 96
50562 95
50572 97
50582 98
50592 98
50602 98
50612 97
50622 98
50632 98
50642 98
50652 97
50663 97
50672 97
50682 97
50692 98
50703 97
50712 97
50722 98
50733 97
50743 98
50752 98
50763 97
50774 97
50783 97
50793 98
50804 98
50812 98
50824 98
50833 98
50844 99
50854 99
50864 99
50874 99
50884 98
50894 98
50904 98
50914 99
50925 99
50935 99
50944 99
50955 99
50965 98
50975 100
50985 98
50995 100
51005 97
51015 99
51025 98
51035 99
51045 98
51055 99
51065 96
51077 97
51087 99
51097 100
51107 100
51117 100
51128 99
51138 97
51148 100
51158 99
51168 98
51178 100
51189 95
51199 98
51209 98
51219 98
51229 98
51239 96
51249 98
51259 97
51269 97
51280 96
51291 96
51299 97
51311 97
51321 97
51331 97
51341 97
51351 97
51361 96
51372 98
51381 97
51392 97
51402 97
51412 98
51422 97
51432 98
51442 98
51452 98
51462 98
51472 98
51482 98
51492 99
51502 99
51512 99
51522 99
51533 98
51542 99
51552 99
51563 99
51572 99
51582 99
51593 99
51602 98
51613 99
51622 99
51633 98
51643 99
51653 99
51663 98
51673 98
51683 98
51694 98
51703 98
51714 98
51723 98
51735 98
51744 98
51755 98
51765 98
51774 98
51785 98
51795 98
51804 98
51815 97
51825 97
51836 97
51845 97
51856 97
51865 97
51876 97
51885 97
51895 97
51906 98
51916 98
51927 98
51936 98
51947 99
51957 99
51967 99
51976 98
51987 98
51997 98
52007 98
52017 98
52027 98
52037 98
52047 98
52057 99
52067 98
52077 98
52087 98
52097 98
52107 99
52118 97
52127 97
52137 99
52148 98
52157 99
52168 97
52178 97
52187 97
52198 97
52208 97
52218 98
52228 96
52239 95
52248 96
52258 98
52269 96
52279 96
52288 97
52300 97
52310 98
52320 98
52330 97
52340 98
52350 98
52360 98
52370 98
52381 99
52391 98
52401 100
52411 99
52421 100
52431 99
52441 99
52451 99
52461 99
52471 97
52481 98
52491 100
52501 99
52511 98
52521 98
52531 97
52541 100
52551 100
52561 100
52572 99
52583 98
52592 100
52602 99
52612 100
52622 100
52632 100
52642 99
52653 100
52663 100
52673 100
52683 99
52693 100
52703 100
52713 99
52723 100
52733 97
52743 98
52754 96
52763 99
52774 96
52783 97
52794 96
52804 95
52814 97
52825 95
52835 96
52845 97
52856 97
52866 96
52875 97
52886 98
52896 97
52905 96
52916 96
52927 97
52936 98
52946 98
52956 98
52966 98
52976 97
52987 98
52997 98
53007 98
53017 97
53027 98
53037 98
53047 97
53058 98
53067 98
53078 98
53088 99
53098 98
53108 99
53118 99
53128 99
53139 98
53148 99
53158 99
53168 99
53178 98
53189 96
53199 98
53208 99
53219 97
53229 97
53239 98
53250 96
53259 98
53269 97
53279 98
53289 97
53300 95
53310 98
53319 99
53330 99
53340 98
53350 98
53360 99
53370 99
53380 99
53390 98
53400 99
53411 98
53421 100
53431 99
53441 100
53451 99
53461 100
53471 100
53482 97
53491 98
53502 97
53511 99
53522 98
53531 97
53542 96
53552 96
53561 100
53571 98
53582 96
53592 99
53602 99
53612 99
53622 99
53632 96
53642 96
53652 99
53662 99
53672 97
53682 98
53692 98
53702 98
53712 96
53724 96
53733 96
53744 96
53754 96
53764 95
53773 96
53784 95
53794 97
53804 97
53814 96
53824 97
53834 97
53845 96
53855 97
53865 97
53874 97
53885 98
53895 97
53905 97
53915 98
53925 98
53935 99
53945 98
53955 98
53965 98
53976 99
53986 99
53996 98
54006 99
54016 99
54026 98
54036 97
54046 99
54057 98
54067 97
54077 98
54087 97
54097 98
54107 97
54117 98
54128 97
54137 96
54149 97
54157 98
54169 98
54179 98
54189 96
54199 97
54209 98
54219 98
54229 98
54239 99
54249 99
54259 99
54270 99
54280 99
54289 99
54299 99
54310 99
54320 98
54330 99
54340 98
54350 99
54360 97
54369 99
54380 99
54390 98
54401 98
54410 98
54420 97
54430 98
54440 99
54450 98
54461 98
54471 99
54481 99
54491 96
54501 98
54511 99
54521 99
54532 98
54541 99
54551 99
54562 99
54572 98
54583 98
54592 98
54602 100
54612 98
54622 100
54633 99
54642 99
54652 98
54662 97
54673 99
54683 99
54693 99
54703 98
54713 99
54723 96
54733 97
54743 95
54753 98
54764 95
54773 97
54783 95
54793 99
54803 96
54814 94
54823 95
54826 94
54836 95
54846 96
54853 96
54856 96
54863 97
54866 95
54876 96
54886 95
54896 96
54906 95
54916 95
54926 95
54936 97
54946 95
54956 97
54966 96
54976 96
54986 96
54996 97
55006 97
55016 97
55026 96
55036 98
55046 96
55056 98
55066 98
55077 96
55086 97
55096 98
55106 97
55116 98
55126 97
55136 99
55146 98
55156 98
55166 97
55177 98
55186 98
55196 98
55206 98
55216 98
55226 99
55237 98
55247 98
55257 99
55267 99
55277 100
55287 100
55298 97
55307 97
55318 97
55327 100
55337 97
55347 97
55357 97
55367 97
55379 97
55389 97
55397 97
55409 97
55419 97
55429 97
55440 97
55447 97
55450 97
55458 97
55469 97
55479 96
55489 96
55499 98
55509 98
55519 97
55529 97
55539 98
55549 97
55559 99
55569 99
55579 99
55590 96
55600 96
55610 96
55620 95
55630 95
55640 96
55650 97
55662 97
55672 96
55682 97
55692 98
55702 97
55713 97
55723 99
55733 99
55743 100
55753 100
55763 100
55773 100
55783 100
55793 99
55803 99
55813 100
55823 100
55834 100
55843 100
55854 100
55864 100
55873 100
55884 99
55894 99
55905 99
55914 99
55925 99
55935 98
55945 100
55955 99
55965 99
55975 99
55985 98
55995 100
56006 97
56015 96
56026 98
56036 99
56047 98
56056 99
56067 97
56077 99
56087 98
56097 99
56107 99
56117 99
56127 99
56138 96
56147 97
56157 99
56168 98
56178 97
56188 97
56197 98
56208 95
56219 96
56228 97
56237 99
56249 97
56259 97
56269 96
56280 95
56289 95
56299 97
56309 97
56319 97
56330 96
56340 97
56350 97
56360 97
56369 97
56379 97
56390 96
56401 97
56411 97
56421 96
56431 97
56441 97
56451 98
56461 98
56472 97
56481 98
56491 98
56502 97
56512 99
56522 99
56532 99
56542 99
56552 99
56562 100
56572 100
56582 100
56592 97
56602 99
56612 100
56622 98
56632 100
56642 98
56652 98
56662 100
56673 98
56683 97
56692 99
56703 96
56712 99
56722 97
56733 97
56744 97
56752 100
56763 98
56773 98
56783 98
56793 97
56803 98
56813 97
56825 98
56835 99
56845 99
56855 99
56865 99
56875 100
56885 100
56895 100
56905 98
56915 97
56925 100
56935 100
56945 99
56955 99
56965 98
56976 97
56986 97
56995 99
57006 97
57016 99
57026 99
57036 98
57046 97
57056 97
57066 99
57076 98
57086 97
57097 96
57106 98
57117 94
57127 97
57136 97
57146 97
57157 97
57167 97
57176 95
57187 97
57197 97
57207 97
57217 96
57228 95
57237 95
57247 96
57257 96
57268 96
57279 96
57287 96
57297 95
57308 96
57319 97
57328 97
57339 97
57349 95
57359 97
57369 95
57379 96
57389 96
57399 97
57409 97
57419 95
57429 96
57439 97
57450 96
57459 96
57469 96
57480 96
57489 96
57499 97
57510 96
57521 97
57531 97
57541 97
57551 97
57561 97
57571 96
57581 95
57591 97
57601 98
57611 98
57621 96
57631 97
57641 97
57651 98
57661 98
57671 98
57681 97
57691 98
57701 98
57711 98
57722 98
57732 98
57741 98
57752 97
57762 98
57772 97
57782 98
57792 99
57802 100
57812 100
57822 100
57832 98
57842 99
57852 99
57862 100
57873 98
57882 100
57892 99
57903 98
57912 99
57922 96
57932 99
57943 96
57952 96
57963 97
57973 98
57984 98
57993 98
58003 98
58014 98
58024 98
58034 98
58044 98
58054 98
58064 98
58075 99
58085 99
58095 98
58105 98
58114 98
58125 99
58135 98
58145 97
58155 98
58165 99
58175 98
58185 99
58195 99
58206 98
58215 99
58226 98
58236 98
58246 98
58256 98
58267 98
58276 98
58287 98
58297 98
58307 97
58317 97
58328 96
58337 98
58347 98
58357 98
58367 97
58378 98
58388 98
58398 96
58408 98
58419 97
58428 98
58438 97
58448 98
58459 98
58469 98
58479 97
58489 99
58499 98
58510 97
58519 98
58529 97
58539 98
58550 96
58559 99
58570 98
58580 98
58591 97
58601 98
58611 97
58621 98
58630 98
58642 98
58651 98
58662 99
58672 99
58682 99
58692 100
58702 100
58712 100
58722 99
58732 99
58742 100
58752 98
58762 99
58772 98
58782 96
58792 99
58802 98
58812 100
58823 98
58833 98
58843 100
58853 99
58863 100
58874 96
58883 99
58893 98
58904 97
58913 99
58924 98
58934 98
58944 96
58954 97
58964 97
58974 96
58985 98
58995 98
59005 98
59015 97
59026 99
59036 100
59046 99
59056 100
59066 99
59076 100
59086 98
59096 99
59106 99
59117 97
59126 97
59138 96
59148 96
59157 97
59167 96
59178 97
59187 98
59198 97
59208 97
59217 98
59229 98
59239 98
59249 98
59259 98
59269 97
59279 98
59289 98
59299 98
59309 97
59319 97
59329 99
59339 98
59349 99
59360 95
59369 99
59379 99
59389 100
59400 99
59410 97
59420 99
59430 97
59440 97
59451 96
59461 98
59471 98
59480 98
59490 98
59501 97
59511 97
59521 95
59531 98
59541 98
59551 96
59561 98
59571 96
59582 98
59592 97
59602 98
59612 98
59622 98
59633 98
59642 97
59652 98
59663 99
59673 99
59683 99
59693 99
59703 99
59713 98
59723 98
59733 99
59744 98
59754 96
59763 98
59773 98
59784 98
59794 98
59803 96
59814 98
59824 98
59835 96
59844 98
59854 97
59864 98
59874 98
59886 97
59896 98
59906 98
59916 99
59926 99
59936 99
59946 99
59956 99
59966 99
59976 98
59986 99
59996 98
60006 99
60016 98
60026 99
60036 99
60047 99
60057 98
60067 99
60077 99
60087 98
60097 99
60107 98
60117 99
60127 97
60137 98
60147 98
60157 98
60168 97
60177 98
60188 98
60198 97
60208 97
60218 97
60227 98
60238 95
60248 98
60258 97
60269 96
60280 98
60290 98
60300 98
60310 98
60319 97
60330 98
60340 96
60350 98
60361 98
60371 100
60381 100
60391 100
60401 99
60411 99
60421 100
60431 100
60441 100
60451 99
60461 99
60471 99
60481 98
60491 99
60501 99
60511 100
60522 97
60531 99
60541 99
60551 98
60561 98
60572 98
60582 98
60591 98
60602 98
60612 98
60622 98
60633 97
60644 97
60654 98
60664 99
60674 99
60684 99
60694 98
60704 98
60714 99
60724 98
60734 98
60744 98
60754 98
60765 98
60774 99
60785 99
60795 98
60804 99
60815 97
60825 98
60835 98
60846 98
60855 98
60865 98
60876 98
60885 99
60896 97
60905 98
60915 98
60926 98
60937 99
60947 98
60956 99
60966 99
60976 99
60987 99
60997 98
61007 98
61016 98
61027 99
61037 98
61047 99
61058 99
61067 99
61078 96
61088 99
61098 97
61108 98
61118 97
61128 99
61139 97
61148 99
61158 96
61169 95
61178 98
61188 98
61198 98
61209 96
61219 97
61229 98
61239 96
61249 97
61260 96
61269 96
61279 97
61290 96
61300 96
61311 97
61321 97
61331 97
61341 97
61351 96
61362 96
61371 97
61381 96
61391 96
61401 96
61411 96
61421 97
61432 98
61442 98
61452 98
61462 98
61473 99
61483 99
61493 99
61503 99
61513 98
61523 99
61533 99
61543 99
61553 99
61563 99
61573 99
61583 98
61594 99
61603 99
61614 99
61624 99
61634 99
61644 98
61654 99
61664 97
61674 98
61684 99
61693 98
61704 98
61714 98
61724 99
61734 99
61744 98
61754 98
61764 97
61774 98
61784 97
61795 96
61804 97
61816 96
61826 98
61836 98
61846 97
61856 98
61866 98
61877 99
61887 99
61896 98
61907 99
61917 98
61927 98
61937 99
61947 100
61957 99
61967 99
61977 100
61987 100
61998 99
62008 98
62017 98
62028 99
62038 99
62047 99
62057 99
62068 99
62078 96
62089 96
62098 98
62109 96
62119 97
62129 98
62139 98
62150 97
62159 98
62170 98
62180 97
62190 97
62201 98
62209 97
62220 98
62230 98
62240 98
62251 97
62260 98
62271 98
62282 98
62291 98
62301 98
62311 98
62321 98
62332 98
62342 98
62351 98
62363 97
62373 97
62383 100
62393 100
62403 99
62413 100
62423 99
62434 99
62444 100
62454 99
62464 100
62474 97
62484 100
62495 99
62505 96
62515 99
62525 98
62535 98
62545 99
62556 97
62567 98
62577 99
62585 99
62597 100
62607 98
62617 99
62627 100
62637 100
62647 100
62657 99
62667 98
62677 99
62688 98
62697 98
62709 98
62717 98
62729 98
62739 98
62749 98
62759 98
62770 99
62780 99
62789 98
62800 100
62810 100
62820 100
62830 100
62840 99
62850 97
62860 98
62870 98
62880 100
62890 99
62900 100
62911 98
62921 98
62931 98
62941 98
62951 97
62961 98
62972 97
62982 96
62991 98
63002 97
63012 97
63021 97
63032 97
63042 97
63053 98
63063 98
63073 98
63083 99
63094 98
63103 99
63114 97
63124 97
63134 98
63144 99
63154 98
63164 98
63174 97
63184 99
63194 98
63204 99
63215 97
63224 98
63234 97
63245 97
63255 96
63264 98
63275 98
63285 98
63296 96
63306 97
63315 97
63326 97
63335 97
63345 98
63355 96
63365 96
63375 97
63386 97
63397 97
63406 97
63416 95
63427 97
63437 96
63448 96
63457 96
63467 97
63477 96
63487 97
63497 97
63507 96
63517 96
63527 97
63537 97
63548 97
63558 96
63568 98
63578 98
63588 97
63599 96
63608 98
63619 99
63629 100
63639 99
63649 100
63659 99
63669 100
63679 98
63689 99
63700 96
63709 100
63720 98
63729 99
63739 100
63750 97
63760 99
63770 99
63780 98
63790 96
63800 99
63810 98
63821 97
63830 98
63840 99
63852 97
63860 98
63872 97
63881 97
63892 97
63902 98
63912 98
63923 98
63932 98
63943 99
63953 98
63963 99
63973 99
63983 99
63993 96
64003 98
64013 99
64023 98
64033 98
64043 96
64053 97
64063 98
64074 97
64084 98
64094 98
64104 99
64114 99
64124 99
64134 99
64145 99
64155 99
64165 99
64175 99
64186 98
64196 98
64205 98
64216 98
64226 98
64236 97
64247 99
64257 98
64267 98
64277 99
64286 98
64297 99
64307 99
64318 98
64328 98
64338 98
64347 99
64358 99
64369 99
64379 99
64389 99
64399 99
64409 99
64419 99
64429 99
64439 99
64449 98
64459 99
64469 98
64479 98
64490 98
64500 97
64510 98
64520 97
64530 98
64540 97
64551 94
64560 95
64572 96
64580 95
64590 96
64601 96
64611 95
64622 95
64631 96
64641 97
64652 96
64663 96
64672 97
64681 97
64693 97
64703 97
64713 98
64723 98
64733 98
64743 98
64753 98
64763 98
64773 97
64783 98
64793 98
64803 97
64813 98
64823 97
64834 98
64842 97
64854 98
64863 97
64874 97
64883 97
64895 97
64904 98
64915 97
64924 98
64935 98
64945 98
64955 98
64965 98
64975 98
64986 98
64995 98
65005 98
65016 97
65025 98
65035 98
65046 97
65056 96
65065 97
65075 97
65086 98
65096 98
65106 97
65116 98
65126 98
65136 98
65146 97
65156 97
65167 96
65177 97
65186 97
65197 97
65206 97
65217 96
65227 97
65238 97
65247 97
65257 97
65268 97
65278 98
65288 98
65298 98
65308 97
65318 98
65328 98
65338 98
65349 99
65359 99
65369 99
65379 99
65389 99
65399 99
65410 100
65420 100
65430 100
65440 100
65450 100
65460 100
65470 100
65479 99
65490 100
65500 100
65510 99
65520 100
65530 100
65540 99
65550 100
65560 99
65570 98
65580 99
65591 98
65600 99
65611 99
65621 99
65631 99
65641 97
65651 97
65661 98
65672 97
65681 98
65692 94
65702 97
65711 98
65722 97
65733 97
65742 96
65753 97
65764 99
65774 98
65784 99
65794 99
65804 98
65814 99
65824 99
65834 97
65844 99
65854 99
65864 99
65874 98
65884 99
65894 99
65904 98
65914 97
65924 99
65934 99
65944 98
65954 98
65965 97
65975 98
65985 98
65995 97
66005 97
66015 97
66025 98
66034 97
66045 96
66055 98
66065 98
66075 97
66084 96
66096 96
66106 98
66116 99
66126 99
66136 99
66146 100
66156 99
66166 100
66176 100
66186 97
66196 97
66206 100
66216 96
66227 98
66237 98
66247 98
66257 99
66267 97
66277 96
66287 98
66297 98
66309 95
66318 95
66328 95
66338 96
66348 96
66359 96
66368 96
66379 97
66390 98
66399 96
66410 99
66420 98
66430 99
66440 99
66450 99
66460 99
66471 99
66480 99
66491 98
66500 99
66511 99
66521 98
66531 98
66541 99
66550 99
66561 99
66571 99
66580 98
66591 98
66601 96
66611 98
66621 97
66631 98
66642 97
66651 97
66661 97
66672 97
66682 97
66691 95
66702 95
66711 94
66721 96
66732 97
66741 96
66752 95
66761 97
66774 96
66782 96
66794 96
66802 96
66812 96
66822 95
66833 96
66844 97
66854 97
66864 97
66874 97
66884 98
66894 97
66904 97
66914 98
66924 96
66934 98
66944 96
66955 96
66965 96
66974 98
66984 97
66994 97
67004 96
67014 97
67025 97
67035 97
67045 96
67055 97
67065 98
67075 98
67085 98
67095 98
67105 98
67115 98
67125 98
67135 99
67146 98
67156 99
67166 99
67175 99
67185 99
67197 98
67207 98
67216 98
67226 99
67236 99
67247 98
67256 99
67267 98
67277 97
67288 98
67297 97
67307 98
67317 98
67327 97
67337 98
67348 98
67358 98
67368 96
67378 99
67388 98
67398 99
67408 98
67418 98
67428 98
67438 97
67449 98
67459 98
67469 98
67480 97
67490 97
67499 97
67509 97
67521 99
67530 98
67540 98
67551 98
67560 98
67571 99
67581 99
67591 98
67601 99
67611 99
67621 98
67631 98
67641 99
67652 98
67662 97
67672 98
67681 98
67691 98
67701 98
67712 98
67722 98
67732 97
67741 98
67751 99
67763 98
67772 98
67782 98
67793 99
67803 99
67813 99
67823 99
67833 99
67843 99
67853 99
67863 98
67873 98
67883 99
67893 98
67904 97
67913 97
67923 99
67934 98
67944 98
67954 99
67964 100
67974 98
67984 98
67995 99
68005 96
68015 99
68025 98
68035 99
68045 98
68055 98
68065 97
68075 97
68087 98
68097 98
68106 98
68117 98
68126 97
68137 97
68147 98
68157 98
68166 95
68177 97
68186 97
68197 97
68207 98
68217 97
68228 97
68238 98
68248 98
68258 98
68268 99
68278 98
68288 99
68299 98
68309 98
68318 98
68328 99
68339 98
68349 99
68359 99
68369 99
68380 99
68390 98
68400 98
68410 98
68419 98
68430 98
68440 99
68450 99
68461 99
68470 99
68481 99
68490 99
68501 99
68511 99
68521 99
68531 97
68541 99
68551 99
68561 99
68571 99
68582 97
68591 97
68601 99
68612 98
68622 98
68632 97
68642 97
68653 98
68663 98
68673 97
68684 98
68694 99
68704 97
68714 99
68724 98
68734 97
68744 99
68754 97
68764 99
68775 98
68784 99
68794 99
68804 98
68814 99
68824 98
68836 97
68846 98
68855 98
68865 98
68875 97
68886 98
68896 98
68906 98
68917 99
68927 99
68937 99
68947 98
68957 98
68967 97
68977 99
68987 98
68997 99
69007 98
69017 98
69027 99
69038 97
69047 98
69057 99
69067 98
69077 98
69088 98
69098 97
69108 98
69118 98
69129 97
69138 98
69148 98
69160 96
69169 98
69179 97
69189 98
69199 98
69209 98
69219 98
69229 98
69239 98
69249 97
69260 98
69270 98
69280 98
69290 98
69300 97
69310 97
69320 98
69329 97
69340 98
69350 98
69360 97
69370 98
69380 96
69391 98
69401 98
69411 98
69420 98
69431 97
69441 98
69452 97
69461 96
69472 97
69481 97
69491 97
69501 97
69512 97
69523 98
69533 98
69541 98
69553 99
69563 98
69573 99
69583 98
69593 99
69603 99
69613 98
69623 99
69633 99
69643 98
69654 99
69664 99
69674 99
69684 99
69694 99
69705 100
69715 100
69725 99
69734 100
69745 100
69755 99
69765 98
69775 99
69785 100
69795 98
69805 99
69815 99
69825 98
69835 98
69846 97
69855 98
69866 96
69877 96
69886 97
69895 98
69906 96
69916 96
69925 97
69937 96
69948 97
69958 97
69968 99
69978 98
69988 99
69998 99
70008 99
70018 98
70028 97
70038 99
70048 99
70058 99
70069 99
70078 99
70089 99
70099 97
70109 99
70119 97
70129 98
70139 98
70150 98
70159 98
70170 98
70180 98
70190 97
70200 98
70210 99
70221 99
70231 99
70241 100
70251 99
70261 100
70271 100
70281 99
70291 99
70301 99
70311 99
70321 100
70331 100
70341 99
70351 97
70361 96
70371 100
70381 99
70391 97
70401 97
70411 99
70421 96
70431 97
70442 97
70452 96
70461 96
70474 97
70484 99
70494 99
70504 98
70514 99
70524 98
70534 98
70544 97
70554 98
70564 99
70574 98
70584 98
70594 99
70604 98
70614 99
70624 99
70635 99
70645 99
70654 99
70665 99
70675 99
70685 99
70695 98
70705 100
70715 99
70725 100
70735 99
70746 99
70756 99
70766 98
70776 97
70786 99
70796 97
70806 99
70816 99
70826 99
70837 97
70846 99
70856 98
70866 98
70877 97
70887 97
70898 98
70908 98
70918 97
70928 98
70938 98
70948 99
70958 98
70969 98
70978 99
70989 99
70998 99
71008 99
71019 96
71029 99
71039 99
71049 98
71059 99
71070 98
71079 98
71089 99
71099 98
71109 98
71120 97
71129 96
71140 98
71151 99
71161 99
71171 98
71181 99
71191 99
71201 99
71211 99
71221 99
71231 98
71241 99
71251 98
71261 99
71271 98
71281 99
71292 98
71302 98
71312 98
71322 98
71332 99
71342 98
71352 98
71362 99
71372 97
71382 96
71392 97
71403 97
71413 97
71422 97
71432 97
71443 97
71453 96
71464 97
71473 97
71484 95
71494 97
71505 99
71514 98
71525 98
71535 100
71545 99
71555 100
71565 100
71575 100
71585 100
71595 99
71605 99
71616 98
71625 100
71637 98
71646 99
71656 98
71667 98
71677 98
71687 98
71697 99
71707 98
71717 98
71727 97
71737 98
71747 99
71757 99
71768 98
71777 98
71788 98
71798 98
71809 96
71819 97
71829 97
71839 97
71848 97
71859 96
71869 96
71879 97
71888 97
71899 96
71910 97
71920 97
71930 97
71941 97
71951 96
71961 98
71971 97
71981 98
71991 98
72001 98
72011 98
72020 97
72031 97
72041 98
72051 98
72061 98
72071 98
72081 98
72091 97
72102 98
72112 98
72121 98
72132 99
72142 99
72152 98
72162 99
72172 98
72183 98
72193 98
72202 99
72212 99
72222 99
72233 99
72243 99
72253 97
72263 100
72274 100
72283 100
72293 100
72303 100
72314 99
72324 100
72334 98
72344 98
72354 98
72364 98
72374 99
72384 99
72394 98
72404 99
72414 99
72424 99
72434 97
72446 97
72455 98
72465 98
72474 98
72485 98
72495 98
72506 98
72516 97
72526 98
72535 98
72546 98
72556 98
72566 98
72576 97
72586 97
72597 98
72607 97
72617 98
72628 98
72637 98
72648 98
72658 97
72668 98
72678 98
72688 96
72698 98
72708 99
72718 98
72728 99
72738 98
72748 99
72759 98
72768 99
72779 99
72789 99
72799 98
72809 98
72819 99
72829 98
72839 99
72849 99
72859 99
72869 97
72879 97
72889 96
72899 97
72909 96
72919 99
72929 97
72941 96
72949 96
72959 98
72970 94
72981 97
72992 98
73002 98
73011 97
73022 99
73032 98
73042 98
73052 100
73062 100
73072 98
73082 100
73092 100
73102 100
73113 98
73122 99
73132 99
73142 99
73152 99
73162 100
73173 99
73182 100
73193 99
73203 99
73213 99
73223 99
73234 97
73243 99
73253 100
73263 99
73273 100
73284 99
73293 100
73304 99
73313 98
73324 99
73334 97
73344 98
73355 97
73364 98
73376 98
73386 98
73395 98
73406 99
73416 99
73426 99
73436 99
73446 98
73456 99
73466 98
73476 98
73486 99
73496 99
73507 98
73517 98
73527 99
73537 99
73546 98
73557 99
73567 94
73577 96
73587 95
73598 96
73608 96
73618 96
73628 97
73638 96
73647 97
73658 96
73668 97
73678 96
73688 97
73698 96
73709 95
73718 97
73728 96
73738 96
73749 96
73760 96
73770 96
73780 95
73789 96
73800 97
73810 97
73820 95
73830 97
73840 97
73851 97
73861 99
73871 99
73881 98
73891 99
73901 99
73911 99
73921 98
73932 99
73942 98
73952 99
73961 99
73972 99
73981 98
73992 99
74002 99
74011 99
74022 98
74031 99
74042 98
74051 99
74061 99
74071 99
74082 99
74092 99
74102 99
74112 99
74123 99
74133 99
74143 99
74152 98
74163 99
74173 98
74182 99
74193 99
74203 98
74213 98
74224 99
74234 99
74243 99
74253 98
74264 98
74274 99
74284 99
74294 98
74304 99
74315 99
74325 98
74335 98
74345 97
74355 97
74365 98
74375 98
74386 97
74395 98
74406 99
74416 99
74426 99
74436 99
74447 99
74457 99
74466 99
74477 98
74486 98
74497 99
74507 99
74517 98
74527 99
74537 99
74547 99
74557 99
74567 99
74578 98
74588 99
74598 98
74608 99
74618 99
74628 99
74638 99
74648 99
74657 98
74668 99
74678 99
74688 99
74698 98
74708 99
74718 98
74728 97
74738 98
74748 98
74758 99
74768 97
74780 97
74790 98
74800 98
74810 98
74820 98
74830 98
74840 97
74851 97
74860 98
74870 98
74881 99
74891 99
74901 99
74911 99
74921 99
74931 98
74941 100
74951 98
74961 99
74971 100
74981 100
74991 100
75001 100
75012 98
75022 99
75032 99
75043 99
75053 99
75063 99
75073 99
75083 99
75093 98
75103 99
75113 99
75123 98
75133 99
75143 98
75153 99
75163 98
75174 99
75184 99
75194 99
75204 99
75214 99
75224 98
75234 98
75244 99
75254 99
75264 98
75274 99
75285 98
75295 98
75305 97
75315 98
75326 96
75335 95
75347 97
75357 99
75367 99
75377 99
75387 99
75397 99
75407 99
75417 99
75427 98
75437 97
75447 99
75457 98
75467 97
75478 98
75487 98
75497 96
75508 96
75518 99
75528 98
75538 99
75548 98
75558 99
75569 99
75579 97
75589 99
75599 99
75609 99
75619 99
75629 99
75639 97
75649 99
75659 99
75669 97
75680 98
75690 98
75699 99
75709 97
75720 96
75730 97
75740 98
75750 98
75760 98
75770 98
75780 97
75790 98
75800 97
75810 98
75822 96
75831 97
75840 97
75852 97
75862 97
75872 99
75882 99
75892 99
75902 98
75912 98
75922 99
75932 99
75942 99
75952 99
75962 98
75972 97
75982 98
75992 98
76003 98
76013 98
76023 98
76033 98
76043 98
76053 98
76064 97
76073 97
76083 98
76093 97
76103 96
76115 98
76125 98
76135 98
76145 98
76155 98
76165 98
76175 97
76185 98
76195 98
76205 97
76215 97
76226 99
76236 98
76246 99
76256 98
76266 99
76276 99
76286 99
76296 97
76307 99
76316 99
76327 99
76336 99
76347 99
76357 99
76367 99
76377 98
76388 98
76397 99
76407 99
76417 98
76428 98
76438 98
76448 99
76458 97
76468 99
76478 98
76489 97
76499 97
76510 98
76519 98
76529 98
76540 98
76550 98
76560 98
76570 98
76580 98
76590 98
76600 99
76610 99
76620 99
76630 99
76641 98
76650 99
76660 98
76670 97
76680 99
76690 99
76700 99
76710 99
76721 98
76731 96
76740 98
76751 98
76760 99
76771 98
76781 99
76791 98
76801 100
76811 100
76821 100
76831 98
76842 94
76851 99
76861 96
76872 97
76881 97
76891 97
76901 98
76912 96
76921 98
76932 97
76942 97
76952 97
76963 98
76974 98
76984 98
76994 99
77004 99
77014 98
77024 99
77034 98
77044 99
77054 100
77064 100
77074 100
77084 98
77094 98
77104 96
77114 99
77124 99
77135 98
77145 99
77154 98
77165 98
77175 98
77185 98
77195 99
77205 99
77216 99
77226 99
77235 98
77246 98
77256 99
77266 98
77276 99
77286 98
77296 98
77307 98
77317 98
77327 98
77337 98
77347 97
77356 98
77367 97
77377 98
77387 98
77398 98
77408 98
77416 98
77428 98
77439 98
77448 98
77458 98
77469 99
77479 98
77489 99
77499 99
77509 99
77519 98
77529 99
77539 98
77550 98
77560 97
77570 98
77579 99
77589 99
77600 98
77609 98
77620 97
77630 98
77641 97
77650 98
77661 98
77671 99
77680 98
77691 99
77701 99
77710 98
77721 99
77731 97
77741 99
77751 98
77761 97
77772 99
77781 99
77792 98
77802 99
77812 98
77822 99
77832 98
77843 99
77853 98
77864 98
77873 99
77883 99
77894 99
77904 98
77914 97
77924 100
77934 99
77944 99
77954 98
77964 97
77974 98
77984 99
77994 99
78006 97
78015 95
78025 99
78036 98
78045 98
78056 98
78065 99
78076 98
78086 99
78096 96
78107 97
78116 99
78127 99
78137 99
78147 97
78157 99
78167 98
78178 97
78188 97
78197 98
78207 96
78217 96
78229 97
78239 96
78248 97
78258 97
78268 97
78279 97
78289 97
78299 97
78308 95
78319 97
78330 96
78339 97
78348 97
78359 97
78369 97
78380 95
78389 96
78399 96
78409 95
78420 96
78430 97
78441 97
78450 98
78460 98
78471 98
78480 98
78491 99
78501 99
78511 99
78521 99
78531 99
78541 99
78551 99
78562 98
78572 99
78582 100
78592 100
78602 99
78612 99
78622 100
78632 100
78642 100
78653 99
78663 99
78673 97
78683 98
78692 99
78703 99
78713 99
78724 98
78734 98
78744 99
78754 98
78764 98
78774 98
78784 98
78794 97
78804 99
78815 98
78824 99
78834 99
78845 99
78855 99
78865 99
78875 99
78884 98
78896 98
78905 98
78916 98
78925 98
78935 98
78946 98
78956 99
78965 100
78975 99
78985 100
78996 97
79006 99
79016 98
79026 100
79036 99
79047 97
79057 99
79067 98
79077 99
79088 94
79098 97
79108 97
79118 97
79128 97
79139 97
79149 97
79158 97
79169 97
79180 97
79189 96
79199 97
79209 97
79219 97
79229 97
79240 98
79250 98
79260 98
79270 98
79280 97
79290 98
79300 97
79311 99
79321 99
79331 99
79341 99
79351 99
79361 99
79371 99
79381 99
79392 98
79401 99
79411 99
79421 99
79431 98
79441 99
79451 98
79461 99
79471 98
79481 97
79491 99
79501 98
79512 98
79522 98
79532 97
79541 99
79551 97
79562 97
79572 98
79582 96
79593 98
79603 98
79613 97
79623 98
79633 98
79644 97
79653 98
79664 98
79674 99
79684 99
79694 99
79704 98
79714 99
79724 99
79734 99
79744 99
79754 99
79764 99
79775 97
79784 99
79794 99
79804 99
79815 97
79825 98
79834 98
79844 99
79856 97
79865 98
79875 98
79885 98
79895 98
79905 98
79915 99
79926 98
79936 97
79945 99
79956 97
79966 98
79976 97
79986 96
79996 97
80006 98
80016 98
80028 98
80037 98
80046 99
80058 98
80068 98
80078 98
80088 98
80098 98
80108 98
80117 97
80128 98
80138 96
80148 97
80158 98
80168 97
80178 98
80188 98
80199 98
80209 97
80218 98
80229 98
80239 97
80249 98
80259 98
80269 98
80280 98
80290 99
80300 99
80310 98
80321 100
80331 100
80341 100
80351 100
80361 100
80371 99
80381 98
80391 100
80401 100
80411 99
80421 99
80431 99
80442 99
80452 99
80462 100
80472 99
80482 100
80492 100
80502 99
80512 99
80522 98
80533 100
80543 98
80553 100
80563 100
80574 99
80583 99
80594 99
80604 99
80614 99
80625 98
80634 99
80645 97
80655 98
80664 97
80676 97
80685 97
80695 98
80705 97
80715 97
80726 97
80735 97
80745 97
80757 97
80766 98
80776 98
80786 98
80796 98
80806 98
80817 99
80827 99
80837 99
80848 100
80858 100
80868 100
80878 99
80888 100
80898 100
80908 99
80918 100
80929 99
80939 99
80948 99
80959 98
80969 98
80979 99
80989 98
80999 98
81009 98
81019 98
81029 99
81040 97
81050 97
81059 98
81069 98
81081 97
81091 96
81099 97
81110 96
81120 97
81130 96
81141 96
81151 97
81161 96
81171 96
81181 96
81192 96
81201 95
81211 96
81222 97
81233 96
81241 97
81252 97
81262 97
81272 97
81282 97
81293 97
81303 97
81312 97
81322 97
81333 97
81343 97
81354 95
81363 97
81373 96
81382 97
81393 97
81403 97
81413 97
81423 96
81434 95
81444 96
81453 96
81463 96
81473 97
81483 97
81494 97
81504 98
81513 98
81524 98
81534 96
81543 98
81554 98
81564 98
81574 97
81585 98
81595 98
81605 99
81615 99
81625 99
81635 99
81645 99
81655 99
81665 99
81675 99
81685 96
81695 98
81706 98
81715 99
81725 97
81735 98
81746 98
81756 99
81766 99
81776 98
81786 97
81796 98
81806 97
81816 98
81827 97
81836 97
81846 99
81856 99
81867 96
81877 96
81887 98
81897 98
81907 97
81917 96
81929 96
81937 95
81947 96
81957 98
81969 96
81978 96
81988 96
81999 96
82008 96
82018 94
82029 95
82039 98
82049 98
82059 97
82069 96
82079 97
82090 98
82100 98
82110 98
82121 96
82129 97
82140 98
82151 98
82161 98
82171 98
82180 97
82191 97
82200 98
82211 97
82221 97
82231 98
82241 98
82251 98
82261 97
82271 98
82282 98
82292 99
82302 99
82312 99
82322 98
82332 98
82342 99
82352 99
82363 99
82373 100
82383 100
82393 99
82403 99
82413 100
82423 100
82432 100
82443 100
82453 100
82463 99
82473 99
82483 98
82493 100
82503 96
82513 98
82523 96
82533 99
82543 97
82554 94
82564 95
82574 95
82585 95
82594 96
82604 97
82613 98
82624 96
82635 96
82645 96
82655 95
82665 96
82675 97
82685 95
82695 96
82705 97
82715 94
82727 96
82736 97
82746 95
82756 97
82766 97
82777 97
82787 97
82796 97
82806 96
82816 96
82827 97
82837 97
82847 97
82857 98
82867 98
82877 97
82887 97
82897 98
82907 98
82917 98
82927 98
82938 99
82948 99
82958 99
82968 99
82978 99
82988 99
82998 99
83008 99
83018 99
83028 99
83038 98
83048 98
83058 99
83068 99
83079 98
83088 99
83099 98
83108 98
83119 98
83128 98
83139 98
83149 98
83158 97
83169 98
83178 98
83189 97
83199 97
83210 97
83220 96
83230 97
83241 99
83250 97
83261 98
83271 99
83281 99
83291 98
83301 99
83311 98
83321 99
83331 96
83341 99
83351 96
83361 98
83371 98
83382 99
83393 96
83401 98
83412 98
83422 99
83432 95
83442 98
83453 96
83463 97
83472 96
83483 96
83492 96
83502 99
83512 98
83523 98
83532 98
83543 98
83553 97
83562 97
83573 98
83583 97
83593 98
83603 98
83613 97
83623 98
83633 98
83644 98
83655 97
83664 97
83674 98
83684 98
83694 98
83705 97
83715 97
83725 95
83734 97
83746 97
83755 97
83765 97
83776 97
83786 97
83795 97
83806 97
83816 96
83826 97
83836 97
83847 97
83857 97
83867 98
83877 97
83887 98
83897 97
83907 97
83917 97
83927 97
83937 96
83948 98
83957 97
83968 98
83978 98
83987 97
83998 97
84008 98
84018 98
84028 97
84039 97
84049 96
84058 97
84069 97
84079 97
84088 97
84098 97
84108 97
84118 97
84129 97
84138 98
84149 97
84159 96
84170 97
84180 97
84189 96
84200 97
84210 97
84220 97
84230 97
84239 97
84250 97
84260 98
84270 98
84280 98
84291 96
84301 98
84310 97
84321 97
84330 99
84341 97
84350 96
84360 99
84370 99
84381 96
84390 98
84401 98
84411 98
84421 97
84431 96
84440 99
84451 98
84461 97
84471 97
84481 98
84491 96
84501 96
84511 99
84522 96
84532 96
84541 100
84551 98
84562 98
84572 98
84582 97
84592 97
84602 95
84612 98
84622 97
84632 97
84643 97
84654 97
84663 97
84674 97
84685 97
84695 99
84705 99
84715 99
84725 99
84735 98
84745 98
84755 99
84765 99
84775 99
84785 99
84795 99
84805 98
84815 99
84825 98
84835 99
84845 97
84855 96
84865 98
84876 98
84886 97
84895 97
84906 98
84916 99
84926 99
84936 98
84946 99
84956 98
84966 98
84976 98
84986 97
84996 99
85006 99
85016 98
85026 97
85036 98
85047 97
85056 98
85067 97
85078 96
85086 97
85098 97
85106 97
85117 97
85128 96
85137 97
85148 97
85158 97
85169 98
85179 99
85189 98
85199 99
85209 98
85219 99
85229 99
85239 99
85249 99
85259 98
85269 99
85279 99
85289 99
85299 98
85309 98
85319 97
85329 97
85339 98
85350 98
85360 98
85369 98
85380 98
85390 98
85400 98
85410 97
85419 98
85431 98
85441 98
85451 98
85461 98
85470 98
85481 97
85491 99
85501 98
85511 99
85521 97
85532 97
85541 98
85551 98
85562 96
85571 98
85581 99
85592 98
85602 98
85612 98
85622 99
85632 99
85642 99
85652 99
85662 98
85672 97
85682 99
85692 99
85702 97
85713 98
85722 98
85733 98
85743 97
85753 98
85764 98
85774 97
85784 98
85794 98
85804 98
85815 98
85825 98
85834 98
85845 98
85855 98
85865 99
85875 98
85885 99
85895 99
85905 99
85916 99
85926 98
85936 98
85946 98
85956 99
85966 98
85976 98
85986 99
85997 99
86007 99
86017 99
86027 98
86037 99
86048 98
86057 98
86067 99
86077 98
86088 98
86098 99
86107 98
86119 98
86128 99
86138 98
86148 98
86159 98
86169 98
86178 98
86189 97
86200 97
86209 97
86219 98
86230 97
86239 97
86249 98
86260 97
86269 96
86280 96
86290 96
86300 97
86310 97
86321 97
86330 97
86341 96
86351 97
86361 97
86371 97
86382 97
86391 97
86402 97
86411 96
86422 97
86431 97
86441 96
86452 97
86463 96
86473 96
86482 97
86492 95
86503 96
86513 96
86522 96
86532 97
86542 97
86552 97
86562 97
86572 96
86583 96
86594 98
86604 99
86614 99
86624 99
86634 98
86644 99
86654 97
86664 97
86674 99
86684 98
86694 99
86704 99
86714 97
86724 99
86734 97
86744 98
86754 98
86764 98
86774 99
86785 100
86794 99
86804 99
86815 100
86825 100
86835 100
86845 100
86856 99
86866 100
86876 100
86885 100
86896 98
86907 99
86916 99
86926 100
86937 98
86947 99
86957 98
86967 98
86977 99
86987 98
86998 96
87008 98
87018 98
87028 98
87038 98
87048 97
87057 99
87069 98
87079 97
87089 97
87098 98
87109 94
87119 98
87129 98
87139 97
87150 98
87159 99
87169 98
87179 99
87190 97
87199 98
87210 97
87220 96
87230 97
87240 98
87250 98
87260 97
87271 98
87281 98
87291 98
87301 98
87311 99
87321 99
87332 98
87342 100
87352 100
87362 97
87372 100
87383 99
87393 99
87402 99
87413 99
87422 100
87434 98
87443 100
87453 99
87464 99
87474 100
87484 99
87494 100
87504 100
87514 99
87524 99
87534 99
87544 98
87554 96
87565 98
87574 98
87585 98
87595 98
87606 96
87616 95
87625 97
87636 97
87645 97
87656 97
87666 98
87676 97
87686 98
87697 98
87707 98
87717 98
87727 98
87737 97
87747 98
87758 97
87767 97
87777 97
87786 98
87798 97
87808 97
87818 97
87828 96
87837 96
87848 96
87858 96
87867 96
87877 96
87888 97
87897 98
87908 99
87918 98
87928 99
87939 99
87949 98
87959 100
87969 99
87979 100
87989 100
87999 100
88009 99
88019 100
88029 98
88039 98
88049 98
88059 98
88069 98
88080 98
88090 98
88101 97
88111 98
88120 98
88131 98
88141 97
88150 98
88161 98
88171 98
88181 98
88191 98
88201 95
88211 98
88221 97
88231 97
88242 95
88252 97
88261 97
88272 97
88282 98
88293 97
88302 97
88312 98
88323 97
88332 97
88342 97
88353 97
88362 98
88372 97
88382 97
88394 97
88404 97
88414 98
88424 98
88434 98
88444 98
88454 98
88464 97
88474 98
88484 98
88494 98
88504 98
88515 99
88525 98
88535 99
88545 99
88555 98
88565 99
88575 98
88585 99
88596 97
88605 99
88616 97
88626 98
88635 99
88646 97
88655 99
88666 98
88675 99
88686 98
88696 98
88706 98
88717 97
88726 98
88735 98
88745 97
88756 97
88766 98
88777 97
88788 97
88798 98
88807 97
88818 98
88828 98
88837 97
88848 98
88857 97
88868 98
88878 97
88888 98
88898 97
88909 98
88918 98
88929 99
88939 99
88949 99
88959 99
88969 98
88980 98
88989 98
89000 99
89009 99
89019 99
89030 99
89039 99
89050 98
89059 99
89070 99
89080 98
89089 97
89100 99
89111 95
89120 98
89131 95
89140 94
89152 94
89160 98
89172 95
89180 96
89192 96
89202 97
89212 97
89222 97
89233 98
89242 97
89253 98
89262 97
89272 97
89282 97
89293 98
89302 97
89313 98
89323 98
89334 99
89344 99
89354 99
89363 99
89373 99
89384 97
89394 98
89404 99
89414 99
89424 99
89434 98
89445 100
89455 100
89465 100
89475 99
89485 98
89495 98
89505 100
89515 99
89525 100
89535 100
89545 100
89555 99
89565 96
89576 99
89585 100
89597 98
89606 98
89616 99
89626 99
89636 99
89647 99
89657 99
89667 99
89677 99
89687 99
89697 99
89708 98
89718 99
89728 98
89738 98
89748 98
89759 98
89769 98
89779 98
89790 97
89799 98
89810 97
89820 98
89830 99
89840 98
89851 100
89861 99
89871 100
89881 99
89891 99
89901 99
89911 99
89921 97
89931 100
89941 100
89951 98
89961 99
89971 99
89982 98
89991 99
90001 98
90012 97
90021 98
90032 97
90042 98
90052 96
90062 97
90073 96
90082 98
90092 97
90102 97
90113 96
90123 97
90134 98
90144 97
90154 98
90164 98
90175 97
90184 97
90193 97
90205 98
90215 98
90224 98
90235 98
90245 98
90254 98
90265 98
90275 97
90286 97
90296 97
90305 98
90315 96
90325 98
90335 97
90346 98
90355 98
90366 98
90377 98
90386 98
90396 98
90407 99
90417 99
90427 99
90437 99
90447 99
90457 99
90467 99
90477 97
90487 99
90497 99
90508 97
90517 99
90527 98
90538 98
90548 98
90558 99
90569 98
90578 99
90589 98
90599 97
90608 97
90618 99
90628 99
90639 98
90649 98
90660 98
90669 98
90680 97
90690 97
90699 98
90710 97
90720 96
90731 97
90741 98
90750 98
90761 98
90770 97
90781 97
90791 96
90801 98
90811 98
90820 98
90831 97
90842 97
90851 98
90862 96
90871 98
90881 97
90893 98
90903 97
90913 98
90923 98
90933 97
90943 97
90953 98
90963 98
90973 98
90984 98
90993 97
91004 97
91013 98
91024 98
91033 98
91044 98
91054 96
91064 97
91074 98
91084 98
91094 96
91104 98
91115 97
91124 96
91135 97
91144 97
91156 98
91166 98
91176 98
91186 98
91195 98
91205 98
91217 99
91227 99
91237 99
91247 99
91257 99
91267 99
91277 99
91287 99
91297 99
91307 99
91317 99
91327 98
91337 98
91347 97
91357 99
91368 98
91377 97
91388 99
91398 98
91408 98
91418 99
91429 99
91439 99
91449 99
91458 99
91469 98
91479 99
91489 99
91500 98
91510 99
91519 99
91530 99
91540 98
91550 99
91560 99
91570 97
91580 99
91590 100
91600 100
91610 99
91621 99
91631 100
91641 99
91652 99
91662 99
91672 99
91682 99
91692 97
91702 98
91712 99
91722 99
91732 97
91742 96
91752 97
91763 96
91772 97
91783 96
91794 95
91802 95
91813 96
91824 95
91833 95
91844 95
91852 97
91855 95
91864 95
91875 97
91885 96
91894 96
91904 96
91915 98
91925 98
91935 98
91944 96
91955 98
91965 98
91975 97
91986 97
91995 98
92005 97
92015 98
92026 99
92036 98
92046 99
92056 99
92066 99
92076 97
92086 99
92096 96
92107 99
92116 99
92126 99
92137 99
92146 99
92156 98
92167 99
92177 99
92187 98
92197 98
92207 100
92218 99
92227 99
92237 100
92247 100
92257 100
92267 100
92277 99
92287 99
92298 99
92308 98
92319 98
92329 98
92339 97
92349 97
92359 98
92369 97
92378 97
92388 99
92399 98
92409 97
92418 97
92429 95
92439 98
92450 98
92460 99
92470 99
92480 98
92491 99
92501 99
92511 99
92520 99
92531 98
92541 99
92551 98
92562 98
92571 98
92582 98
92592 98
92601 98
92612 98
92621 99
92632 98
92642 97
92653 98
92663 99
92672 99
92683 97
92693 98
92703 98
92713 97
92723 99
92733 97
92743 99
92753 99
92764 97
92774 96
92784 97
92794 98
92804 98
92815 98
92824 98
92835 97
92845 98
92854 97
92866 98
92875 98
92885 98
92895 98
92906 98
92916 98
92926 97
92937 96
92946 97
92956 97
92967 98
92977 98
92987 98
92996 98
93007 98
93016 98
93028 99
93038 99
93048 99
93057 98
93068 99
93078 99
93089 98
93099 100
93109 100
93119 100
93129 99
93139 100
93149 100
93159 99
93169 100
93179 100
93189 100
93199 100
93209 100
93220 100
93230 100
93240 100
93250 100
93260 97
93271 98
93281 98
93291 98
93302 98
93312 98
93321 99
93332 99
93342 99
93353 99
93363 99
93372 99
93383 99
93393 100
93403 100
93413 100
93423 99
93433 100
93443 100
93453 96
93464 95
93473 98
93485 95
93494 97
93506 96
93514 96
93526 98
93536 99
93546 99
93556 98
93566 99
93576 99
93586 98
93596 98
93606 99
93616 98
93626 97
93636 97
93646 98
93656 99
93666 99
93677 99
93686 99
93697 99
93706 99
93716 98
93726 98
93737 98
93747 99
93757 99
93767 98
93777 99
93787 99
93798 97
93807 98
93817 98
93828 97
93837 97
93847 98
93857 96
93868 97
93878 97
93888 97
93899 96
93908 97
93919 97
93929 97
93938 96
93949 97
93959 98
93969 98
93980 96
93989 98
94000 98
94010 98
94020 99
94030 99
94040 98
94050 99
94060 99
94070 100
94080 99
94090 98
94100 99
94110 100
94121 97
94130 99
94141 97
94151 98
94161 97
94171 98
94181 97
94191 97
94200 97
94211 97
94221 98
94232 98
94242 98
94253 98
94263 98
94273 98
94283 98
94293 98
94303 97
94313 98
94324 98
94333 97
94344 97
94354 98
94364 99
94374 99
94383 98
94394 98
94404 99
94414 98
94424 98
94434 99
94445 98
94455 97
94465 98
94474 99
94485 99
94495 97
94505 99
94515 99
94525 99
94535 98
94545 99
94555 95
94565 99
94575 98
94585 97
94596 97
94605 97
94616 96
94627 97
94636 97
94646 97
94657 97
94667 97
94677 98
94687 98
94698 98
94707 98
94717 97
94728 98
94738 99
94747 97
94758 98
94768 98
94778 100
94788 100
94799 98
94809 97
94819 99
94829 98
94839 98
94849 97
94859 98
94869 98
94879 98
94890 98
94899 98
94910 97
94920 98
94931 98
94941 98
94950 98
94961 100
94971 99
94981 98
94991 100
95001 99
95011 98
95021 99
95031 100
95041 100
95051 99
95061 98
95071 97
95082 98
95091 100
95101 98
95112 99
95122 98
95132 99
95142 99
95152 98
95162 98
95172 99
95182 98
95193 97
95203 97
95214 97
95223 96
95234 96
95243 97
95254 97
95264 96
95274 97
95284 98
95294 97
95304 98
95314 98
95325 98
95334 97
95345 99
95355 99
95365 99
95375 98
95386 99
95395 99
95405 99
95416 99
95426 98
95436 99
95446 99
95457 99
95467 99
95477 99
95486 99
95497 97
95507 99
95517 99
95527 98
95538 97
95547 99
95558 99
95567 99
95577 99
95588 99
95598 99
95608 99
95619 99
95629 98
95638 99
95649 99
95658 98
95669 99
95679 99
95689 98
95699 99
95710 99
95720 99
95730 99
95740 99
95750 98
95760 99
95770 99
95780 99
95790 99
95800 99
95810 97
95820 99
95830 98
95841 98
95851 98
95861 99
95871 99
95881 99
95891 98
95901 98
95911 99
95921 98
95932 98
95942 97
95952 99
95963 98
95972 97
95983 98
95993 98
96003 98
96012 98
96023 99
96033 97
96043 99
96053 99
96063 99
96073 98
96083 99
96093 99
96104 98
96114 98
96124 98
96134 99
96144 96
96154 97
96164 98
96174 97
96185 96
96195 97
96205 97
96215 98
96225 98
96235 97
96245 98
96256 96
96265 97
96276 96
96286 96
96296 96
96305 97
96316 96
96326 96
96337 96
96346 97
96356 94
96366 97
96376 96
96388 96
96398 97
96408 96
96418 97
96428 98
96438 98
96448 98
96458 98
96468 98
96478 98
96488 97
96498 98
96508 98
96518 96
96528 98
96538 98
96549 98
96559 97
96570 98
96579 98
96590 98
96599 98
96609 98
96619 98
96629 98
96639 98
96649 98
96660 98
96670 98
96680 98
96690 98
96700 98
96710 98
96720 97
96730 97
96740 97
96750 97
96760 96
96771 98
96780 98
96790 98
96800 97
96810 98
96820 98
96831 98
96841 98
96851 98
96861 96
96871 98
96881 97
96890 98
96901 97
96911 97
96921 96
96933 96
96943 97
96953 97
96963 97
96971 97
96981 98
96993 97
97002 96
97013 97
97023 97
97033 96
97043 97
97053 97
97063 97
97073 97
97083 96
97094 97
97103 97
97114 97
97124 97
97133 97
97143 97
97154 98
97163 97
97174 97
97184 97
97194 98
97204 98
97214 98
97224 97
97234 97
97244 98
97254 99
97264 98
97274 99
97284 98
97294 99
97305 98
97315 97
97325 100
97335 100
97345 99
97355 98
97365 100
97375 100
97385 100
97395 98
97406 99
97415 99
97425 100
97436 98
97445 100
97455 100
97466 99
97476 99
97485 100
97496 98
97506 99
97516 97
97527 98
97536 99
97546 98
97556 99
97568 99
97578 99
97588 99
97598 99
97608 99
97618 99
97628 98
97638 98
97648 99
97659 99
97668 99
97680 98
97689 99
97700 98
97710 99
97720 99
97730 99
97740 99
97750 99
97760 96
97770 98
97780 97
97790 99
97800 99
97810 99
97820 97
97830 98
97840 96
97850 97
97860 97
97870 99
97880 98
97890 98
97901 97
97910 98
97920 96
97930 97
97940 96
97952 97
97962 97
97970 98
97982 97
97992 97
98002 97
98012 97
98022 96
98030 97
98042 97
98052 97
98062 97
98072 97
98082 97
98092 97
98102 97
98112 96
98122 97
98132 97
98142 97
98152 97
98162 97
98173 96
98182 97
98193 97
98203 98
98213 97
98223 98
98233 98
98243 96
98253 97
98263 97
98273 97
98283 98
98293 98
98303 98
98313 96
98323 98
98333 96
98344 96
98354 96
98364 96
98373 96
98385 95
98396 98
98406 98
98416 97
98426 99
98436 98
98446 99
98456 99
98466 98
98476 99
98486 99
98496 98
98506 99
98516 98
98526 99
98536 97
98546 98
98556 99
98566 99
98577 97
98586 98
98597 99
98607 99
98616 98
98627 97
98637 97
98647 98
98658 97
98667 99
98677 99
98688 97
98697 99
98707 96
98718 95
98728 97
98738 97
98750 95
98758 97
98768 96
98779 96
98788 96
98798 96
98808 97
98819 96
98829 96
98838 97
98850 97
98860 98
98870 98
98880 97
98890 98
98900 97
98910 96
98920 98
98930 99
98940 98
98950 98
98960 99
98970 97
98981 98
98990 98
99000 98
99011 98
99022 97
99030 98
99042 98
99052 98
99062 97
99072 98
99082 98
99092 98
99102 98
99112 98
99122 97
99132 98
99142 98
99153 97
99163 97
99173 98
99183 99
99193 100
99204 99
99214 100
99224 99
99234 99
99244 100
99253 100
99264 100
99274 100
99284 100
99294 99
99304 99
99314 98
99324 99
99334 98
99345 99
99354 99
99365 99
99375 98
99385 98
99395 99
99405 97
99415 93
99425 99
99435 99
99445 97
99455 99
99465 97
99477 97
99487 96
99497 98
99507 98
99518 99
99527 97
99538 97
99547 97
99558 99
99568 98
99577 98
99588 99
99598 97
99608 99
99618 98
99628 98
99638 98
99648 97
99658 97
99668 98
99679 98
99689 98
99698 98
99710 97
99719 98
99730 98
99740 98
99749 98
99760 98
99770 97
99780 96
99790 97
99800 98
99811 97
99821 97
99831 97
99841 98
99850 98
99861 98
99871 98
99881 97
99891 97
99901 98
99911 97
99923 97
99931 98
99941 99
99953 97
99962 98
99972 98
99982 98
99993 98
