1 0 0 0 0
2 0 0 0 0
3 0 0 0 0
4 3 3 0.003 0.003
5 12 12 0.012 0.012
6 52 52 0.052 0.052
7 166 166 0.166 0.166
8 395 395 0.395 0.395
9 731 731 0.731 0.731
10 925 925 0.925 0.925
11 980 980 0.98 0.98
12 991 991 0.991 0.991
13 995 995 0.995 0.995
14 995 995 0.995 0.995
15 997 997 0.997 0.997
16 999 999 0.999 0.999
17 999 999 0.999 0.999
18 999 999 0.999 0.999
19 999 999 0.999 0.999
20 999 999 0.999 0.999
21 999 999 0.999 0.999
22 999 999 0.999 0.999
23 999 999 0.999 0.999
24 999 999 0.999 0.999
25 999 999 0.999 0.999
26 999 999 0.999 0.999
