16 999
19 999
22 999
25 999
9261 1416103632
9265 1416103776
9268 32767
9273 1416103632
9276 32767
9281 1416103824
9287 1416104540
9296 1072660257
9299 1
9305 1416103824
9309 1416104424
9315 1416104360
9319 1416106028
9320 32767
9327 1416106028
9333 1416104488
9339 1416104456
9343 1416106027
9353 1416104992
9357 1416105376
9362 524288
9365 1
9369 1416106028
9370 32767
9381 1416105464
9386 8
9389 1
9393 1416106027
9394 32767
9402 1
9415 1416104324
9423 2026584188
9429 2026584184
9433 2026584160
9439 2026587512
9445 1416104352
9449 2061214480
9456 32660
9461 1416104464
9464 32767
9467 100
9475 1416104392
9489 1416104976
9495 1416104472
9501 1416108536
9507 190360774
9519 1663438600
9523 1663447024
9531 1663266954
9535 1663438600
9539 1663443752
9547 1663266954
9551 1663447024
9555 1663447024
9557 1663410352
9563 1663438600
9571 1663438600
9579 1416105024
9583 1663292003
9589 2026584160
9593 190385176
9599 1663438600
9603 1663298073
9609 1663365808
9615 1663438600
9621 1663410352
9625 190384905
9629 1663447024
9637 1940
9643 1663212965
9649 1416105440
9653 2026587512
9659 2026587512
9671 1663438600
9675 1663443600
9683 1663266954
9687 1663443600
9691 1663443600
9703 1663438600
9707 1663443600
9711 190383872
9723 1663438600
9727 1663443600
9735 1663266954
9739 1663443600
9743 1663443600
9745 1663410352
9751 1663438600
9759 1663438600
9767 1416105776
9771 1663292003
9777 1663365808
9781 190385176
9787 1663438600
9791 1663298073
9801 1416105792
9805 1416105936
9808 32767
9813 1416105792
9816 32767
9821 1416105984
9827 1416106700
9831 1663212965
9836 1079235015
9841 1416108944
9845 1416105984
9849 1416106584
9855 1416106520
9859 1416108188
9860 32767
9867 1416108188
9873 1416106096
9877 1416106664
9883 1416106632
9887 1416108203
9897 1416107168
9901 1416106208
9905 1416106224
9909 1416106792
9915 1416106760
9919 1416108331
9929 1416107296
9932 32767
9937 1416108203
9938 32767
9946 1
9953 1416107752
9957 1416107768
9961 1
9965 1
9969 1416108331
9970 32767
9978 1
9979 1
9987 3
9993 1416108328
