4 990
9293 1416103632
9297 1416103776
9300 32767
9305 1416103632
9308 32767
9313 1416103824
9319 1416104540
9328 1072660257
9331 1
9337 1416103824
9341 1416104424
9347 1416104360
9351 1416106028
9352 32767
9359 1416106028
9365 1416104488
9371 1416104456
9375 1416106027
9385 1416104992
9389 1416105376
9394 524288
9397 1
9401 1416106028
9402 32767
9413 1416105464
9418 8
9421 1
9425 1416106027
9426 32767
9434 1
9447 1416104324
9455 2026584188
9461 2026584184
9465 2026584160
9471 2026587512
9477 1416104352
9481 2061214480
9488 32660
9493 1416104464
9496 32767
9499 100
9507 1416104392
9521 1416104976
9527 1416104472
9533 1416108536
9539 190360774
9551 1663438600
9555 1663447024
9563 1663266954
9567 1663438600
9571 1663443752
9579 1663266954
9583 1663447024
9587 1663447024
9589 1663410352
9595 1663438600
9603 1663438600
9611 1416105024
9615 1663292003
9621 2026584160
9625 190385176
9631 1663438600
9635 1663298073
9641 1663365808
9647 1663438600
9653 1663410352
9657 190384905
9661 1663447024
9669 1940
9675 1663212965
9681 1416105440
9685 2026587512
9691 2026587512
9703 1663438600
9707 1663443600
9715 1663266954
9719 1663443600
9723 1663443600
9735 1663438600
9739 1663443600
9743 190383872
9755 1663438600
9759 1663443600
9767 1663266954
9771 1663443600
9775 1663443600
9777 1663410352
9783 1663438600
9791 1663438600
9799 1416105776
9803 1663292003
9809 1663365808
9813 190385176
9819 1663438600
9823 1663298073
9829 1663365808
9835 1663438600
9841 1663410352
9845 190384494
9849 1663443600
9857 1529
9863 1663212965
9869 1416106192
9873 1416108944
9875 190367320
9885 1416108944
9889 1769234802
9901 1416106080
9905 1416106096
9909 1416106664
9915 1416106632
9919 1416108203
9929 1416107168
9932 32767
9939 1416108944
9953 1416107624
9957 1416107640
9961 1
9965 1
9969 1416108203
9970 32767
9978 1
9979 1
9987 3
9993 1416108200
