1 428 461 0 0 0.428
2 463 474 0 0 0.463
3 429 436 0 0 0.429
4 382 377 0 0 0.382
5 319 313 0 0 0.319
6 295 271 0 0 0.295
7 309 290 0 0 0.309
8 323 291 0 0 0.323
9 304 273 0 0 0.304
10 249 227 0 0 0.249
11 188 173 0 0 0.188
12 127 110 0 0 0.127
13 69 62 0 0 0.069
14 35 39 0 0 0.035
15 16 26 0 0 0.016
16 6 11 0 0 0.006
17 2 6 0 0 0.002
18 0 4 0 0 0
19 0 1 0 0 0
20 0 0 0 0 0
21 0 0 0 0 0
22 0 0 0 0 0
23 0 0 0 0 0
24 0 0 0 0 0
25 0 0 0 0 0
26 0 0 0 0 0
27 0 0 0 0 0
28 0 0 0 0 0
29 0 0 0 0 0
30 0 0 0 0 0
