1 20 27 0 0 0.02
2 36 55 1 0.001 0.036
3 86 113 3 0.003 0.086
4 173 207 8 0.008 0.173
5 301 332 22 0.022 0.301
6 420 453 57 0.057 0.42
7 504 527 99 0.099 0.504
8 575 603 195 0.195 0.575
9 647 674 323 0.323 0.647
10 724 738 462 0.462 0.724
11 801 808 609 0.609 0.801
12 869 876 745 0.745 0.869
13 928 924 852 0.852 0.928
14 962 949 911 0.911 0.962
15 981 965 946 0.946 0.981
16 991 980 971 0.971 0.991
17 995 985 980 0.98 0.995
18 997 987 984 0.984 0.997
19 997 990 987 0.987 0.997
20 997 991 988 0.988 0.997
21 997 991 988 0.988 0.997
22 997 991 988 0.988 0.997
23 997 991 988 0.988 0.997
24 997 991 988 0.988 0.997
25 997 991 988 0.988 0.997
26 997 991 988 0.988 0.997
27 997 991 988 0.988 0.997
28 997 991 988 0.988 0.997
29 997 991 988 0.988 0.997
30 997 991 988 0.988 0.997
