1 2001 141 174 0.157421
2 3027 50 40 0.0297324
3 3241 21 19 0.0123419
4 2894 42 42 0.0290256
5 2726 64 65 0.0473221
6 2233 96 81 0.0792656
7 1937 98 94 0.0991224
8 2117 85 77 0.0765234
9 2117 53 54 0.0505432
10 1967 22 18 0.0203355
11 1645 16 16 0.0194529
12 1211 7 5 0.00990917
13 794 1 0 0.00125945
14 482 0 2 0.00414938
15 244 0 3 0.0122951
16 139 0 0 0
17 54 0 0 0
18 28 0 0 0
19 14 0 0 0
20 2 0 0 0
21 0 0 0 0
22 0 0 0 0
23 0 0 0 0
24 0 0 0 0
25 0 0 0 0
26 0 0 0 0
27 0 0 0 0
28 0 0 0 0
29 0 0 0 0
30 0 0 0 0
