8 323
9293 1523430944
9297 1523431088
9300 32767
9305 1523430944
9309 432392042
9313 1523431136
9319 1523431852
9328 1069880312
9331 1
9337 1523431136
9341 1523431736
9347 1523431672
9351 1523433340
9352 32767
9359 1523433340
9365 1523431800
9371 1523431768
9375 1523433339
9385 1523432304
9389 1523432688
9394 524288
9397 1
9401 1523433340
9402 32767
9413 1523432776
9418 8
9421 1
9425 1523433339
9426 32767
9434 1
9447 1523431636
9455 2026584188
9461 2026584184
9465 2026584160
9471 2026587512
9477 1523431664
9481 2061214480
9487 444620900
9493 1523431776
9496 32767
9499 100
9503 444620800
9507 1523431704
9521 1523432288
9527 1523431784
9533 1523435848
9537 432392042
9551 1697689352
9555 1697697776
9563 1697517706
9567 1697689352
9571 1697694504
9579 1697517706
9583 1697697776
9587 1697697776
9589 1697661104
9595 1697689352
9603 1697689352
9611 1523432336
9615 1697542755
9621 2026584160
9625 83057688
9631 1697689352
9635 1697548825
9641 1697616560
9647 1697689352
9653 1697661104
9657 83057417
9661 1697697776
9669 1940
9675 1697463717
9681 1523432752
9685 2026587512
9691 2026587512
9703 1697689352
9707 1697694352
9715 1697517706
9719 1697694352
9723 1697694352
9735 1697689352
9739 1697694352
9743 83056384
9755 1697689352
9759 1697694352
9767 1697517706
9771 1697694352
9775 1697694352
9777 1697661104
9783 1697689352
9791 1697689352
9799 1523433088
9803 1697542755
9809 1697616560
9813 83057688
9819 1697689352
9823 1697548825
9829 1697616560
9835 1697689352
9841 1697661104
9845 83057006
9849 1697694352
9857 1529
9863 1697463717
9869 1523433504
9873 1523436256
9875 83039832
9885 1523436256
9889 1769234802
9901 1523433392
9905 1523433408
9909 1523433976
9915 1523433944
9919 1523435515
9929 1523434480
9932 32767
9939 1523436256
9953 1523434936
9957 1523434952
9961 1
9965 1
9969 1523435515
9970 32767
9978 1
9979 1
9987 4
9993 1523435512
