18 997
21 997
24 997
27 997
30 997
9261 1523430944
9265 1523431088
9268 32767
9273 1523430944
9277 432392042
9281 1523431136
9287 1523431852
9296 1069880312
9299 1
9305 1523431136
9309 1523431736
9315 1523431672
9319 1523433340
9320 32767
9327 1523433340
9333 1523431800
9339 1523431768
9343 1523433339
9353 1523432304
9357 1523432688
9362 524288
9365 1
9369 1523433340
9370 32767
9381 1523432776
9386 8
9389 1
9393 1523433339
9394 32767
9402 1
9415 1523431636
9423 2026584188
9429 2026584184
9433 2026584160
9439 2026587512
9445 1523431664
9449 2061214480
9455 444620900
9461 1523431776
9464 32767
9467 100
9471 444620800
9475 1523431704
9489 1523432288
9495 1523431784
9501 1523435848
9505 432392042
9519 1697689352
9523 1697697776
9531 1697517706
9535 1697689352
9539 1697694504
9547 1697517706
9551 1697697776
9555 1697697776
9557 1697661104
9563 1697689352
9571 1697689352
9579 1523432336
9583 1697542755
9589 2026584160
9593 83057688
9599 1697689352
9603 1697548825
9609 1697616560
9615 1697689352
9621 1697661104
9625 83057417
9629 1697697776
9637 1940
9643 1697463717
9649 1523432752
9653 2026587512
9659 2026587512
9671 1697689352
9675 1697694352
9683 1697517706
9687 1697694352
9691 1697694352
9703 1697689352
9707 1697694352
9711 83056384
9723 1697689352
9727 1697694352
9735 1697517706
9739 1697694352
9743 1697694352
9745 1697661104
9751 1697689352
9759 1697689352
9767 1523433088
9771 1697542755
9777 1697616560
9781 83057688
9787 1697689352
9791 1697548825
9801 1523433104
9805 1523433248
9808 32767
9813 1523433104
9816 32767
9821 1523433296
9827 1523434012
9831 1697463717
9836 1079224271
9841 1523436256
9845 1523433296
9849 1523433896
9855 1523433832
9859 1523435500
9860 32767
9867 1523435500
9873 1523433408
9877 1523433976
9883 1523433944
9887 1523435515
9897 1523434480
9901 1523433520
9905 1523433536
9909 1523434104
9915 1523434072
9919 1523435643
9929 1523434608
9932 32767
9937 1523435515
9938 32767
9946 1
9953 1523435064
9957 1523435080
9961 1
9965 1
9969 1523435643
9970 32767
9978 1
9979 1
9987 4
9993 1523435640
