9811 14
9813 4
9819 12
9831 14
9833 4
9839 12
9851 14
9853 4
9859 12
9871 14
9873 4
9879 12
9891 14
9893 4
9899 12
9911 14
9913 4
9919 12
9931 14
9933 4
9939 12
9951 14
9953 4
9959 12
9971 14
9973 4
9979 12
9991 14
9993 4
9999 12
10011 14
10013 4
10019 12
10031 14
10033 4
10039 12
10051 14
10053 4
10059 12
10071 14
10073 4
10079 12
10091 14
10093 4
10099 12
10111 14
10113 4
10119 12
10131 14
10133 4
10139 12
10151 14
10153 4
10159 12
10171 14
10173 4
10179 12
10191 14
10193 4
10199 12
10211 14
10213 4
10219 12
10231 14
10233 4
10239 12
10251 14
10253 4
10259 12
10271 14
10273 4
10279 12
10291 14
10293 4
10299 12
10311 14
10313 4
10319 12
10331 14
10333 4
10339 12
10351 14
10353 4
10359 12
10371 14
10373 4
10379 12
10391 14
10393 4
10399 12
10411 14
10413 4
10419 12
10431 14
10433 4
10439 12
10451 14
10453 4
10459 12
10471 14
10473 4
10479 12
10491 14
10493 4
10499 12
10511 14
10513 4
10519 12
10531 14
10533 4
10539 12
10551 14
10553 4
10559 12
10571 14
10573 4
10579 12
10591 14
10593 4
10599 12
10611 14
10613 4
10619 12
10631 14
10633 4
10639 12
10651 14
10653 4
10659 12
10671 14
10673 4
10679 12
10691 14
10693 4
10699 12
10711 14
10713 4
10719 12
10731 14
10733 4
10739 12
10751 14
10753 4
10759 12
10771 14
10773 4
10779 12
10791 14
10793 4
10799 12
10811 14
10813 4
10819 12
10831 14
10833 4
10839 12
10851 14
10853 4
10859 12
10871 14
10873 4
10879 12
10891 14
10893 4
10899 12
10911 14
10913 4
10919 12
10931 14
10933 4
10939 12
10951 14
10953 4
10959 12
10971 14
10973 4
10979 12
10991 14
10993 4
10999 12
11011 14
11013 4
11019 12
11031 14
11033 4
11039 12
11051 14
11053 4
11059 12
11071 14
11073 4
11079 12
11091 14
11093 4
11099 12
11111 14
11113 4
11119 12
11131 14
11133 4
11139 12
11151 14
11153 4
11159 12
11171 14
11173 4
11179 12
11191 14
11193 4
11199 12
11211 14
11213 4
11219 12
11231 14
11233 4
11239 12
11251 14
11253 4
11259 12
11271 14
11273 4
11279 12
11291 14
11293 4
11299 12
11311 14
11313 4
11319 12
11331 14
11333 4
11339 12
11351 14
11353 4
11359 12
11371 14
11373 4
11379 12
11391 14
11393 4
11399 12
11411 14
11413 4
11419 12
11431 14
11433 4
11439 12
11451 14
11453 4
11459 12
11471 14
11473 4
11479 12
11491 14
11493 4
11499 12
11511 14
11513 4
11519 12
11531 14
11533 4
11539 12
11551 14
11553 4
11559 12
11571 14
11573 4
11579 12
11591 14
11593 4
11599 12
11611 14
11613 4
11619 12
11631 14
11633 4
11639 12
11651 14
11653 4
11659 12
11671 14
11673 4
11679 12
11691 14
11693 4
11699 12
11711 14
11713 4
11719 12
11731 14
11733 4
11739 12
11751 14
11753 4
11759 12
11771 14
11773 4
11779 12
11791 14
11793 4
11799 12
11811 14
11813 4
11819 12
11831 14
11833 4
11839 12
11851 14
11853 4
11859 12
11871 14
11873 4
11879 12
11891 14
11893 4
11899 12
11911 14
11913 4
11919 12
11931 14
11933 4
11939 12
11951 14
11953 4
11959 12
11971 14
11973 4
11979 12
11991 14
11993 4
11999 12
12011 14
12013 4
12019 12
12031 14
12033 4
12039 12
12051 14
12053 4
12059 12
12071 14
12073 4
12079 12
12091 14
12093 4
12099 12
12111 14
12113 4
12119 12
12131 14
12133 4
12139 12
12151 14
12153 4
12159 12
12171 14
12173 4
12179 12
12191 14
12193 4
12199 12
12211 14
12213 4
12219 12
12231 14
12233 4
12239 12
12251 14
12253 4
12259 12
12271 14
12273 4
12279 12
12291 14
12293 4
12299 12
12311 14
12313 4
12319 12
12331 14
12333 4
12339 12
12351 14
12353 4
12359 12
12371 14
12373 4
12379 12
12391 14
12393 4
12399 12
12411 14
12413 4
12419 12
12431 14
12433 4
12439 12
12451 14
12453 4
12459 12
12471 14
12473 4
12479 12
12491 14
12493 4
12499 12
12511 14
12513 4
12519 12
12531 14
12533 4
12539 12
12551 14
12553 4
12559 12
12571 14
12573 4
12579 12
12591 14
12593 4
12599 12
12611 14
12613 4
12619 12
12631 14
12633 4
12639 12
12651 14
12653 4
12659 12
12671 14
12673 4
12679 12
12691 14
12693 4
12699 12
12711 14
12713 4
12719 12
12731 14
12733 4
12739 12
12751 14
12753 4
12759 12
12771 14
12773 4
12779 12
12791 14
12793 4
12799 12
12811 14
12813 4
12819 12
12831 14
12833 4
12839 12
12851 14
12853 4
12859 12
12871 14
12873 4
12879 12
12891 14
12893 4
12899 12
12911 14
12913 4
12919 12
12931 14
12933 4
12939 12
12951 14
12953 4
12959 12
12971 14
12973 4
12979 12
12991 14
12993 4
12999 12
13011 14
13013 4
13019 12
13031 14
13033 4
13039 12
13051 14
13053 4
13059 12
13071 14
13073 4
13079 12
13091 14
13093 4
13099 12
13111 14
13113 4
13119 12
13131 14
13133 4
13139 12
13151 14
13153 4
13159 12
13171 14
13173 4
13179 12
13191 14
13193 4
13199 12
13211 14
13213 4
13219 12
13231 14
13233 4
13239 12
13251 14
13253 4
13259 12
13271 14
13273 4
13279 12
13291 14
13293 4
13299 12
13311 14
13313 4
13319 12
13331 14
13333 4
13339 12
13351 14
13353 4
13359 12
13371 14
13373 4
13379 12
13391 14
13393 4
13399 12
13411 14
13413 4
13419 12
13431 14
13433 4
13439 12
13451 14
13453 4
13459 12
13471 14
13473 4
13479 12
13491 14
13493 4
13499 12
13511 14
13513 4
13519 12
13531 14
13533 4
13539 12
13551 14
13553 4
13559 12
13571 14
13573 4
13579 12
13591 14
13593 4
13599 12
13611 14
13613 4
13619 12
13631 14
13633 4
13639 12
13651 14
13653 4
13659 12
13671 14
13673 4
13679 12
13691 14
13693 4
13699 12
13711 14
13713 4
13719 12
13731 14
13733 4
13739 12
13751 14
13753 4
13759 12
13771 14
13773 4
13779 12
13791 14
13793 4
13799 12
13811 14
13813 4
13819 12
13831 14
13833 4
13839 12
13851 14
13853 4
13859 12
13871 14
13873 4
13879 12
13891 14
13893 4
13899 12
13911 14
13913 4
13919 12
13931 14
13933 4
13939 12
13951 14
13953 4
13959 12
13971 14
13973 4
13979 12
13991 14
13993 4
13999 12
14011 14
14013 4
14019 12
14031 14
14033 4
14039 12
14051 14
14053 4
14059 12
14071 14
14073 4
14079 12
14091 14
14093 4
14099 12
14111 14
14113 4
14119 12
14131 14
14133 4
14139 12
14151 14
14153 4
14159 12
14171 14
14173 4
14179 12
14191 14
14193 4
14199 12
14211 14
14213 4
14219 12
14231 14
14233 4
14239 12
14251 14
14253 4
14259 12
14271 14
14273 4
14279 12
14291 14
14293 4
14299 12
14311 14
14313 4
14319 12
14331 14
14333 4
14339 12
14351 14
14353 4
14359 12
14371 14
14373 4
14379 12
14391 14
14393 4
14399 12
14411 14
14413 4
14419 12
14431 14
14433 4
14439 12
14451 14
14453 4
14459 12
14471 14
14473 4
14479 12
14491 14
14493 4
14499 12
14511 14
14513 4
14519 12
14531 14
14533 4
14539 12
14551 14
14553 4
14559 12
14571 14
14573 4
14579 12
14591 14
14593 4
14599 12
14611 14
14613 4
14619 12
14631 14
14633 4
14639 12
14651 14
14653 4
14659 12
14671 14
14673 4
14679 12
14691 14
14693 4
14699 12
14711 14
14713 4
14719 12
14731 14
14733 4
14739 12
14751 14
14753 4
14759 12
14771 14
14773 4
14779 12
14791 14
14793 4
14799 12
14811 14
14813 4
14819 12
14831 14
14833 4
14839 12
14851 14
14853 4
14859 12
14871 14
14873 4
14879 12
14891 14
14893 4
14899 12
14911 14
14913 4
14919 12
14931 14
14933 4
14939 12
14951 14
14953 4
14959 12
14971 14
14973 4
14979 12
14991 14
14993 4
14999 12
15011 14
15013 4
15019 12
15031 14
15033 4
15039 12
15051 14
15053 4
15059 12
15071 14
15073 4
15079 12
15091 14
15093 4
15099 12
15111 14
15113 4
15119 12
15131 14
15133 4
15139 12
15151 14
15153 4
15159 12
15171 14
15173 4
15179 12
15191 14
15193 4
15199 12
15211 14
15213 4
15219 12
15231 14
15233 4
15239 12
15251 14
15253 4
15259 12
15271 14
15273 4
15279 12
15291 14
15293 4
15299 12
15311 14
15313 4
15319 12
15331 14
15333 4
15339 12
15351 14
15353 4
15359 12
15371 14
15373 4
15379 12
15391 14
15393 4
15399 12
15411 14
15413 4
15419 12
15431 14
15433 4
15439 12
15451 14
15453 4
15459 12
15471 14
15473 4
15479 12
15491 14
15493 4
15499 12
15511 14
15513 4
15519 12
15531 14
15533 4
15539 12
15551 14
15553 4
15559 12
15571 14
15573 4
15579 12
15591 14
15593 4
15599 12
15611 14
15613 4
15619 12
15631 14
15633 4
15639 12
15651 14
15653 4
15659 12
15671 14
15673 4
15679 12
15691 14
15693 4
15699 12
15711 14
15713 4
15719 12
15731 14
15733 4
15739 12
15751 14
15753 4
15759 12
15771 14
15773 4
15779 12
15791 14
15793 4
15799 12
15811 14
15813 4
15819 12
15831 14
15833 4
15839 12
15851 14
15853 4
15859 12
15871 14
15873 4
15879 12
15891 14
15893 4
15899 12
15911 14
15913 4
15919 12
15931 14
15933 4
15939 12
15951 14
15953 4
15959 12
15971 14
15973 4
15979 12
15991 14
15993 4
15999 12
16011 14
16013 4
16019 12
16031 14
16033 4
16039 12
16051 14
16053 4
16059 12
16071 14
16073 4
16079 12
16091 14
16093 4
16099 12
16111 14
16113 4
16119 12
16131 14
16133 4
16139 12
16151 14
16153 4
16159 12
16171 14
16173 4
16179 12
16191 14
16193 4
16199 12
16211 14
16213 4
16219 12
16231 14
16233 4
16239 12
16251 14
16253 4
16259 12
16271 14
16273 4
16279 12
16291 14
16293 4
16299 12
16311 14
16313 4
16319 12
16331 14
16333 4
16339 12
16351 14
16353 4
16359 12
16371 14
16373 4
16379 12
16391 14
16393 4
16399 12
16411 14
16413 4
16419 12
16431 14
16433 4
16439 12
16451 14
16453 4
16459 12
16471 14
16473 4
16479 12
16491 14
16493 4
16499 12
16511 14
16513 4
16519 12
16531 14
16533 4
16539 12
16551 14
16553 4
16559 12
16571 14
16573 4
16579 12
16591 14
16593 4
16599 12
16611 14
16613 4
16619 12
16631 14
16633 4
16639 12
16651 14
16653 4
16659 12
16671 14
16673 4
16679 12
16691 14
16693 4
16699 12
16711 14
16713 4
16719 12
16731 14
16733 4
16739 12
16751 14
16753 4
16759 12
16771 14
16773 4
16779 12
16791 14
16793 4
16799 12
16811 14
16813 4
16819 12
16831 14
16833 4
16839 12
16851 14
16853 4
16859 12
16871 14
16873 4
16879 12
16891 14
16893 4
16899 12
16911 14
16913 4
16919 12
16931 14
16933 4
16939 12
16951 14
16953 4
16959 12
16971 14
16973 4
16979 12
16991 14
16993 4
16999 12
17011 14
17013 4
17019 12
17031 14
17033 4
17039 12
17051 14
17053 4
17059 12
17071 14
17073 4
17079 12
17091 14
17093 4
17099 12
17111 14
17113 4
17119 12
17131 14
17133 4
17139 12
17151 14
17153 4
17159 12
17171 14
17173 4
17179 12
17191 14
17193 4
17199 12
17211 14
17213 4
17219 12
17231 14
17233 4
17239 12
17251 14
17253 4
17259 12
17271 14
17273 4
17279 12
17291 14
17293 4
17299 12
17311 14
17313 4
17319 12
17331 14
17333 4
17339 12
17351 14
17353 4
17359 12
17371 14
17373 4
17379 12
17391 14
17393 4
17399 12
17411 14
17413 4
17419 12
17431 14
17433 4
17439 12
17451 14
17453 4
17459 12
17471 14
17473 4
17479 12
17491 14
17493 4
17499 12
17511 14
17513 4
17519 12
17531 14
17533 4
17539 12
17551 14
17553 4
17559 12
17571 14
17573 4
17579 12
17591 14
17593 4
17599 12
17611 14
17613 4
17619 12
17631 14
17633 4
17639 12
17651 14
17653 4
17659 12
17671 14
17673 4
17679 12
17691 14
17693 4
17699 12
17711 14
17713 4
17719 12
17731 14
17733 4
17739 12
17751 14
17753 4
17759 12
17771 14
17773 4
17779 12
17791 14
17793 4
17799 12
17811 14
17813 4
17819 12
17831 14
17833 4
17839 12
17851 14
17853 4
17859 12
17871 14
17873 4
17879 12
17891 14
17893 4
17899 12
17911 14
17913 4
17919 12
17931 14
17933 4
17939 12
17951 14
17953 4
17959 12
17971 14
17973 4
17979 12
17991 14
17993 4
17999 12
18011 14
18013 4
18019 12
18031 14
18033 4
18039 12
18051 14
18053 4
18059 12
18071 14
18073 4
18079 12
18091 14
18093 4
18099 12
18111 14
18113 4
18119 12
18131 14
18133 4
18139 12
18151 14
18153 4
18159 12
18171 14
18173 4
18179 12
18191 14
18193 4
18199 12
18211 14
18213 4
18219 12
18231 14
18233 4
18239 12
18251 14
18253 4
18259 12
18271 14
18273 4
18279 12
18291 14
18293 4
18299 12
18311 14
18313 4
18319 12
18331 14
18333 4
18339 12
18351 14
18353 4
18359 12
18371 14
18373 4
18379 12
18391 14
18393 4
18399 12
18411 14
18413 4
18419 12
18431 14
18433 4
18439 12
18451 14
18453 4
18459 12
18471 14
18473 4
18479 12
18491 14
18493 4
18499 12
18511 14
18513 4
18519 12
18531 14
18533 4
18539 12
18551 14
18553 4
18559 12
18571 14
18573 4
18579 12
18591 14
18593 4
18599 12
18611 14
18613 4
18619 12
18631 14
18633 4
18639 12
18651 14
18653 4
18659 12
18671 14
18673 4
18679 12
18691 14
18693 4
18699 12
18711 14
18713 4
18719 12
18731 14
18733 4
18739 12
18751 14
18753 4
18759 12
18771 14
18773 4
18779 12
18791 14
18793 4
18799 12
18811 14
18813 4
18819 12
18831 14
18833 4
18839 12
18851 14
18853 4
18859 12
18871 14
18873 4
18879 12
18891 14
18893 4
18899 12
18911 14
18913 4
18919 12
18931 14
18933 4
18939 12
18951 14
18953 4
18959 12
18971 14
18973 4
18979 12
18991 14
18993 4
18999 12
19011 14
19013 4
19019 12
19031 14
19033 4
19039 12
19051 14
19053 4
19059 12
19071 14
19073 4
19079 12
19091 14
19093 4
19099 12
19111 14
19113 4
19119 12
19131 14
19133 4
19139 12
19151 14
19153 4
19159 12
19171 14
19173 4
19179 12
19191 14
19193 4
19199 12
19211 14
19213 4
19219 12
19231 14
19233 4
19239 12
19251 14
19253 4
19259 12
19271 14
19273 4
19279 12
19291 14
19293 4
19299 12
19311 14
19313 4
19319 12
19331 14
19333 4
19339 12
19351 14
19353 4
19359 12
19371 14
19373 4
19379 12
19391 14
19393 4
19399 12
19411 14
19413 4
19419 12
19431 14
19433 4
19439 12
19451 14
19459 12
19471 14
19479 12
19491 14
19499 12
19511 14
19519 12
19531 14
19539 12
19551 14
19559 12
19571 14
19579 12
19591 14
19599 12
19611 14
19619 12
19631 14
19639 12
19651 14
19659 12
19671 14
19679 12
19691 14
19699 12
19711 14
19719 12
19731 14
19739 12
19751 14
19759 12
19771 14
19779 12
19791 14
19799 12
19811 14
19819 12
19831 14
19839 12
19851 14
19859 12
19871 14
19879 12
19891 14
19899 12
19911 14
19919 12
19931 14
19939 12
19951 14
19959 12
19971 14
19979 12
19991 14
19999 12
20011 14
20019 12
20031 14
20039 12
20051 14
20059 12
20071 14
20079 12
20091 14
20099 12
20111 14
20119 12
20131 14
20139 12
20151 14
20159 12
20171 14
20179 12
20191 14
20199 12
20211 14
20219 12
20231 14
20239 12
20251 14
20259 12
20271 14
20279 12
20291 14
20299 12
20311 14
20319 12
20331 14
20339 12
20351 14
20359 12
20371 14
20379 12
20391 14
20399 12
20411 14
20419 12
20431 14
20439 12
20451 14
20459 12
20471 14
20479 12
20491 14
20499 12
20511 14
20519 12
20531 14
20539 12
20551 14
20559 12
20571 14
20579 12
20591 14
20599 12
20611 14
20619 12
20631 14
20639 12
20651 14
20659 12
20671 14
20679 12
20691 14
20699 12
20711 14
20719 12
20731 14
20739 12
20751 14
20759 12
20771 14
20779 12
20791 14
20799 12
20811 14
20819 12
20831 14
20839 12
20851 14
20859 12
20871 14
20879 12
20891 14
20899 12
20911 14
20919 12
20931 14
20939 12
20951 14
20959 12
20971 14
20979 12
20991 14
20999 12
21011 14
21019 12
21031 14
21039 12
21051 14
21059 12
21071 14
21079 12
21091 14
21099 12
21111 14
21119 12
21131 14
21139 12
21151 14
21159 12
21171 14
21179 12
21191 14
21199 12
21211 14
21219 12
21231 14
21239 12
21251 14
21259 12
21271 14
21279 12
21291 14
21299 12
21311 14
21319 12
21331 14
21339 12
21351 14
21359 12
21371 14
21379 12
21391 14
21399 12
21411 14
21419 12
21431 14
21439 12
21451 14
21459 12
21471 14
21479 12
21491 14
21499 12
21511 14
21519 12
21531 14
21539 12
21551 14
21559 12
21571 14
21579 12
21591 14
21599 12
21611 14
21619 12
21631 14
21639 12
21651 14
21659 12
21671 14
21679 12
21691 14
21699 12
21711 14
21719 12
21731 14
21739 12
21751 14
21759 12
21771 14
21779 12
21791 14
21799 12
21811 14
21819 12
21831 14
21839 12
21851 14
21859 12
21871 14
21879 12
21891 14
21899 12
21911 14
21919 12
21931 14
21939 12
21951 14
21959 12
21971 14
21979 12
21991 14
21999 12
22011 14
22019 12
22031 14
22039 12
22051 14
22059 12
22071 14
22079 12
22091 14
22099 12
22111 14
22119 12
22131 14
22139 12
22151 14
22159 12
22171 14
22179 12
22191 14
22199 12
22211 14
22219 12
22231 14
22239 12
22251 14
22259 12
22271 14
22279 12
22291 14
22299 12
22311 14
22319 12
22331 14
22339 12
22351 14
22359 12
22371 14
22379 12
22391 14
22399 12
22411 14
22419 12
22431 14
22439 12
22451 14
22459 12
22471 14
22479 12
22491 14
22499 12
22511 14
22519 12
22531 14
22539 12
22551 14
22559 12
22571 14
22579 12
22591 14
22599 12
22611 14
22619 12
22631 14
22639 12
22651 14
22659 12
22671 14
22679 12
22691 14
22699 12
22711 14
22719 12
22731 14
22739 12
22751 14
22759 12
22771 14
22779 12
22791 14
22799 12
22811 14
22819 12
22831 14
22839 12
22851 14
22859 12
22871 14
22879 12
22891 14
22899 12
22911 14
22919 12
22931 14
22939 12
22951 14
22959 12
22971 14
22979 12
22991 14
22999 12
23011 14
23019 12
23031 14
23039 12
23051 14
23059 12
23071 14
23079 12
23091 14
23099 12
23111 14
23119 12
23131 14
23139 12
23151 14
23159 12
23171 14
23179 12
23191 14
23199 12
23211 14
23219 12
23231 14
23239 12
23251 14
23259 12
23271 14
23279 12
23291 14
23299 12
23311 14
23319 12
23331 14
23339 12
23351 14
23359 12
23371 14
23379 12
23391 14
23399 12
23411 14
23419 12
23431 14
23439 12
23451 14
23459 12
23471 14
23479 12
23491 14
23499 12
23511 14
23519 12
23531 14
23539 12
23551 14
23559 12
23571 14
23579 12
23591 14
23599 12
23611 14
23619 12
23631 15
23639 12
23651 15
23659 12
23671 15
23679 12
23691 15
23699 12
23711 15
23719 12
23731 15
23739 12
23751 15
23759 12
23771 15
23779 12
23791 15
23799 12
23811 15
23819 12
23831 15
23839 12
23851 15
23859 12
23871 15
23879 12
23891 15
23899 12
23911 15
23919 12
23931 15
23939 12
23951 15
23959 12
23971 15
23979 12
23991 15
23999 12
24011 15
24019 12
24031 15
24039 12
24051 15
24059 12
24071 15
24079 12
24091 15
24099 12
24111 15
24119 12
24131 15
24139 12
24151 15
24159 12
24171 15
24179 12
24191 15
24199 12
24211 15
24219 12
24231 15
24239 12
24251 15
24259 12
24271 15
24279 12
24291 15
24299 12
24311 15
24319 12
24331 15
24339 12
24351 15
24359 12
24371 15
24379 12
24391 15
24399 12
24411 15
24419 12
24431 15
24439 12
24451 15
24459 12
24471 15
24479 12
24491 15
24499 12
24511 15
24519 12
24531 15
24539 12
24551 15
24559 12
24571 15
24579 12
24591 15
24599 12
24611 15
24619 12
24631 15
24639 12
24651 15
24659 12
24671 15
24679 12
24691 15
24699 12
24711 15
24719 12
24731 15
24739 12
24751 15
24759 12
24771 15
24779 12
24791 15
24799 12
24811 15
24819 12
24831 15
24839 12
24851 15
24859 12
24871 15
24879 12
24891 15
24899 12
24911 15
24919 12
24931 15
24939 12
24951 15
24959 12
24971 15
24979 12
24991 15
24999 12
25011 15
25019 12
25031 15
25039 12
25051 15
25059 12
25071 15
25079 12
25091 15
25099 12
25111 15
25119 12
25131 15
25139 12
25151 15
25159 12
25171 15
25179 12
25191 15
25199 12
25211 15
25219 12
25231 15
25239 12
25251 15
25259 12
25271 15
25279 12
25291 15
25299 12
25311 15
25319 12
25331 15
25339 12
25351 15
25359 12
25371 15
25379 12
25391 15
25399 12
25411 15
25419 12
25431 15
25439 12
25451 15
25459 12
25471 15
25479 12
25491 15
25499 12
25511 15
25519 12
25531 15
25539 12
25551 15
25559 12
25571 15
25579 12
25591 15
25599 12
25611 15
25619 12
25631 15
25639 12
25651 15
25659 12
25671 15
25679 12
25691 15
25699 12
25711 15
25719 12
25731 15
25739 12
25751 15
25759 12
25771 15
25779 12
25791 15
25799 12
25811 15
25819 12
25831 15
25839 12
25851 15
25859 12
25871 15
25879 12
25891 15
25899 12
25911 15
25919 12
25931 15
25939 12
25951 15
25959 12
25971 15
25979 12
25991 15
25999 12
26011 15
26019 12
26031 15
26039 12
26051 15
26059 12
26071 15
26079 12
26091 15
26099 12
26111 15
26119 12
26131 15
26139 12
26151 15
26159 12
26171 15
26179 12
26191 15
26199 12
26211 15
26219 12
26231 15
26239 12
26251 15
26259 12
26271 15
26279 12
26291 15
26299 12
26311 15
26319 12
26331 15
26339 12
26351 15
26359 12
26371 15
26379 12
26391 15
26399 12
26411 15
26419 12
26431 15
26439 12
26451 15
26459 12
26471 15
26479 12
26491 15
26499 12
26511 15
26519 12
26531 15
26539 12
26551 15
26559 12
26571 15
26579 12
26591 15
26599 12
26611 15
26619 12
26631 15
26639 12
26651 15
26659 12
26671 15
26679 12
26691 15
26699 12
26711 15
26719 12
26731 15
26739 12
26751 15
26759 12
26771 15
26779 12
26791 15
26799 12
26811 15
26819 12
26831 15
26839 12
26851 15
26859 12
26871 15
26879 12
26891 15
26899 12
26911 15
26919 12
26931 15
26939 12
26951 15
26959 12
26971 15
26979 12
26991 15
26999 12
27011 15
27019 12
27031 15
27039 12
27051 15
27059 12
27071 15
27079 12
27091 15
27099 12
27111 15
27119 12
27131 15
27139 12
27151 15
27159 12
27171 15
27179 12
27191 15
27199 12
27211 15
27219 12
27231 15
27239 12
27251 15
27259 12
27271 15
27279 12
27291 15
27299 12
27311 15
27319 12
27331 15
27339 12
27351 15
27359 12
27371 15
27379 12
27391 15
27399 12
27411 15
27419 12
27431 15
27439 12
27451 15
27459 12
27471 15
27479 12
27491 15
27499 12
27511 15
27519 12
27531 15
27539 12
27551 15
27559 12
27571 15
27579 12
27591 15
27599 12
27611 15
27619 12
27631 15
27639 12
27651 15
27659 12
27671 15
27679 12
27691 15
27699 12
27711 15
27719 12
27731 15
27739 12
27751 15
27759 12
27771 15
27779 12
27791 15
27799 12
27811 15
27819 12
27831 15
27839 12
27851 15
27859 12
27871 15
27879 12
27891 15
27899 12
27911 15
27919 12
27931 15
27939 12
27951 15
27959 12
27971 15
27979 12
27991 15
27999 12
28011 15
28019 12
28031 15
28039 12
28051 15
28059 12
28071 15
28079 12
28091 15
28099 12
28111 15
28119 12
28131 15
28139 12
28151 15
28159 12
28171 15
28179 12
28191 15
28199 12
28211 15
28219 12
28231 15
28239 12
28251 15
28259 12
28271 15
28279 12
28291 15
28299 12
28311 15
28319 12
28331 15
28339 12
28351 15
28359 12
28371 15
28379 12
28391 15
28399 12
28411 15
28419 12
28431 15
28439 12
28451 15
28459 12
28471 15
28479 12
28491 15
28499 12
28511 15
28519 12
28531 15
28539 12
28551 15
28559 12
28571 15
28579 12
28591 15
28599 12
28611 15
28619 12
28631 15
28639 12
28651 15
28659 12
28671 15
28679 12
28691 15
28699 12
28711 15
28719 12
28731 15
28739 12
28751 15
28759 12
28771 15
28779 12
28791 15
28799 12
28811 15
28819 12
28831 15
28839 12
28851 15
28859 12
28871 15
28879 12
28891 15
28899 12
28911 15
28919 12
28931 15
28939 12
28951 15
28959 12
28971 15
28979 12
28991 15
28999 12
29011 15
29019 12
29031 15
29039 12
29051 15
29059 12
29071 15
29079 12
29091 15
29099 12
29111 15
29119 12
29131 15
29139 12
29151 15
29159 12
29171 15
29179 12
29191 15
29199 12
29211 15
29219 12
29231 15
29239 12
29251 15
29259 12
29271 15
29279 12
29291 15
29299 12
29311 15
29319 12
29331 15
29339 12
29351 15
29359 12
29371 15
29379 12
29391 15
29399 12
29411 15
29419 12
29431 15
29439 12
29451 15
29459 12
29471 15
29479 12
29491 15
29499 12
29511 15
29519 12
29531 15
29539 12
29551 15
29559 12
29571 15
29579 12
29591 15
29599 12
29611 15
29619 12
29631 15
29639 12
29651 15
29659 12
29671 15
29679 12
29691 15
29699 12
29711 15
29719 12
29731 15
29739 12
29751 15
29759 12
29771 15
29779 12
29791 15
29799 12
29811 15
29819 12
29831 15
29839 12
29851 15
29859 12
29871 15
29879 12
29891 15
29899 12
29911 15
29919 12
29931 15
29939 12
29951 15
29959 12
29971 15
29979 12
29991 15
29999 12
30011 15
30019 12
30031 15
30039 12
30051 15
30059 12
30071 15
30079 12
30091 15
30099 12
30111 15
30119 12
30131 15
30139 12
30151 15
30159 12
30171 15
30179 12
30191 15
30199 12
30211 15
30219 12
30231 15
30239 12
30251 15
30259 12
30271 15
30279 12
30291 15
30299 12
30311 15
30319 12
30331 15
30339 12
30351 15
30359 12
30371 15
30379 12
30391 15
30399 12
30411 15
30419 12
30431 15
30439 12
30451 15
30459 12
30471 15
30479 12
30491 15
30499 12
30511 15
30519 12
30531 15
30539 12
30551 15
30559 12
30571 15
30579 12
30591 15
30599 12
30611 15
30619 12
30631 15
30639 12
30651 15
30659 12
30671 15
30679 12
30691 15
30699 12
30711 15
30719 12
30731 15
30739 12
30751 15
30759 12
30771 15
30779 12
30791 15
30799 12
30811 15
30819 12
30831 15
30839 12
30851 15
30859 12
30871 15
30879 12
30891 15
30899 12
30911 15
30919 12
30931 15
30939 12
30951 15
30959 12
30971 15
30979 12
30991 15
30999 12
31011 15
31019 12
31031 15
31039 12
31051 15
31059 12
31071 15
31079 12
31091 15
31099 12
31111 15
31119 12
31131 15
31139 12
31151 15
31159 12
31171 15
31179 12
31191 15
31199 12
31211 15
31219 12
31231 15
31239 12
31251 15
31259 12
31271 15
31279 12
31291 15
31299 12
31311 15
31319 12
31331 15
31339 12
31351 15
31359 12
31371 15
31379 12
31391 15
31399 12
31411 15
31419 12
31431 15
31439 12
31451 15
31459 12
31471 15
31479 12
31491 15
31499 12
31511 15
31519 12
31531 15
31539 12
31551 15
31559 12
31571 15
31579 12
31591 15
31599 12
31611 15
31619 12
31631 15
31639 12
31651 15
31659 12
31671 15
31679 12
31691 15
31699 12
31711 15
31719 12
31731 15
31739 12
31751 15
31759 12
31771 15
31779 12
31791 15
31799 12
31811 15
31819 12
31831 15
31839 12
31851 15
31859 12
31871 15
31879 12
31891 15
31899 12
31911 15
31919 12
31931 15
31939 12
31951 15
31959 12
31971 15
31979 12
31991 15
31999 12
32011 15
32019 12
32031 15
32039 12
32051 15
32059 12
32071 15
32079 12
32091 15
32099 12
32111 15
32119 12
32131 15
32139 12
32151 15
32159 12
32171 15
32179 12
32191 15
32199 12
32211 15
32219 12
32231 15
32239 12
32251 15
32259 12
32271 15
32279 12
32291 15
32299 12
32311 15
32319 12
32331 15
32339 12
32351 15
32359 12
32371 15
32379 12
32391 15
32399 12
32411 15
32419 12
32431 15
32439 12
32451 15
32459 12
32471 15
32479 12
32491 15
32499 12
32511 15
32519 12
32531 15
32539 12
32551 15
32559 12
32571 15
32579 12
32591 15
32599 12
32611 15
32619 12
32631 15
32639 12
32651 15
32659 12
32671 15
32679 12
32691 15
32699 12
32711 15
32719 12
32731 15
32739 12
32751 15
32759 12
32771 15
32779 12
32791 15
32799 12
32811 15
32819 12
32831 15
32839 12
32851 15
32859 12
32871 15
32879 12
32891 15
32899 12
32911 15
32919 12
32931 15
32939 12
32951 15
32959 12
32971 15
32979 12
32991 15
32999 12
33011 15
33019 12
33031 15
33039 12
33051 15
33059 12
33071 15
33079 12
33091 15
33099 12
33111 15
33119 12
33131 15
33139 12
33151 15
33159 12
33171 15
33179 12
33191 15
33199 12
33211 15
33219 12
33231 15
33239 12
33251 15
33259 12
33271 15
33279 12
33291 15
33299 12
33311 15
33319 12
33331 15
33339 12
33351 15
33359 12
33371 15
33379 12
33391 15
33399 12
33411 15
33419 12
33431 15
33439 12
33451 15
33459 12
33471 15
33479 12
33491 15
33499 12
33511 15
33519 12
33531 15
33539 12
33551 15
33559 12
33571 15
33579 12
33591 15
33599 12
33611 15
33619 12
33631 15
33639 12
33651 15
33659 12
33671 15
33679 12
33691 15
33699 12
33711 15
33719 12
33731 15
33739 12
33751 15
33759 12
33771 15
33779 12
33791 15
33799 12
33811 15
33819 12
33831 15
33839 12
33851 15
33859 12
33871 15
33879 12
33891 15
33899 12
33911 15
33919 12
33931 15
33939 12
33951 15
33959 12
33971 15
33979 12
33991 15
33999 12
34011 15
34019 12
34031 15
34039 12
34051 15
34059 12
34071 15
34079 12
34091 15
34099 12
34111 15
34119 12
34131 15
34139 12
34151 15
34159 12
34171 15
34179 12
34191 15
34199 12
34211 15
34219 12
34231 15
34239 12
34251 15
34259 12
34271 15
34279 12
34291 15
34299 12
34311 15
34319 12
34331 15
34339 12
34351 15
34359 12
34371 15
34379 12
34391 15
34399 12
34411 15
34419 12
34431 15
34439 12
34451 15
34459 12
34471 15
34479 12
34491 15
34499 12
34511 15
34519 12
34531 15
34539 12
34551 15
34559 12
34571 15
34579 12
34591 15
34599 12
34611 15
34619 12
34631 15
34639 12
34651 15
34659 12
34671 15
34679 12
34691 15
34699 12
34711 15
34719 12
34731 15
34739 12
34751 15
34759 12
34771 15
34779 12
34791 15
34799 12
34811 15
34819 12
34831 15
34839 12
34851 15
34859 12
34871 15
34879 12
34891 15
34899 12
34911 15
34919 12
34931 15
34939 12
34951 15
34959 12
34971 15
34979 12
34991 15
34999 12
35011 15
35019 12
35031 15
35039 12
35051 15
35059 12
35071 15
35079 12
35091 15
35099 12
35111 15
35119 12
35131 15
35139 12
35151 15
35159 12
35171 15
35179 12
35191 15
35199 12
35211 15
35219 12
35231 15
35239 12
35251 15
35259 12
35271 15
35279 12
35291 15
35299 12
35311 15
35319 12
35331 15
35339 12
35351 15
35359 12
35371 15
35379 12
35391 15
35399 12
35411 15
35419 12
35431 15
35439 12
35451 15
35459 12
35471 15
35479 12
35491 15
35499 12
35511 15
35519 12
35531 15
35539 12
35551 15
35559 12
35571 15
35579 12
35591 15
35599 12
35611 15
35619 12
35631 15
35639 12
35651 15
35659 12
35671 15
35679 12
35691 15
35699 12
35711 15
35719 12
35731 15
35739 12
35751 15
35759 12
35771 15
35779 12
35791 15
35799 12
35811 15
35819 12
35831 15
35839 12
35851 15
35859 12
35871 15
35879 12
35891 15
35899 12
35911 15
35919 12
35931 15
35939 12
35951 15
35959 12
35971 15
35979 12
35991 15
35999 12
36011 15
36019 12
36031 15
36039 12
36051 15
36059 12
36071 15
36079 12
36091 15
36099 12
36111 15
36119 12
36131 15
36139 12
36151 15
36159 12
36171 15
36179 12
36191 15
36199 12
36211 15
36219 12
36231 15
36239 12
36251 15
36259 12
36271 15
36279 12
36291 15
36299 12
36311 15
36319 12
36331 15
36339 12
36351 15
36359 12
36371 15
36379 12
36391 15
36399 12
36411 15
36419 12
36431 15
36439 12
36451 15
36459 12
36471 15
36479 12
36491 15
36499 12
36511 15
36519 12
36531 15
36539 12
36551 15
36559 12
36571 15
36579 12
36591 15
36599 12
36611 15
36619 12
36631 15
36639 12
36651 15
36659 12
36671 15
36679 12
36691 15
36699 12
36711 15
36719 12
36731 15
36739 12
36751 15
36759 12
36771 15
36779 12
36791 15
36799 12
36811 15
36819 12
36831 15
36839 12
36851 15
36859 12
36871 15
36879 12
36891 15
36899 12
36911 15
36919 12
36931 15
36939 12
36951 15
36959 12
36971 15
36979 12
36991 15
36999 12
37011 15
37019 12
37031 15
37039 12
37051 15
37059 12
37071 15
37079 12
37091 15
37099 12
37111 15
37119 12
37131 15
37139 12
37151 15
37159 12
37171 15
37179 12
37191 15
37199 12
37211 15
37219 12
37231 15
37239 12
37251 15
37259 12
37271 15
37279 12
37291 15
37299 12
37311 15
37319 12
37331 15
37339 12
37351 15
37359 12
37371 15
37379 12
37391 15
37399 12
37411 15
37419 12
37431 15
37439 12
37451 15
37459 12
37471 15
37479 12
37491 15
37499 12
37511 15
37519 12
37531 15
37539 12
37551 15
37559 12
37571 15
37579 12
37591 15
37599 12
37611 15
37619 12
37631 15
37639 12
37651 15
37659 12
37671 15
37679 12
37691 15
37699 12
37711 15
37719 12
37731 15
37739 12
37751 15
37759 12
37771 15
37779 12
37791 15
37799 12
37811 15
37819 12
37831 15
37839 12
37851 15
37859 12
37871 15
37879 12
37891 15
37899 12
37911 15
37919 12
37931 15
37939 12
37951 15
37959 12
37971 15
37979 12
37991 15
37999 12
38011 15
38019 12
38031 15
38039 12
38051 15
38059 12
38071 15
38079 12
38091 15
38099 12
38111 15
38119 12
38131 15
38139 12
38151 15
38159 12
38171 15
38179 12
38191 15
38199 12
38211 15
38219 12
38231 15
38239 12
38251 15
38259 12
38271 15
38279 12
38291 15
38299 12
38311 15
38319 12
38331 15
38339 12
38351 15
38359 12
38371 15
38379 12
38391 15
38399 12
38411 15
38419 12
38431 15
38439 12
38451 15
38459 12
38471 15
38479 12
38491 15
38499 12
38511 15
38519 12
38531 15
38539 12
38551 15
38559 12
38571 15
38579 12
38591 15
38599 12
38611 15
38619 12
38631 15
38639 12
38651 15
38659 12
38671 15
38679 12
38691 15
38699 12
38711 15
38719 12
38731 15
38739 12
38751 15
38759 12
38771 15
38779 12
38791 15
38799 12
38811 15
38819 12
38831 15
38839 12
38851 15
38859 12
38871 15
38879 12
38891 15
38899 12
38911 15
38919 12
38931 15
38939 12
38951 15
38959 12
38971 15
38979 12
38991 15
38999 12
39011 15
39019 12
39031 15
39039 12
39051 15
39059 12
39071 15
39079 12
39091 15
39099 12
39111 15
39119 12
39131 15
39139 12
39151 15
39159 12
39171 15
39179 12
39191 15
39199 12
39211 15
39219 12
39231 15
39239 12
39251 15
39259 12
39271 15
39279 12
39291 15
39299 12
39311 15
39319 12
39331 15
39339 12
39351 15
39359 12
39371 15
39379 12
39391 15
39399 12
39411 15
39419 12
39431 15
39439 12
39451 15
39459 12
39471 15
39479 12
39491 15
39499 12
39511 15
39519 12
39531 15
39539 12
39551 15
39559 12
39571 15
39579 12
39591 15
39599 12
39611 15
39619 12
39631 15
39639 12
39651 15
39659 12
39671 15
39679 12
39691 15
39699 12
39711 15
39719 12
39731 15
39739 12
39751 15
39759 12
39771 15
39779 12
39791 15
39799 12
39811 15
39819 12
39831 15
39839 12
39851 15
39859 12
39871 15
39879 12
39891 15
39899 12
39911 15
39919 12
39931 15
39939 12
39951 15
39959 12
39971 15
39979 12
39991 15
39999 12
40011 15
40019 12
40031 15
40039 12
40051 15
40059 12
40071 15
40079 12
40091 15
40099 12
40111 15
40119 12
40131 15
40139 12
40151 15
40159 12
40171 15
40179 12
40191 15
40199 12
40211 15
40219 12
40231 15
40239 12
40251 15
40259 12
40271 15
40279 12
40291 15
40299 12
40311 15
40319 12
40331 15
40339 12
40351 15
40359 12
40371 15
40379 12
40391 15
40399 12
40411 15
40419 12
40431 15
40439 12
40451 15
40459 12
40471 15
40479 12
40491 15
40499 12
40511 15
40519 12
40531 15
40539 12
40551 15
40559 12
40571 15
40579 12
40591 15
40599 12
40611 15
40619 12
40631 15
40639 12
40651 15
40659 12
40671 15
40679 12
40691 15
40699 12
40711 15
40719 12
40731 15
40739 12
40751 15
40759 12
40771 15
40779 12
40791 15
40799 12
40811 15
40819 12
40831 15
40839 12
40851 15
40859 12
40871 15
40879 12
40891 15
40899 12
40911 15
40919 12
40931 15
40939 12
40951 15
40959 12
40971 15
40979 12
40991 15
40999 12
41011 15
41019 12
41031 15
41039 12
41051 15
41059 12
41071 15
41079 12
41091 15
41099 12
41111 15
41119 12
41131 15
41139 12
41151 15
41159 12
41171 15
41179 12
41191 15
41199 12
41211 15
41219 12
41231 15
41239 12
41251 15
41259 12
41271 15
41279 12
41291 15
41299 12
41311 15
41319 12
41331 15
41339 12
41351 15
41359 12
41371 15
41379 12
41391 15
41399 12
41411 15
41419 12
41431 15
41439 12
41451 15
41459 12
41471 15
41479 12
41491 15
41499 12
41511 15
41519 12
41531 15
41539 12
41551 15
41559 12
41571 15
41579 12
41591 15
41599 12
41611 15
41619 12
41631 15
41639 12
41651 15
41659 12
41671 15
41679 12
41691 15
41699 12
41711 15
41719 12
41731 15
41739 12
41751 15
41759 12
41771 15
41779 12
41791 15
41799 12
41811 15
41819 12
41831 15
41839 12
41851 15
41859 12
41871 15
41879 12
41891 15
41899 12
41911 15
41919 12
41931 15
41939 12
41951 15
41959 12
41971 15
41979 12
41991 15
41999 12
42011 15
42019 12
42031 15
42039 12
42051 15
42059 12
42071 15
42079 12
42091 15
42099 12
42111 15
42119 12
42131 15
42139 12
42151 15
42159 12
42171 15
42179 12
42191 15
42199 12
42211 15
42219 12
42231 15
42239 12
42251 15
42259 12
42271 15
42279 12
42291 15
42299 12
42311 15
42319 12
42331 15
42339 12
42351 15
42359 12
42371 15
42379 12
42391 15
42399 12
42411 15
42419 12
42431 15
42439 12
42451 15
42459 12
42471 15
42479 12
42491 15
42499 12
42511 15
42519 12
42531 15
42539 12
42551 15
42559 12
42571 15
42579 12
42591 15
42599 12
42611 15
42619 12
42631 15
42639 12
42651 15
42659 12
42671 15
42679 12
42691 15
42699 12
42711 15
42719 12
42731 15
42739 12
42751 15
42759 12
42771 15
42779 12
42791 15
42799 12
42811 15
42819 12
42831 15
42839 12
42851 15
42859 12
42871 15
42879 12
42891 15
42899 12
42911 15
42919 12
42931 15
42939 12
42951 15
42959 12
42971 15
42979 12
42991 15
42999 12
43011 15
43019 12
43031 15
43039 12
43051 15
43059 12
43071 15
43079 12
43091 15
43099 12
43111 15
43119 12
43131 15
43139 12
43151 15
43159 12
43171 15
43179 12
43191 15
43199 12
43211 15
43219 12
43231 15
43239 12
43251 15
43259 12
43271 15
43279 12
43291 15
43299 12
43311 15
43319 12
43331 15
43339 12
43351 15
43359 12
43371 15
43379 12
43391 15
43399 12
43411 15
43419 12
43431 15
43439 12
43451 15
43459 12
43471 15
43479 12
43491 15
43499 12
43511 15
43519 12
43531 15
43539 12
43551 15
43559 12
43571 15
43579 12
43591 15
43599 12
43611 15
43619 12
43631 15
43639 12
43651 15
43659 12
43671 15
43679 12
43691 15
43699 12
43711 15
43719 12
43731 15
43739 12
43751 15
43759 12
43771 15
43779 12
43791 15
43799 12
43811 15
43819 12
43831 15
43839 12
43851 15
43859 12
43871 15
43879 12
43891 15
43899 12
43911 15
43919 12
43931 15
43939 12
43951 15
43959 12
43971 15
43979 12
43991 15
43999 12
44011 15
44019 12
44031 15
44039 12
44051 15
44059 12
44071 15
44079 12
44091 15
44099 12
44111 15
44119 12
44131 15
44139 12
44151 15
44159 12
44171 15
44179 12
44191 15
44199 12
44211 15
44219 12
44231 15
44239 12
44251 15
44259 12
44271 15
44279 12
44291 15
44299 12
44311 15
44319 12
44331 15
44339 12
44351 15
44359 12
44371 15
44379 12
44391 15
44399 12
44411 15
44419 12
44431 15
44439 12
44451 15
44459 12
44471 15
44479 12
44491 15
44499 12
44511 15
44519 12
44531 15
44539 12
44551 15
44559 12
44571 15
44579 12
44591 15
44599 12
44611 15
44619 12
44631 15
44639 12
44651 15
44659 12
44671 15
44679 12
44691 15
44699 12
44711 15
44719 12
44731 15
44739 12
44751 15
44759 12
44771 15
44779 12
44791 15
44799 12
44811 15
44819 12
44831 15
44839 12
44851 15
44859 12
44871 15
44879 12
44891 15
44899 12
44911 15
44919 12
44931 15
44939 12
44951 15
44959 12
44971 15
44979 12
44991 15
44999 12
45011 15
45019 12
45031 15
45039 12
45051 15
45059 12
45071 15
45079 12
45091 15
45099 12
45111 15
45119 12
45131 15
45139 12
45151 15
45159 12
45171 15
45179 12
45191 15
45199 12
45211 15
45219 12
45231 15
45239 12
45251 15
45259 12
45271 15
45279 12
45291 15
45299 12
45311 15
45319 12
45331 15
45339 12
45351 15
45359 12
45371 15
45379 12
45391 15
45399 12
45411 15
45419 12
45431 15
45439 12
45451 15
45459 12
45471 15
45479 12
45491 15
45499 12
45511 15
45519 12
45531 15
45539 12
45551 15
45559 12
45571 15
45579 12
45591 15
45599 12
45611 15
45619 12
45631 15
45639 12
45651 15
45659 12
45671 15
45679 12
45691 15
45699 12
45711 15
45719 12
45731 15
45739 12
45751 15
45759 12
45771 15
45779 12
45791 15
45799 12
45811 15
45819 12
45831 15
45839 12
45851 15
45859 12
45871 15
45879 12
45891 15
45899 12
45911 15
45919 12
45931 15
45939 12
45951 15
45959 12
45971 15
45979 12
45991 15
45999 12
46011 15
46019 12
46031 15
46039 12
46051 15
46059 12
46071 15
46079 12
46091 15
46099 12
46111 15
46119 12
46131 15
46139 12
46151 15
46159 12
46171 15
46179 12
46191 15
46199 12
46211 15
46219 12
46231 15
46239 12
46251 15
46259 12
46271 15
46279 12
46291 15
46299 12
46311 15
46319 12
46331 15
46339 12
46351 15
46359 12
46371 15
46379 12
46391 15
46399 12
46411 15
46419 12
46431 15
46439 12
46451 15
46459 12
46471 15
46479 12
46491 15
46499 12
46511 15
46519 12
46531 15
46539 12
46551 15
46559 12
46571 15
46579 12
46591 15
46599 12
46611 15
46619 12
46631 15
46639 12
46651 15
46659 12
46671 15
46679 12
46691 15
46699 12
46711 15
46719 12
46731 15
46739 12
46751 15
46759 12
46771 15
46779 12
46791 15
46799 12
46811 15
46819 12
46831 15
46839 12
46851 15
46859 12
46871 15
46879 12
46891 15
46899 12
46911 15
46919 12
46931 15
46939 12
46951 15
46959 12
46971 15
46979 12
46991 15
46999 12
47011 15
47019 12
47031 15
47039 12
47051 15
47059 12
47071 15
47079 12
47091 15
47099 12
47111 15
47119 12
47131 15
47139 12
47151 15
47159 12
47171 15
47179 12
47191 15
47199 12
47211 15
47219 12
47231 15
47239 12
47251 15
47259 12
47271 15
47279 12
47291 15
47299 12
47311 15
47319 12
47331 15
47339 12
47351 15
47359 12
47371 15
47379 12
47391 15
47399 12
47411 15
47419 12
47431 15
47439 12
47451 15
47459 12
47471 15
47479 12
47491 15
47499 12
47511 15
47519 12
47531 15
47539 12
47551 15
47559 12
47571 15
47579 12
47591 15
47599 12
47611 15
47619 12
47631 15
47639 12
47651 15
47659 12
47671 15
47679 12
47691 15
47699 12
47711 15
47719 12
47731 15
47739 12
47751 15
47759 12
47771 15
47779 12
47791 15
47799 12
47811 15
47819 12
47831 15
47839 12
47851 15
47859 12
47871 15
47879 12
47891 15
47899 12
47911 15
47919 12
47931 15
47939 12
47951 15
47959 12
47971 15
47979 12
47991 15
47999 12
48011 15
48019 12
48031 15
48039 12
48051 15
48059 12
48071 15
48079 12
48091 15
48099 12
48111 15
48119 12
48131 15
48139 12
48151 15
48159 12
48171 15
48179 12
48191 15
48199 12
48211 15
48219 12
48231 15
48239 12
48251 15
48259 12
48271 15
48279 12
48291 15
48299 12
48311 15
48319 12
48331 15
48339 12
48351 15
48359 12
48371 15
48379 12
48391 15
48399 12
48411 15
48419 12
48431 15
48439 12
48451 15
48459 12
48471 15
48479 12
48491 15
48499 12
48511 15
48519 12
48531 15
48539 12
48551 15
48559 12
48571 15
48579 12
48591 15
48599 12
48611 15
48619 12
48631 15
48639 12
48651 15
48659 12
48671 15
48679 12
48691 15
48699 12
48711 15
48719 12
48731 15
48739 12
48751 15
48759 12
48771 15
48779 12
48791 15
48799 12
48811 15
48819 12
48831 15
48839 12
48851 15
48859 12
48871 15
48879 12
48891 15
48899 12
48911 15
48919 12
48931 15
48939 12
48951 15
48959 12
48971 15
48979 12
48991 15
48999 12
49011 15
49019 12
49031 15
49039 12
49051 15
49059 12
49071 15
49079 12
49091 15
49099 12
49111 15
49119 12
49131 15
49139 12
49151 15
49159 12
49171 15
49179 12
49191 15
49199 12
49211 15
49219 12
49231 15
49239 12
49251 15
49259 12
49271 15
49279 12
49291 15
49299 12
49311 15
49319 12
49331 15
49339 12
49351 15
49359 12
49371 15
49379 12
49391 15
49399 12
49411 15
49419 12
49431 15
49439 12
49451 15
49459 12
49471 15
49479 12
49491 15
49499 12
49511 15
49519 12
49531 15
49539 12
49551 15
49559 12
49571 15
49579 12
49591 15
49599 12
49611 15
49619 12
49631 15
49639 12
49651 15
49659 12
49671 15
49679 12
49691 15
49699 12
49711 15
49719 12
49731 15
49739 12
49751 15
49759 12
49771 15
49779 12
49791 15
49799 12
49811 15
49819 12
49831 15
49839 12
49851 15
49859 12
49871 15
49879 12
49891 15
49899 12
49911 15
49919 12
49931 15
49939 12
49951 15
49959 12
49971 15
49979 12
49991 15
49999 12
50011 15
50019 12
50031 15
50039 12
50051 15
50059 12
50071 15
50079 12
50091 15
50099 12
50111 15
50119 12
50131 15
50139 12
50151 15
50159 12
50171 15
50179 12
50191 15
50199 12
50211 15
50219 12
50231 15
50239 12
50251 15
50259 12
50271 15
50279 12
50291 15
50299 12
50311 15
50319 12
50331 15
50339 12
50351 15
50359 12
50371 15
50379 12
50391 15
50399 12
50411 15
50419 12
50431 15
50439 12
50451 15
50459 12
50471 15
50479 12
50491 15
50499 12
50511 15
50519 12
50531 15
50539 12
50551 15
50559 12
50571 15
50579 12
50591 15
50599 12
50611 15
50619 12
50631 15
50639 12
50651 15
50659 12
50671 15
50679 12
50691 15
50699 12
50711 15
50719 12
50731 15
50739 12
50751 15
50759 12
50771 15
50779 12
50791 15
50799 12
50811 15
50819 12
50831 15
50839 12
50851 15
50859 12
50871 15
50879 12
50891 15
50899 12
50911 15
50919 12
50931 15
50939 12
50951 15
50959 12
50971 15
50979 12
50991 15
50999 12
51011 15
51019 12
51031 15
51039 12
51051 15
51059 12
51071 15
51079 12
51091 15
51099 12
51111 15
51119 12
51131 15
51139 12
51151 15
51159 12
51171 15
51179 12
51191 15
51199 12
51211 15
51219 12
51231 15
51239 12
51251 15
51259 12
51271 15
51279 12
51291 15
51299 12
51311 15
51319 12
51331 15
51339 12
51351 15
51359 12
51371 15
51379 12
51391 15
51399 12
51411 15
51419 11
51431 15
51439 11
51451 15
51459 11
51471 15
51479 11
51491 15
51499 11
51511 15
51519 11
51531 15
51539 11
51551 15
51559 11
51571 15
51579 11
51591 15
51599 11
51611 15
51619 11
51631 15
51639 11
51651 15
51659 11
51671 15
51679 11
51691 15
51699 11
51711 15
51719 11
51731 15
51739 11
51751 15
51759 11
51771 15
51779 11
51791 15
51799 11
51811 15
51819 11
51831 15
51839 11
51851 15
51859 11
51871 15
51879 11
51891 15
51899 11
51911 15
51919 11
51931 15
51939 11
51951 15
51959 11
51971 15
51979 11
51991 15
51999 11
52011 15
52019 11
52031 15
52039 11
52051 15
52059 11
52071 15
52079 11
52091 15
52099 11
52111 15
52119 11
52131 15
52139 11
52151 15
52159 11
52171 15
52179 11
52191 15
52199 11
52211 15
52219 11
52231 15
52239 11
52251 15
52259 11
52271 15
52279 11
52291 15
52299 11
52311 15
52319 11
52331 15
52339 11
52351 15
52359 11
52371 15
52379 11
52391 15
52399 11
52411 15
52419 11
52431 15
52439 11
52451 15
52459 11
52471 15
52479 11
52491 15
52499 11
52511 15
52519 11
52531 15
52539 11
52551 15
52559 11
52571 15
52579 11
52591 15
52599 11
52611 15
52619 11
52631 15
52639 11
52651 15
52659 11
52671 15
52679 11
52691 15
52699 11
52711 15
52719 11
52731 15
52739 11
52751 15
52759 11
52771 15
52779 11
52791 15
52799 11
52811 15
52819 11
52831 15
52839 11
52851 15
52859 11
52871 15
52879 11
52891 15
52899 11
52911 15
52919 11
52931 15
52939 11
52951 15
52959 11
52971 15
52979 11
52991 15
52999 11
53011 15
53019 11
53031 15
53039 11
53051 15
53059 11
53071 15
53079 11
53091 15
53099 11
53111 15
53119 11
53131 15
53139 11
53151 15
53159 11
53171 15
53179 11
53191 15
53199 11
53211 15
53219 11
53231 15
53239 11
53251 15
53259 11
53271 15
53279 11
53291 15
53299 11
53311 15
53319 11
53331 15
53339 11
53351 15
53359 11
53371 15
53379 11
53391 15
53399 11
53411 15
53419 11
53431 15
53439 11
53451 15
53459 11
53471 15
53479 11
53491 15
53499 11
53511 15
53519 11
53531 15
53539 11
53551 15
53559 11
53571 15
53579 11
53591 15
53599 11
53611 15
53619 11
53631 15
53639 11
53651 15
53659 11
53671 15
53679 11
53691 15
53699 11
53711 15
53719 11
53731 15
53739 11
53751 15
53759 11
53771 15
53779 11
53791 15
53799 11
53811 15
53819 11
53831 15
53839 11
53851 15
53859 11
53871 15
53879 11
53891 15
53899 11
53911 15
53919 11
53931 15
53939 11
53951 15
53959 11
53971 15
53979 11
53991 15
53999 11
54011 15
54019 11
54031 15
54039 11
54051 15
54059 11
54071 15
54079 11
54091 15
54099 11
54111 15
54119 11
54131 15
54139 11
54151 15
54159 11
54171 15
54179 11
54191 15
54199 11
54211 15
54219 11
54231 15
54239 11
54251 15
54259 11
54271 15
54279 11
54291 15
54299 11
54311 15
54319 11
54331 15
54339 11
54351 15
54359 11
54371 15
54379 11
54391 15
54399 11
54411 15
54419 11
54431 15
54439 11
54451 15
54459 11
54471 15
54479 11
54491 15
54499 11
54511 15
54519 11
54531 15
54539 11
54551 15
54559 11
54571 15
54579 11
54591 15
54599 11
54611 15
54619 11
54631 15
54639 11
54651 15
54659 11
54671 15
54679 11
54691 15
54699 11
54711 15
54719 11
54731 15
54739 11
54751 15
54759 11
54771 15
54779 11
54791 15
54799 11
54811 15
54819 11
54831 15
54839 11
54851 15
54859 11
54871 15
54879 11
54891 15
54899 11
54911 15
54919 11
54931 15
54939 11
54951 15
54959 11
54971 15
54979 11
54991 15
54999 11
55011 15
55019 11
55031 15
55039 11
55051 15
55059 11
55071 15
55079 11
55091 15
55099 11
55111 15
55119 11
55131 15
55139 11
55151 15
55159 11
55171 15
55179 11
55191 15
55199 11
55211 15
55219 11
55231 15
55239 11
55251 15
55259 11
55271 15
55279 11
55291 15
55299 11
55311 15
55319 11
55331 15
55339 11
55351 15
55359 11
55371 15
55379 11
55391 15
55399 11
55411 15
55419 11
55431 15
55439 11
55451 15
55459 11
55471 15
55479 11
55491 15
55499 11
55511 15
55519 11
55531 15
55539 11
55551 15
55559 11
55571 15
55579 11
55591 15
55599 11
55611 15
55619 11
55631 15
55639 11
55651 15
55659 11
55671 15
55679 11
55691 15
55699 11
55711 15
55719 11
55731 15
55739 11
55751 15
55759 11
55771 15
55779 11
55791 15
55799 11
55811 15
55819 11
55831 15
55839 11
55851 15
55859 11
55871 15
55879 11
55891 15
55899 11
55911 15
55919 11
55931 15
55939 11
55951 15
55959 11
55971 15
55979 11
55991 15
55999 11
56011 15
56019 11
56031 15
56039 11
56051 15
56059 11
56071 15
56079 11
56091 15
56099 11
56111 15
56119 11
56131 15
56139 11
56151 15
56159 11
56171 15
56179 11
56191 15
56199 11
56211 15
56219 11
56231 15
56239 11
56251 15
56259 11
56271 15
56279 11
56291 15
56299 11
56311 15
56319 11
56331 15
56339 11
56351 15
56359 11
56371 15
56379 11
56391 15
56399 11
56411 15
56419 11
56431 15
56439 11
56451 15
56459 11
56471 15
56479 11
56491 15
56499 11
56511 15
56519 11
56531 15
56539 11
56551 15
56559 11
56571 15
56579 11
56591 15
56599 11
56611 15
56619 11
56631 15
56639 11
56651 15
56659 11
56671 15
56679 11
56691 15
56699 11
56711 15
56719 11
56731 15
56739 11
56751 15
56759 11
56771 15
56779 11
56791 15
56799 11
56811 15
56819 11
56831 15
56839 11
56851 15
56859 11
56871 15
56879 11
56891 15
56899 11
56911 15
56919 11
56931 15
56939 11
56951 15
56959 11
56971 15
56979 11
56991 15
56999 11
57011 15
57019 11
57031 15
57039 11
57051 15
57059 11
57071 15
57079 11
57091 15
57099 11
57111 15
57119 11
57131 15
57139 11
57151 15
57159 11
57171 15
57179 11
57191 15
57199 11
57211 15
57219 11
57231 15
57239 11
57251 15
57259 11
57271 15
57279 11
57291 15
57299 11
57311 15
57319 11
57331 15
57339 11
57351 15
57359 11
57371 15
57379 11
57391 15
57399 11
57411 15
57419 11
57431 15
57439 11
57451 15
57459 11
57471 15
57479 11
57491 15
57499 11
57511 15
57519 11
57531 15
57539 11
57551 15
57559 11
57571 15
57579 11
57591 15
57599 11
57611 15
57619 11
57631 15
57639 11
57651 15
57659 11
57671 15
57679 11
57691 15
57699 11
57711 15
57719 11
57731 15
57739 11
57751 15
57759 11
57771 15
57779 11
57791 15
57799 11
57811 15
57819 11
57831 15
57839 11
57851 15
57859 11
57871 15
57879 11
57891 15
57899 11
57911 15
57919 11
57931 15
57939 11
57951 15
57959 11
57971 15
57979 11
57991 15
57999 11
58011 15
58019 11
58031 15
58039 11
58051 15
58059 11
58071 15
58079 11
58091 15
58099 11
58111 15
58119 11
58131 15
58139 11
58151 15
58159 11
58171 15
58179 11
58191 15
58199 11
58211 15
58219 11
58231 15
58239 11
58251 15
58259 11
58271 15
58279 11
58291 15
58299 11
58311 15
58319 11
58331 15
58339 11
58351 15
58359 11
58371 15
58379 11
58391 15
58399 11
58411 15
58419 11
58431 15
58439 11
58451 15
58459 11
58471 15
58479 11
58491 15
58499 11
58511 15
58519 11
58531 15
58539 11
58551 15
58559 11
58571 15
58579 11
58591 15
58599 11
58611 15
58619 11
58631 15
58639 11
58651 15
58659 11
58671 15
58679 11
58691 15
58699 11
58711 15
58719 11
58731 15
58739 11
58751 15
58759 11
58771 15
58779 11
58791 15
58799 11
58811 15
58819 11
58831 15
58839 11
58851 15
58859 11
58871 15
58879 11
58891 15
58899 11
58911 15
58919 11
58931 15
58939 11
58951 15
58959 11
58971 15
58979 11
58991 15
58999 11
59011 15
59019 11
59031 15
59039 11
59051 15
59059 11
59071 15
59079 11
59091 15
59099 11
59111 15
59119 11
59131 15
59139 11
59151 15
59159 11
59171 15
59179 11
59191 15
59199 11
59211 15
59219 11
59231 15
59239 11
59251 15
59259 11
59271 15
59279 11
59291 15
59299 11
59311 15
59319 11
59331 15
59339 11
59351 15
59359 11
59371 15
59379 11
59391 15
59399 11
59411 15
59419 11
59431 15
59439 11
59451 15
59459 11
59471 15
59479 11
59491 15
59499 11
59511 15
59519 11
59531 15
59539 11
59551 15
59559 11
59571 15
59579 11
59591 15
59599 11
59611 15
59619 11
59631 15
59639 11
59651 15
59659 11
59671 15
59679 11
59691 15
59699 11
59711 15
59719 11
59731 15
59739 11
59751 15
59759 11
59771 15
59779 11
59791 15
59799 11
59811 15
59819 11
59831 15
59839 11
59851 15
59859 11
59871 15
59879 11
59891 15
59899 11
59911 15
59919 11
59931 15
59939 11
59951 15
59959 11
59971 15
59979 11
59991 15
59999 11
60011 15
60019 11
60031 15
60039 11
60051 15
60059 11
60071 15
60079 11
60091 15
60099 11
60111 15
60119 11
60131 15
60139 11
60151 15
60159 11
60171 15
60179 11
60191 15
60199 11
60211 15
60219 11
60231 15
60239 11
60251 15
60259 11
60271 15
60279 11
60291 15
60299 11
60311 15
60319 11
60331 15
60339 11
60351 15
60359 11
60371 15
60379 11
60391 15
60399 11
60411 15
60419 11
60431 15
60439 11
60451 15
60459 11
60471 15
60479 11
60491 15
60499 11
60511 15
60519 11
60531 15
60539 11
60551 15
60559 11
60571 15
60579 11
60591 15
60599 11
60611 15
60619 11
60631 15
60639 11
60651 15
60659 11
60671 15
60679 11
60691 15
60699 11
60711 15
60719 11
60731 15
60739 11
60751 15
60759 11
60771 15
60779 11
60791 15
60799 11
60811 15
60819 11
60831 15
60839 11
60851 15
60859 11
60871 15
60879 11
60891 15
60899 11
60911 15
60919 11
60931 15
60939 11
60951 15
60959 11
60971 15
60979 11
60991 15
60999 11
61011 15
61019 11
61031 15
61039 11
61051 15
61059 11
61071 15
61079 11
61091 15
61099 11
61111 15
61119 11
61131 15
61139 11
61151 15
61159 11
61171 15
61179 11
61191 15
61199 11
61211 15
61219 11
61231 15
61239 11
61251 15
61259 11
61271 15
61279 11
61291 15
61299 11
61311 15
61319 11
61331 15
61339 11
61351 15
61359 11
61371 15
61379 11
61391 15
61399 11
61411 15
61419 11
61431 15
61439 11
61451 15
61459 11
61471 15
61479 11
61491 15
61499 11
61511 15
61519 11
61531 15
61539 11
61551 15
61559 11
61571 15
61579 11
61591 15
61599 11
61611 15
61619 11
61631 15
61639 11
61651 15
61659 11
61671 15
61679 11
61691 15
61699 11
61711 15
61719 11
61731 15
61739 11
61751 15
61759 11
61771 15
61779 11
61791 15
61799 11
61811 15
61819 11
61831 15
61839 11
61851 15
61859 11
61871 15
61879 11
61891 15
61899 11
61911 15
61919 11
61931 15
61939 11
61951 15
61959 11
61971 15
61979 11
61991 15
61999 11
62011 15
62019 11
62031 15
62039 11
62051 15
62059 11
62071 15
62079 11
62091 15
62099 11
62111 15
62119 11
62131 15
62139 11
62151 15
62159 11
62171 15
62179 11
62191 15
62199 11
62211 15
62219 11
62231 15
62239 11
62251 15
62259 11
62271 15
62279 11
62291 15
62299 11
62311 15
62319 11
62331 15
62339 11
62351 15
62359 11
62371 15
62379 11
62391 15
62399 11
62411 15
62419 11
62431 15
62439 11
62451 15
62459 11
62471 15
62479 11
62491 15
62499 11
62511 15
62519 11
62531 15
62539 11
62551 15
62559 11
62571 15
62579 11
62591 15
62599 11
62611 15
62619 11
62631 15
62639 11
62651 15
62659 11
62671 15
62679 11
62691 15
62699 11
62711 15
62719 11
62731 15
62739 11
62751 15
62759 11
62771 15
62779 11
62791 15
62799 11
62811 15
62819 11
62831 15
62839 11
62851 15
62859 11
62871 15
62879 11
62891 15
62899 11
62911 15
62919 11
62931 15
62939 11
62951 15
62959 11
62971 15
62979 11
62991 15
62999 11
63011 15
63019 11
63031 15
63039 11
63051 15
63059 11
63071 15
63079 11
63091 15
63099 11
63111 15
63119 11
63131 15
63139 11
63151 15
63159 11
63171 15
63179 11
63191 15
63199 11
63211 15
63219 11
63231 15
63239 11
63251 15
63259 11
63271 15
63279 11
63291 15
63299 11
63311 15
63319 11
63331 15
63339 11
63351 15
63359 11
63371 15
63379 11
63391 15
63399 11
63411 15
63419 11
63431 15
63439 11
63451 15
63459 11
63471 15
63479 11
63491 15
63499 11
63511 15
63519 11
63531 15
63539 11
63551 15
63559 11
63571 15
63579 11
63591 15
63599 11
63611 15
63619 11
63631 15
63639 11
63651 15
63659 11
63671 15
63679 11
63691 15
63699 11
63711 15
63719 11
63731 15
63739 11
63751 15
63759 11
63771 15
63779 11
63791 15
63799 11
63811 15
63819 11
63831 15
63839 11
63851 15
63859 11
63871 15
63879 11
63891 15
63899 11
63911 15
63919 11
63931 15
63939 11
63951 15
63959 11
63971 15
63979 11
63991 15
63999 11
64011 15
64019 11
64031 15
64039 11
64051 15
64059 11
64071 15
64079 11
64091 15
64099 11
64111 15
64119 11
64131 15
64139 11
64151 15
64159 11
64171 15
64179 11
64191 15
64199 11
64211 15
64219 11
64231 15
64239 11
64251 15
64259 11
64271 15
64279 11
64291 15
64299 11
64311 15
64319 11
64331 15
64339 11
64351 15
64359 11
64371 15
64379 11
64391 15
64399 11
64411 15
64419 11
64431 15
64439 11
64451 15
64459 11
64471 15
64479 11
64491 15
64499 11
64511 15
64519 11
64531 15
64539 11
64551 15
64559 11
64571 15
64579 11
64591 15
64599 11
64611 15
64619 11
64631 15
64639 11
64651 15
64659 11
64671 15
64679 11
64691 15
64699 11
64711 15
64719 11
64731 15
64739 11
64751 15
64759 11
64771 15
64779 11
64791 15
64799 11
64811 15
64819 11
64831 15
64839 11
64851 15
64859 11
64871 15
64879 11
64891 15
64899 11
64911 15
64919 11
64931 15
64939 11
64951 15
64959 11
64971 15
64979 11
64991 15
64999 11
65011 15
65019 11
65031 15
65039 11
65051 15
65059 11
65071 15
65079 11
65091 15
65099 11
65111 15
65119 11
65131 15
65139 11
65151 15
65159 11
65171 15
65179 11
65191 15
65199 11
65211 15
65219 11
65231 15
65239 11
65251 15
65259 11
65271 15
65279 11
65291 15
65299 11
65311 15
65319 11
65331 15
65339 11
65351 15
65359 11
65371 15
65379 11
65391 15
65399 11
65411 15
65419 11
65431 15
65439 11
65451 15
65459 11
65471 15
65479 11
65491 15
65499 11
65511 15
65519 11
65531 15
65539 11
65551 15
65559 11
65571 15
65579 11
65591 15
65599 11
65611 15
65619 11
65631 15
65639 11
65651 15
65659 11
65671 15
65679 11
65691 15
65699 11
65711 15
65719 11
65731 15
65739 11
65751 15
65759 11
65771 15
65779 11
65791 15
65799 11
65811 15
65819 11
65831 15
65839 11
65851 15
65859 11
65871 15
65879 11
65891 15
65899 11
65911 15
65919 11
65931 15
65939 11
65951 15
65959 11
65971 15
65979 11
65991 15
65999 11
66011 15
66019 11
66031 15
66039 11
66051 15
66059 11
66071 15
66079 11
66091 15
66099 11
66111 15
66119 11
66131 15
66139 11
66151 15
66159 11
66171 15
66179 11
66191 15
66199 11
66211 15
66219 11
66231 15
66239 11
66251 15
66259 11
66271 15
66279 11
66291 15
66299 11
66311 15
66319 11
66331 15
66339 11
66351 15
66359 11
66371 15
66379 11
66391 15
66399 11
66411 15
66419 11
66431 15
66439 11
66451 15
66459 11
66471 15
66479 11
66491 15
66499 11
66511 15
66519 11
66531 15
66539 11
66551 15
66559 11
66571 15
66579 11
66591 15
66599 11
66611 15
66619 11
66631 15
66639 11
66651 15
66659 11
66671 15
66679 11
66691 15
66699 11
66711 15
66719 11
66731 15
66739 11
66751 15
66759 11
66771 15
66779 11
66791 15
66799 11
66811 15
66819 11
66831 15
66839 11
66851 15
66859 11
66871 15
66879 11
66891 15
66899 11
66911 15
66919 11
66931 15
66939 11
66951 15
66959 11
66971 15
66979 11
66991 15
66999 11
67011 15
67019 11
67031 15
67039 11
67051 15
67059 11
67071 15
67079 11
67091 15
67099 11
67111 15
67119 11
67131 15
67139 11
67151 15
67159 11
67171 15
67179 11
67191 15
67199 11
67211 15
67219 11
67231 15
67239 11
67251 15
67259 11
67271 15
67279 11
67291 15
67299 11
67311 15
67319 11
67331 15
67339 11
67351 15
67359 11
67371 15
67379 11
67391 15
67399 11
67411 15
67419 11
67431 15
67439 11
67451 15
67459 11
67471 15
67479 11
67491 15
67499 11
67511 15
67519 11
67531 15
67539 11
67551 15
67559 11
67571 15
67579 11
67591 15
67599 11
67611 15
67619 11
67631 15
67639 11
67651 15
67659 11
67671 15
67679 11
67691 15
67699 11
67711 15
67719 11
67731 15
67739 11
67751 15
67759 11
67771 15
67779 11
67791 15
67799 11
67811 15
67819 11
67831 15
67839 11
67851 15
67859 11
67871 15
67879 11
67891 15
67899 11
67911 15
67919 11
67931 15
67939 11
67951 15
67959 11
67971 15
67979 11
67991 15
67999 11
68011 15
68019 11
68031 15
68039 11
68051 15
68059 11
68071 15
68079 11
68091 15
68099 11
68111 15
68119 11
68131 15
68139 11
68151 15
68159 11
68171 15
68179 11
68191 15
68199 11
68211 15
68219 11
68231 15
68239 11
68251 15
68259 11
68271 15
68279 11
68291 15
68299 11
68311 15
68319 11
68331 15
68339 11
68351 15
68359 11
68371 15
68379 11
68391 15
68399 11
68411 15
68419 11
68431 15
68439 11
68451 15
68459 11
68471 15
68479 11
68491 15
68499 11
68511 15
68519 11
68531 15
68539 11
68551 15
68559 11
68571 15
68579 11
68591 15
68599 11
68611 15
68619 11
68631 15
68639 11
68651 15
68659 11
68671 15
68679 11
68691 15
68699 11
68711 15
68719 11
68731 15
68739 11
68751 15
68759 11
68771 15
68779 11
68791 15
68799 11
68811 15
68819 11
68831 15
68839 11
68851 15
68859 11
68871 15
68879 11
68891 15
68899 11
68911 15
68919 11
68931 15
68939 11
68951 15
68959 11
68971 15
68979 11
68991 15
68999 11
69011 15
69019 11
69031 15
69039 11
69051 15
69059 11
69071 15
69079 11
69091 15
69099 11
69111 15
69119 11
69131 15
69139 11
69151 15
69159 11
69171 15
69179 11
69191 15
69199 11
69211 15
69219 11
69231 15
69239 11
69251 15
69259 11
69271 15
69279 11
69291 15
69299 11
69311 15
69319 11
69331 15
69339 11
69351 15
69359 11
69371 15
69379 11
69391 15
69399 11
69411 15
69419 11
69431 15
69439 11
69451 15
69459 11
69471 15
69479 11
69491 15
69499 11
69511 15
69519 11
69531 15
69539 11
69551 15
69559 11
69571 15
69579 11
69591 15
69599 11
69611 15
69619 11
69631 15
69639 11
69651 15
69659 11
69671 15
69679 11
69691 15
69699 11
69711 15
69719 11
69731 15
69739 11
69751 15
69759 11
69771 15
69779 11
69791 15
69799 11
69811 15
69819 11
69831 15
69839 11
69851 14
69859 11
69871 14
69879 11
69891 14
69899 11
69911 14
69919 11
69931 14
69939 11
69951 14
69959 11
69971 14
69979 11
69991 14
69999 11
70011 14
70019 11
70031 14
70039 11
70051 14
70059 11
70071 14
70079 11
70091 14
70099 11
70111 14
70119 11
70131 14
70139 11
70151 14
70159 11
70171 14
70179 11
70191 14
70199 11
70211 14
70219 11
70231 14
70239 11
70251 14
70259 11
70271 14
70279 11
70291 14
70299 11
70311 14
70319 11
70331 14
70339 11
70351 14
70359 11
70371 14
70379 11
70391 14
70399 11
70411 14
70419 11
70431 14
70439 11
70451 14
70459 11
70471 14
70479 11
70491 14
70499 11
70511 14
70519 11
70531 14
70539 11
70551 14
70559 11
70571 14
70579 11
70591 14
70599 11
70611 14
70619 11
70631 14
70639 11
70651 14
70659 11
70671 14
70679 11
70691 14
70699 11
70711 14
70719 11
70731 14
70739 11
70751 14
70759 11
70771 14
70779 11
70791 14
70799 11
70811 14
70819 11
70831 14
70839 11
70851 14
70859 11
70871 14
70879 11
70891 14
70899 11
70911 14
70919 11
70931 14
70939 11
70951 14
70959 11
70971 14
70979 11
70991 14
70999 11
71011 14
71019 11
71031 14
71039 11
71051 14
71059 11
71071 14
71079 11
71091 14
71099 11
71111 14
71119 11
71131 14
71139 11
71151 14
71159 11
71171 14
71179 11
71191 14
71199 11
71211 14
71219 11
71231 14
71239 11
71251 14
71259 11
71271 14
71279 11
71291 14
71299 11
71311 14
71319 11
71331 14
71339 11
71351 14
71359 11
71371 14
71379 11
71391 14
71399 11
71411 14
71419 11
71431 14
71439 11
71451 14
71459 11
71471 14
71479 11
71491 14
71499 11
71511 14
71519 11
71531 14
71539 11
71551 14
71559 11
71571 14
71579 11
71591 14
71599 11
71611 14
71619 11
71631 14
71639 11
71651 14
71659 11
71671 14
71679 11
71691 14
71699 11
71711 14
71719 11
71731 14
71739 11
71751 14
71759 11
71771 14
71779 11
71791 14
71799 11
71811 14
71819 11
71831 14
71839 11
71851 14
71859 11
71871 14
71879 11
71891 14
71899 11
71911 14
71919 11
71931 14
71939 11
71951 14
71959 11
71971 14
71979 11
71991 14
71999 11
72011 14
72019 11
72031 14
72039 11
72051 14
72059 11
72071 14
72079 11
72091 14
72099 11
72111 14
72119 11
72131 14
72139 11
72151 14
72159 11
72171 14
72179 11
72191 14
72199 11
72211 14
72219 11
72231 14
72239 11
72251 14
72259 11
72271 14
72279 11
72291 14
72299 11
72311 14
72319 11
72331 14
72339 11
72351 14
72359 11
72371 14
72379 11
72391 14
72399 11
72411 14
72419 11
72431 14
72439 11
72451 14
72459 11
72471 14
72479 11
72491 14
72499 11
72511 14
72519 11
72531 14
72539 11
72551 14
72559 11
72571 14
72579 11
72591 14
72599 11
72611 14
72619 11
72631 14
72639 11
72651 14
72659 11
72671 14
72679 11
72691 14
72699 11
72711 14
72719 11
72731 14
72739 11
72751 14
72759 11
72771 14
72779 11
72791 14
72799 11
72811 14
72819 11
72831 14
72839 11
72851 14
72859 11
72871 14
72879 11
72891 14
72899 11
72911 14
72919 11
72931 14
72939 11
72951 14
72959 11
72971 14
72979 11
72991 14
72999 11
73011 14
73019 11
73031 14
73039 11
73051 14
73059 11
73071 14
73079 11
73091 14
73099 11
73111 14
73119 11
73131 14
73139 11
73151 14
73159 11
73171 14
73179 11
73191 14
73199 11
73211 14
73219 11
73231 14
73239 11
73251 14
73259 11
73271 14
73279 11
73291 14
73299 11
73311 14
73319 11
73331 14
73339 11
73351 14
73359 11
73371 14
73379 11
73391 14
73399 11
73411 14
73419 11
73431 14
73439 11
73451 14
73459 11
73471 14
73479 11
73491 14
73499 11
73511 14
73519 11
73531 14
73539 11
73551 14
73559 11
73571 14
73579 11
73591 14
73599 11
73611 14
73619 11
73631 14
73639 11
73651 14
73659 11
73671 14
73679 11
73691 14
73699 11
73711 14
73719 11
73731 14
73739 11
73751 14
73759 11
73771 14
73779 11
73791 14
73799 11
73811 14
73819 11
73831 14
73839 11
73851 14
73859 11
73871 14
73879 11
73891 14
73899 11
73911 14
73919 11
73931 14
73939 11
73951 14
73959 11
73971 14
73979 11
73991 14
73999 11
74011 14
74019 11
74031 14
74039 11
74051 14
74059 11
74071 14
74079 11
74091 14
74099 11
74111 14
74119 11
74131 14
74139 11
74151 14
74159 11
74171 14
74179 11
74191 14
74199 11
74211 14
74219 11
74231 14
74239 11
74251 14
74259 11
74271 14
74279 11
74291 14
74299 11
74311 14
74319 11
74331 14
74339 11
74351 14
74359 11
74371 14
74379 11
74391 14
74399 11
74411 14
74419 11
74431 14
74439 11
74451 14
74459 11
74471 14
74479 11
74491 14
74499 11
74511 14
74519 11
74531 14
74539 11
74551 14
74559 11
74571 14
74579 11
74591 14
74599 11
74611 14
74619 11
74631 14
74639 11
74651 14
74659 11
74671 14
74679 11
74691 14
74699 11
74711 14
74719 11
74731 14
74739 11
74751 14
74759 11
74771 14
74779 11
74791 14
74799 11
74811 14
74819 11
74831 14
74839 11
74851 14
74859 11
74871 14
74879 11
74891 14
74899 11
74911 14
74919 11
74931 14
74939 11
74951 14
74959 11
74971 14
74979 11
74991 14
74999 11
75011 14
75019 11
75031 14
75039 11
75051 14
75059 11
75071 14
75079 11
75091 14
75099 11
75111 14
75119 11
75131 14
75139 11
75151 14
75159 11
75171 14
75179 11
75191 14
75199 11
75211 14
75219 11
75231 14
75239 11
75251 14
75259 11
75271 14
75279 11
75291 14
75299 11
75311 14
75319 11
75331 14
75339 11
75351 14
75359 11
75371 14
75379 11
75391 14
75399 11
75411 14
75419 11
75431 14
75439 11
75451 14
75459 11
75471 14
75479 11
75491 14
75499 11
75511 14
75519 11
75531 14
75539 11
75551 14
75559 11
75571 14
75579 11
75591 14
75599 11
75611 14
75619 11
75631 14
75639 11
75651 14
75659 11
75671 14
75679 11
75691 14
75699 11
75711 14
75719 11
75731 14
75739 11
75751 14
75759 11
75771 14
75779 11
75791 14
75799 11
75811 14
75819 11
75831 14
75839 11
75851 14
75859 11
75871 14
75879 11
75891 14
75899 11
75911 14
75919 11
75931 14
75939 11
75951 14
75959 11
75971 14
75979 11
75991 14
75999 11
76011 14
76019 11
76031 14
76039 11
76051 14
76059 11
76071 14
76079 11
76091 14
76099 11
76111 14
76119 11
76131 14
76139 11
76151 14
76159 11
76171 14
76179 11
76191 14
76199 11
76211 14
76219 11
76231 14
76239 11
76251 14
76259 11
76271 14
76279 11
76291 14
76299 11
76311 14
76319 11
76331 14
76339 11
76351 14
76359 11
76371 14
76379 11
76391 14
76399 11
76411 14
76419 11
76431 14
76439 11
76451 14
76459 11
76471 14
76479 11
76491 14
76499 11
76511 14
76519 11
76531 14
76539 11
76551 14
76559 11
76571 14
76579 11
76591 14
76599 11
76611 14
76619 11
76631 14
76639 11
76651 14
76659 11
76671 14
76679 11
76691 14
76699 11
76711 14
76719 11
76731 14
76739 11
76751 14
76759 11
76771 14
76779 11
76791 14
76799 11
76811 14
76819 11
76831 14
76839 11
76851 14
76859 11
76871 14
76879 11
76891 14
76899 11
76911 14
76919 11
76931 14
76939 11
76951 14
76959 11
76971 14
76979 11
76991 14
76999 11
77011 14
77019 11
77031 14
77039 11
77051 14
77059 11
77071 14
77079 11
77091 14
77099 11
77111 14
77119 11
77131 14
77139 11
77151 14
77159 11
77171 14
77179 11
77191 14
77199 11
77211 14
77219 11
77231 14
77239 11
77251 14
77259 11
77271 14
77279 11
77291 14
77299 11
77311 14
77319 11
77331 14
77339 11
77351 14
77359 11
77371 14
77379 11
77391 14
77399 11
77411 14
77419 11
77431 14
77439 11
77451 14
77459 11
77471 14
77479 11
77491 14
77499 11
77511 14
77519 11
77531 14
77539 11
77551 14
77559 11
77571 14
77579 11
77591 14
77599 11
77611 14
77619 11
77631 14
77639 11
77651 14
77659 11
77671 14
77679 11
77691 14
77699 11
77711 14
77719 11
77731 14
77739 11
77751 14
77759 11
77771 14
77779 11
77791 14
77799 11
77811 14
77819 11
77831 14
77839 11
77851 14
77859 11
77871 14
77879 11
77891 14
77899 11
77911 14
77919 11
77931 14
77939 11
77951 14
77959 11
77971 14
77979 11
77991 14
77999 11
78011 14
78019 11
78031 14
78039 11
78051 14
78059 11
78071 14
78079 11
78091 14
78099 11
78111 14
78119 11
78131 14
78139 11
78151 14
78159 11
78171 14
78179 11
78191 14
78199 11
78211 14
78219 11
78231 14
78239 11
78251 14
78259 11
78271 14
78279 11
78291 14
78299 11
78311 14
78319 11
78331 14
78339 11
78351 14
78359 11
78371 14
78379 11
78391 14
78399 11
78411 14
78419 11
78431 14
78439 11
78451 14
78459 11
78471 14
78479 11
78491 14
78499 11
78511 14
78519 11
78531 14
78539 11
78551 14
78559 11
78571 14
78579 11
78591 14
78599 11
78611 14
78619 11
78631 14
78639 11
78651 14
78659 11
78671 14
78679 11
78691 14
78699 11
78711 14
78719 11
78731 14
78739 11
78751 14
78759 11
78771 14
78779 11
78791 14
78799 11
78811 14
78819 11
78831 14
78839 11
78851 14
78859 11
78871 14
78879 11
78891 14
78899 11
78911 14
78919 11
78931 14
78939 11
78951 14
78959 11
78971 14
78979 11
78991 14
78999 11
79011 14
79019 11
79031 14
79039 11
79051 14
79059 11
79071 14
79079 11
79091 14
79099 11
79111 14
79119 11
79131 14
79139 11
79151 14
79159 11
79171 14
79179 11
79191 14
79199 11
79211 14
79219 11
79231 14
79239 11
79251 14
79259 11
79271 14
79279 11
79291 14
79299 11
79311 14
79319 11
79331 14
79339 11
79351 14
79359 11
79371 14
79379 11
79391 14
79399 11
79411 14
79419 11
79431 14
79439 11
79451 14
79459 11
79471 14
79479 11
79491 14
79499 11
79511 14
79519 11
79531 14
79539 11
79551 14
79559 11
79571 14
79579 11
79591 14
79599 11
79611 14
79619 11
79631 14
79639 11
79651 14
79659 11
79671 14
79679 11
79691 14
79699 11
79711 14
79719 11
79731 14
79739 11
79751 14
79759 11
79771 14
79779 11
79791 14
79799 11
79811 14
79819 11
79831 14
79839 11
79851 14
79859 11
79871 14
79879 11
79891 14
79899 11
79911 14
79919 11
79931 14
79939 11
79951 14
79959 11
79971 14
79979 11
79991 14
79999 11
80011 14
80019 11
80031 14
80039 11
80051 14
80059 11
80071 14
80079 11
80091 14
80099 11
80111 14
80119 11
80131 14
80139 11
80151 14
80159 11
80171 14
80179 11
80191 14
80199 11
80211 14
80219 11
80231 14
80239 11
80251 14
80259 11
80271 14
80279 11
80291 14
80299 11
80311 14
80319 11
80331 14
80339 11
80351 14
80359 11
80371 14
80379 11
80391 14
80399 11
80411 14
80419 11
80431 14
80439 11
80451 14
80459 11
80471 14
80479 11
80491 14
80499 11
80511 14
80519 11
80531 14
80539 11
80551 14
80559 11
80571 14
80579 11
80591 14
80599 11
80611 14
80619 11
80631 14
80639 11
80651 14
80659 11
80671 14
80679 11
80691 14
80699 11
80711 14
80719 11
80731 14
80739 11
80751 14
80759 11
80771 14
80779 11
80791 14
80799 11
80811 14
80819 11
80831 14
80839 11
80851 14
80859 11
80871 14
80879 11
80891 14
80899 11
80911 14
80919 11
80931 14
80939 11
80951 14
80959 11
80971 14
80979 11
80991 14
80999 11
81011 14
81019 11
81031 14
81039 11
81051 14
81059 11
81071 14
81079 11
81091 14
81099 11
81111 14
81119 11
81131 14
81139 11
81151 14
81159 11
81171 14
81179 11
81191 14
81199 11
81211 14
81219 11
81231 14
81239 11
81251 14
81259 11
81271 14
81279 11
81291 14
81299 11
81311 14
81319 11
81331 14
81339 11
81351 14
81359 11
81371 14
81379 11
81391 14
81399 11
81411 14
81419 11
81431 14
81439 11
81451 14
81459 11
81471 14
81479 11
81491 14
81499 11
81511 14
81519 11
81531 14
81539 11
81551 14
81559 11
81571 14
81579 11
81591 14
81599 11
81611 14
81619 11
81631 14
81639 11
81651 14
81659 11
81671 14
81679 11
81691 14
81699 11
81711 14
81719 11
81731 14
81739 11
81751 14
81759 11
81771 14
81779 11
81791 14
81799 11
81811 14
81819 11
81831 14
81839 11
81851 14
81859 11
81871 14
81879 11
81891 14
81899 11
81911 14
81919 11
81931 14
81939 11
81951 14
81959 11
81971 14
81979 11
81991 14
81999 11
82011 14
82019 11
82031 14
82039 11
82051 14
82059 11
82071 14
82079 11
82091 14
82099 11
82111 14
82119 11
82131 14
82139 11
82151 14
82159 11
82171 14
82179 11
82191 14
82199 11
82211 14
82219 11
82231 14
82239 11
82251 14
82259 11
82271 14
82279 11
82291 14
82299 11
82311 14
82319 11
82331 14
82339 11
82351 14
82359 11
82371 14
82379 11
82391 14
82399 11
82411 14
82419 11
82431 14
82439 11
82451 14
82459 11
82471 14
82479 11
82491 14
82499 11
82511 14
82519 11
82531 14
82539 11
82551 14
82559 11
82571 14
82579 11
82591 14
82599 11
82611 14
82619 11
82631 14
82639 11
82651 14
82659 11
82671 14
82679 11
82691 14
82699 11
82711 14
82719 11
82731 14
82739 11
82751 14
82759 11
82771 14
82779 11
82791 14
82799 11
82811 14
82819 11
82831 14
82839 11
82851 14
82859 11
82871 14
82879 11
82891 14
82899 11
82911 14
82919 11
82931 14
82939 11
82951 14
82959 11
82971 14
82979 11
82991 14
82999 11
83011 14
83019 11
83031 14
83039 11
83051 14
83059 11
83071 14
83079 11
83091 14
83099 11
83111 14
83119 11
83131 14
83139 11
83151 14
83159 11
83171 14
83179 11
83191 14
83199 11
83211 14
83219 11
83231 14
83239 11
83251 14
83259 11
83271 14
83279 11
83291 14
83299 11
83311 14
83319 11
83331 14
83339 11
83351 14
83359 11
83371 14
83379 11
83391 14
83399 11
83411 14
83419 11
83431 14
83439 11
83451 14
83459 11
83471 14
83479 11
83491 14
83499 11
83511 14
83519 11
83531 14
83539 11
83551 14
83559 11
83571 14
83579 11
83591 14
83599 11
83611 14
83619 11
83631 14
83639 11
83651 14
83659 11
83671 14
83679 11
83691 14
83699 11
83711 14
83719 11
83731 14
83739 11
83751 14
83759 11
83771 14
83779 11
83791 14
83799 11
83811 14
83819 11
83831 14
83839 11
83851 14
83859 11
83871 14
83879 11
83891 14
83899 11
83911 14
83919 11
83931 14
83939 11
83951 14
83959 11
83971 14
83979 11
83991 14
83999 11
84011 14
84019 11
84031 14
84039 11
84051 14
84059 11
84071 14
84079 11
84091 14
84099 11
84111 14
84119 11
84131 14
84139 11
84151 14
84159 11
84171 14
84179 11
84191 14
84199 11
84211 14
84219 11
84231 14
84239 11
84251 14
84259 11
84271 14
84279 11
84291 14
84299 11
84311 14
84319 11
84331 14
84339 11
84351 14
84359 11
84371 14
84379 11
84391 14
84399 11
84411 14
84419 11
84431 14
84439 11
84451 14
84459 11
84471 14
84479 11
84491 14
84499 11
84511 14
84519 11
84531 14
84539 11
84551 14
84559 11
84571 14
84579 11
84591 14
84599 11
84611 14
84619 11
84631 14
84639 11
84651 14
84659 11
84671 14
84679 11
84691 14
84699 11
84711 14
84719 11
84731 14
84739 11
84751 14
84759 11
84771 14
84779 11
84791 14
84799 11
84811 14
84819 11
84831 14
84839 11
84851 14
84859 11
84871 14
84879 11
84891 14
84899 11
84911 14
84919 11
84931 14
84939 11
84951 14
84959 11
84971 14
84979 11
84991 14
84999 11
85011 14
85019 11
85031 14
85039 11
85051 14
85059 11
85071 14
85079 11
85091 14
85099 11
85111 14
85119 11
85131 14
85139 11
85151 14
85159 11
85171 14
85179 11
85191 14
85199 11
85211 14
85219 11
85231 14
85239 11
85251 14
85259 11
85271 14
85279 11
85291 14
85299 11
85311 14
85319 11
85331 14
85339 11
85351 14
85359 11
85371 14
85379 11
85391 14
85399 11
85411 14
85419 11
85431 14
85439 11
85451 14
85459 11
85471 14
85479 11
85491 14
85499 11
85511 14
85519 11
85531 14
85539 11
85551 14
85559 11
85571 14
85579 11
85591 14
85599 11
85611 14
85619 11
85631 14
85639 11
85651 14
85659 11
85671 14
85679 11
85691 14
85699 11
85711 14
85719 11
85731 14
85739 11
85751 14
85759 11
85771 14
85779 11
85791 14
85799 11
85811 14
85819 11
85831 14
85839 11
85851 14
85859 11
85871 14
85879 11
85891 14
85899 11
85911 14
85919 11
85931 14
85939 11
85951 14
85959 11
85971 14
85979 11
85991 14
85999 11
86011 14
86019 11
86031 14
86039 11
86051 14
86059 11
86071 14
86079 11
86091 14
86099 11
86111 14
86119 11
86131 14
86139 11
86151 14
86159 11
86171 14
86179 11
86191 14
86199 11
86211 14
86219 11
86231 14
86239 11
86251 14
86259 11
86271 14
86279 11
86291 14
86299 11
86311 14
86319 11
86331 14
86339 11
86351 14
86359 11
86371 14
86379 11
86391 14
86399 11
86411 14
86419 11
86431 14
86439 11
86451 14
86459 11
86471 14
86479 11
86491 14
86499 11
86511 14
86519 11
86531 14
86539 11
86551 14
86559 11
86571 14
86579 11
86591 14
86599 11
86611 14
86619 11
86631 14
86639 11
86651 14
86659 11
86671 14
86679 11
86691 14
86699 11
86711 14
86719 11
86731 14
86739 11
86751 14
86759 11
86771 14
86779 11
86791 14
86799 11
86811 14
86819 11
86831 14
86839 11
86851 14
86859 11
86871 14
86879 11
86891 14
86899 11
86911 14
86919 11
86931 14
86939 11
86951 14
86959 11
86971 14
86979 11
86991 14
86999 11
87011 14
87019 11
87031 14
87039 11
87051 14
87059 11
87071 14
87079 11
87091 14
87099 11
87111 14
87119 11
87131 14
87139 11
87151 14
87159 11
87171 14
87179 11
87191 14
87199 11
87211 14
87219 11
87231 14
87239 11
87251 14
87259 11
87271 14
87279 11
87291 14
87299 11
87311 14
87319 11
87331 14
87339 11
87351 14
87359 11
87371 14
87379 11
87391 14
87399 11
87411 14
87419 11
87431 14
87439 11
87451 14
87459 11
87471 14
87479 11
87491 14
87499 11
87511 14
87519 11
87531 14
87539 11
87551 14
87559 11
87571 14
87579 11
87591 14
87599 11
87611 14
87619 11
87631 14
87639 11
87651 14
87659 11
87671 14
87679 11
87691 14
87699 11
87711 14
87719 11
87731 14
87739 11
87751 14
87759 11
87771 14
87779 11
87791 14
87799 11
87811 14
87819 11
87831 14
87839 11
87851 14
87859 11
87871 14
87879 11
87891 14
87899 11
87911 14
87919 11
87931 14
87939 11
87951 14
87959 11
87971 14
87979 11
87991 14
87999 11
88011 14
88019 11
88031 14
88039 11
88051 14
88059 11
88071 14
88079 11
88091 14
88099 11
88111 14
88119 11
88131 14
88139 11
88151 14
88159 11
88171 14
88179 11
88191 14
88199 11
88211 14
88219 11
88231 14
88239 11
88251 14
88259 11
88271 14
88279 11
88291 14
88299 11
88311 14
88319 11
88331 14
88339 11
88351 14
88359 11
88371 14
88379 11
88391 14
88399 11
88411 14
88419 11
88431 14
88439 11
88451 14
88459 11
88471 14
88479 11
88491 14
88499 11
88511 14
88519 11
88531 14
88539 11
88551 14
88559 11
88571 14
88579 11
88591 14
88599 11
88611 14
88619 11
88631 14
88639 11
88651 14
88659 11
88671 14
88679 11
88691 14
88699 11
88711 14
88719 11
88731 14
88739 11
88751 14
88759 11
88771 14
88779 11
88791 14
88799 11
88811 14
88819 11
88831 14
88839 11
88851 14
88859 11
88871 14
88879 11
88891 14
88899 11
88911 14
88919 11
88931 14
88939 11
88951 14
88959 11
88971 14
88979 11
88991 14
88999 11
89011 14
89019 11
89031 14
89039 11
89051 14
89059 11
89071 14
89079 11
89091 14
89099 11
89111 14
89119 11
89131 14
89139 11
89151 14
89159 11
89171 14
89179 11
89191 14
89199 11
89211 14
89219 11
89231 14
89239 11
89251 14
89259 11
89271 14
89279 11
89291 14
89299 11
89311 14
89319 11
89331 14
89339 11
89351 14
89359 11
89371 14
89379 11
89391 14
89399 11
89411 14
89419 11
89431 14
89439 11
89451 14
89459 11
89471 14
89479 11
89491 14
89499 11
89511 14
89519 11
89531 14
89539 11
89551 14
89559 11
89571 14
89579 11
89591 14
89599 11
89611 14
89619 11
89631 14
89639 11
89651 14
89659 11
89671 14
89679 11
89691 14
89699 11
89711 14
89719 11
89731 14
89739 11
89751 14
89759 11
89771 14
89779 11
89791 14
89799 11
89811 14
89819 11
89831 14
89839 11
89851 14
89859 11
89871 14
89879 11
89891 14
89899 11
89911 14
89919 11
89931 14
89939 11
89951 14
89959 11
89971 14
89979 11
89991 14
89999 11
90011 14
90019 11
90031 14
90039 11
90051 14
90059 11
90071 14
90079 11
90091 14
90099 11
90111 14
90119 11
90131 14
90139 11
90151 14
90159 11
90171 14
90179 11
90191 14
90199 11
90211 14
90219 11
90231 14
90239 11
90251 14
90259 11
90271 14
90279 11
90291 14
90299 11
90311 14
90319 11
90331 14
90339 11
90351 14
90359 11
90371 14
90379 11
90391 14
90399 11
90411 14
90419 11
90431 14
90439 11
90451 14
90459 11
90471 14
90479 11
90491 14
90499 11
90511 14
90519 11
90531 14
90539 11
90551 14
90559 11
90571 14
90579 11
90591 14
90599 11
90611 14
90619 11
90631 14
90639 11
90651 14
90659 11
90671 14
90679 11
90691 14
90699 11
90711 14
90719 11
90731 14
90739 11
90751 14
90759 11
90771 14
90779 11
90791 14
90799 11
90811 14
90819 11
90831 14
90839 11
90851 14
90859 11
90871 14
90879 11
90891 14
90899 11
90911 14
90919 11
90931 14
90939 11
90951 14
90959 11
90971 14
90979 11
90991 14
90999 11
91011 14
91019 11
91031 14
91039 11
91051 14
91059 11
91071 14
91079 11
91091 14
91099 11
91111 14
91119 11
91131 14
91139 11
91151 14
91159 11
91171 14
91179 11
91191 14
91199 11
91211 14
91219 11
91231 14
91239 11
91251 14
91259 11
91271 14
91279 11
91291 14
91299 11
91311 14
91319 11
91331 14
91339 11
91351 14
91359 11
91371 14
91379 11
91391 14
91399 11
91411 14
91419 11
91431 14
91439 11
91451 14
91459 11
91471 14
91479 11
91491 14
91499 11
91511 14
91519 11
91531 14
91539 11
91551 14
91559 11
91571 14
91579 11
91591 14
91599 11
91611 14
91619 11
91631 14
91639 11
91651 14
91659 11
91671 14
91679 11
91691 14
91699 11
91711 14
91719 11
91731 14
91739 11
91751 14
91759 11
91771 14
91779 11
91791 14
91799 11
91811 14
91819 11
91831 14
91839 11
91851 14
91859 11
91871 14
91879 11
91891 14
91899 11
91911 14
91919 11
91931 14
91939 11
91951 14
91959 11
91971 14
91979 11
91991 14
91999 11
92011 14
92019 11
92031 14
92039 11
92051 14
92059 11
92071 14
92079 11
92091 14
92099 11
92111 14
92119 11
92131 14
92139 11
92151 14
92159 11
92171 14
92179 11
92191 14
92199 11
92211 14
92219 11
92231 14
92239 11
92251 14
92259 11
92271 14
92279 11
92291 14
92299 11
92311 14
92319 11
92331 14
92339 11
92351 14
92359 11
92371 14
92379 11
92391 14
92399 11
92411 14
92419 11
92431 14
92439 11
92451 14
92459 11
92471 14
92479 11
92491 14
92499 11
92511 14
92519 11
92531 14
92539 11
92551 14
92559 11
92571 14
92579 11
92591 14
92599 11
92611 14
92619 11
92631 14
92639 11
92651 14
92659 11
92671 14
92679 11
92691 14
92699 11
92711 14
92719 11
92731 14
92739 11
92751 14
92759 11
92771 14
92779 11
92791 14
92799 11
92811 14
92819 11
92831 14
92839 11
92851 14
92859 11
92871 14
92879 11
92891 14
92899 11
92911 14
92919 11
92931 14
92939 11
92951 14
92959 11
92971 14
92979 11
92991 14
92999 11
93011 14
93019 11
93031 14
93039 11
93051 14
93059 11
93071 14
93079 11
93091 14
93099 11
93111 14
93119 11
93131 14
93139 11
93151 14
93159 11
93171 14
93179 11
93191 14
93199 11
93211 14
93219 11
93231 14
93239 11
93251 14
93259 11
93271 14
93279 11
93291 14
93299 11
93311 14
93319 11
93331 14
93339 11
93351 14
93359 11
93371 14
93379 11
93391 14
93399 11
93411 14
93419 11
93431 14
93439 11
93451 14
93459 11
93471 14
93479 11
93491 14
93499 11
93511 14
93519 11
93531 14
93539 11
93551 14
93559 11
93571 14
93579 11
93591 14
93599 11
93611 14
93619 11
93631 14
93639 11
93651 14
93659 11
93671 14
93679 11
93691 14
93699 11
93711 14
93719 11
93731 14
93739 11
93751 14
93759 11
93771 14
93779 11
93791 14
93799 11
93811 14
93819 11
93831 14
93839 11
93851 14
93859 11
93871 14
93879 11
93891 14
93899 11
93911 14
93919 11
93931 14
93939 11
93951 14
93959 11
93971 14
93979 11
93991 14
93999 11
94011 14
94019 11
94031 14
94039 11
94051 14
94059 11
94071 14
94079 11
94091 14
94099 11
94111 14
94119 11
94131 14
94139 11
94151 14
94159 11
94171 14
94179 11
94191 14
94199 11
94211 14
94219 11
94231 14
94239 11
94251 14
94259 11
94271 14
94279 11
94291 14
94299 11
94311 14
94319 11
94331 14
94339 11
94351 14
94359 11
94371 14
94379 11
94391 14
94399 11
94411 14
94419 11
94431 14
94439 11
94451 14
94459 11
94471 14
94479 11
94491 14
94499 11
94511 14
94519 11
94531 14
94539 11
94551 14
94559 11
94571 14
94579 11
94591 14
94599 11
94611 14
94619 11
94631 14
94639 11
94651 14
94659 11
94671 14
94679 11
94691 14
94699 11
94711 14
94719 11
94731 14
94739 11
94751 14
94759 11
94771 14
94779 11
94791 14
94799 11
94811 14
94819 11
94831 14
94839 11
94851 14
94859 11
94871 14
94879 11
94891 14
94899 11
94911 14
94919 11
94931 14
94939 11
94951 14
94959 11
94971 14
94979 11
94991 14
94999 11
95011 14
95019 11
95031 14
95039 11
95051 14
95059 11
95071 14
95079 11
95091 14
95099 11
95111 14
95119 11
95131 14
95139 11
95151 14
95159 11
95171 14
95179 11
95191 14
95199 11
95211 14
95219 11
95231 14
95239 11
95251 14
95259 11
95271 14
95279 11
95291 14
95299 11
95311 14
95319 11
95331 14
95339 11
95351 14
95359 11
95371 14
95379 11
95391 14
95399 11
95411 14
95419 11
95431 14
95439 11
95451 14
95459 11
95471 14
95479 11
95491 14
95499 11
95511 14
95519 11
95531 14
95539 11
95551 14
95559 11
95571 14
95579 11
95591 14
95599 11
95611 14
95619 11
95631 14
95639 11
95651 14
95659 11
95671 14
95679 11
95691 14
95699 11
95711 14
95719 11
95731 14
95739 11
95751 14
95759 11
95771 14
95779 11
95791 14
95799 11
95811 14
95819 11
95831 14
95839 11
95851 14
95859 11
95871 14
95879 11
95891 14
95899 11
95911 14
95919 11
95931 14
95939 11
95951 14
95959 11
95971 14
95979 11
95991 14
95999 11
96011 14
96019 11
96031 14
96039 11
96051 14
96059 11
96071 14
96079 11
96091 14
96099 11
96111 14
96119 11
96131 14
96139 11
96151 14
96159 11
96171 14
96179 11
96191 14
96199 11
96211 14
96219 11
96231 14
96239 11
96251 14
96259 11
96271 14
96279 11
96291 14
96299 11
96311 14
96319 11
96331 14
96339 11
96351 14
96359 11
96371 14
96379 11
96391 14
96399 11
96411 14
96419 11
96431 14
96439 11
96451 14
96459 11
96471 14
96479 11
96491 14
96499 11
96511 14
96519 11
96531 14
96539 11
96551 14
96559 11
96571 14
96579 11
96591 14
96599 11
96611 14
96619 11
96631 14
96639 11
96651 14
96659 11
96671 14
96679 11
96691 14
96699 11
96711 14
96719 11
96731 14
96739 11
96751 14
96759 11
96771 14
96779 11
96791 14
96799 11
96811 14
96819 11
96831 14
96839 11
96851 14
96859 11
96871 14
96879 11
96891 14
96899 11
96911 14
96919 11
96931 14
96939 11
96951 14
96959 11
96971 14
96979 11
96991 14
96999 11
97011 14
97019 11
97031 14
97039 11
97051 14
97059 11
97071 14
97079 11
97091 14
97099 11
97111 14
97119 11
97131 14
97139 11
97151 14
97159 11
97171 14
97179 11
97191 14
97199 11
97211 14
97219 11
97231 14
97239 11
97251 14
97259 11
97271 14
97279 11
97291 14
97299 11
97311 14
97319 11
97331 14
97339 11
97351 14
97359 11
97371 14
97379 11
97391 14
97399 11
97411 14
97419 11
97431 14
97439 11
97451 14
97459 11
97471 14
97479 11
97491 14
97499 11
97511 14
97519 11
97531 14
97539 11
97551 14
97559 11
97571 14
97579 11
97591 14
97599 11
97611 14
97619 11
97631 14
97639 11
97651 14
97659 11
97671 14
97679 11
97691 14
97699 11
97711 14
97719 11
97731 14
97739 11
97751 14
97759 11
97771 14
97779 11
97791 14
97799 11
97811 14
97819 11
97831 14
97839 11
97851 14
97859 11
97871 14
97879 11
97891 14
97899 11
97911 14
97919 11
97931 14
97939 11
97951 14
97959 11
97971 14
97979 11
97991 14
97999 11
98011 14
98019 11
98031 14
98039 11
98051 14
98059 11
98071 14
98079 11
98091 14
98099 11
98111 14
98119 11
98131 14
98139 11
98151 14
98159 11
98171 14
98179 11
98191 14
98199 11
98211 14
98219 11
98231 14
98239 11
98251 14
98259 11
98271 14
98279 11
98291 14
98299 11
98311 14
98319 11
98331 14
98339 11
98351 14
98359 11
98371 14
98379 11
98391 14
98399 11
98411 14
98419 11
98431 14
98439 11
98451 14
98459 11
98471 14
98479 11
98491 14
98499 11
98511 14
98519 11
98531 14
98539 11
98551 14
98559 11
98571 14
98579 11
98591 14
98599 11
98611 14
98619 11
98631 14
98639 11
98651 14
98659 11
98671 14
98679 11
98691 14
98699 11
98711 14
98719 11
98731 14
98739 11
98751 14
98759 11
98771 14
98779 11
98791 14
98799 11
98811 14
98819 11
98831 14
98839 11
98851 14
98859 11
98871 14
98879 11
98891 14
98899 11
98911 14
98919 11
98931 14
98939 11
98951 14
98959 11
98971 14
98979 11
98991 14
98999 11
99011 14
99019 11
99031 14
99039 11
99051 14
99059 11
99071 14
99079 11
99091 14
99099 11
99111 14
99119 11
99131 14
99139 11
99151 14
99159 11
99171 14
99179 11
99191 14
99199 11
99211 14
99219 11
99231 14
99239 11
99251 14
99259 11
99271 14
99279 11
99291 14
99299 11
99311 14
99319 11
99331 14
99339 11
99351 14
99359 11
99371 14
99379 11
99391 14
99399 11
99411 14
99419 11
99431 14
99439 11
99451 14
99459 11
99471 14
99479 11
99491 14
99499 11
99511 14
99519 11
99531 14
99539 11
99551 14
99559 11
99571 14
99579 11
99591 14
99599 11
99611 14
99619 11
99631 14
99639 11
99651 14
99659 11
99671 14
99679 11
99691 14
99699 11
99711 14
99719 11
99731 14
99739 11
99751 14
99759 11
99771 14
99779 11
99791 14
99799 11
99811 14
99819 11
99831 14
99839 11
99851 14
99859 11
99871 14
99879 11
99891 14
99899 11
99911 14
99919 11
99931 14
99939 11
99951 14
99959 11
99971 14
99979 11
99991 14
99999 11
