99799 1649304208
99803 1649304208
99805 1649270960
99811 1649299208
99819 1649299208
99827 1414028224
99831 1649152611
99837 1649226416
99841 192535624
99847 1649299208
99851 1649158681
99857 1649226416
99863 1649299208
99869 1649270960
99873 192534966
99877 1649304208
99885 1529
99891 1649073573
99897 1414028640
99901 1414028416
99905 1414028984
99913 1414031240
99925 1414029488
99928 32767
99931 0
99937 0
99944 539959472
99947 0
99953 1414029960
99961 1
99965 1414030523
99966 32767
99974 1
99975 1
99983 4
99989 1414030520
99993 1414030824
99999 1414030824
