1 5 6 0 0 0.05
2 15 22 0 0 0.15
3 26 26 0 0 0.26
4 22 15 1 0.01 0.22
5 24 19 1 0.01 0.24
6 29 22 3 0.03 0.29
7 24 34 3 0.03 0.24
8 27 32 3 0.03 0.27
9 32 31 3 0.03 0.32
10 31 32 3 0.03 0.31
11 29 36 3 0.03 0.29
12 32 34 3 0.03 0.32
13 30 33 3 0.03 0.3
14 38 36 3 0.03 0.38
15 32 38 3 0.03 0.32
16 31 42 3 0.03 0.31
17 29 33 3 0.03 0.29
18 37 41 3 0.03 0.37
19 35 29 3 0.03 0.35
20 43 33 3 0.03 0.43
21 32 36 3 0.03 0.32
22 29 44 3 0.03 0.29
23 22 52 3 0.03 0.22
24 27 55 3 0.03 0.27
25 29 42 3 0.03 0.29
26 42 39 3 0.03 0.42
27 48 28 3 0.03 0.48
28 63 24 3 0.03 0.63
29 52 32 3 0.03 0.52
30 40 45 3 0.03 0.4
31 22 62 3 0.03 0.22
32 22 65 3 0.03 0.22
33 17 75 3 0.03 0.17
34 20 70 3 0.03 0.2
35 33 60 3 0.03 0.33
36 42 48 3 0.03 0.42
37 58 38 3 0.03 0.58
38 65 32 3 0.03 0.65
39 72 28 3 0.03 0.72
40 72 28 3 0.03 0.72
41 67 32 3 0.03 0.67
42 61 38 3 0.03 0.61
43 58 44 4 0.04 0.58
44 56 46 4 0.04 0.56
45 55 48 4 0.04 0.55
46 53 50 4 0.04 0.53
47 50 53 4 0.04 0.5
48 50 54 4 0.04 0.5
49 50 54 4 0.04 0.5
50 50 54 4 0.04 0.5
51 50 54 4 0.04 0.5
52 50 54 4 0.04 0.5
53 50 54 4 0.04 0.5
54 50 54 4 0.04 0.5
55 50 54 4 0.04 0.5
56 50 54 4 0.04 0.5
57 50 54 4 0.04 0.5
58 50 54 4 0.04 0.5
