1 81 76 63 0.63 0.81
2 79 71 53 0.53 0.79
3 60 54 16 0.16 0.6
4 51 56 14 0.14 0.51
5 54 65 30 0.3 0.54
6 43 56 23 0.23 0.43
7 45 43 17 0.17 0.45
8 40 41 12 0.12 0.4
9 33 38 10 0.1 0.33
10 33 36 10 0.1 0.33
11 33 29 10 0.1 0.33
12 33 30 8 0.08 0.33
13 29 28 8 0.08 0.29
14 20 26 4 0.04 0.2
15 22 27 5 0.05 0.22
16 27 29 6 0.06 0.27
17 31 28 8 0.08 0.31
18 28 20 9 0.09 0.28
19 33 25 5 0.05 0.33
20 22 32 6 0.06 0.22
21 20 33 7 0.07 0.2
22 19 29 8 0.08 0.19
23 17 25 4 0.04 0.17
24 18 13 1 0.01 0.18
25 26 17 4 0.04 0.26
26 24 11 4 0.04 0.24
27 27 9 4 0.04 0.27
28 12 11 0 0 0.12
29 7 20 1 0.01 0.07
30 5 21 2 0.02 0.05
31 5 18 1 0.01 0.05
32 4 15 0 0 0.04
33 7 7 0 0 0.07
34 11 4 1 0.01 0.11
35 12 2 1 0.01 0.12
36 14 2 0 0 0.14
37 6 1 0 0 0.06
38 6 1 0 0 0.06
39 2 2 0 0 0.02
40 0 4 0 0 0
41 0 6 0 0 0
42 0 5 0 0 0
43 0 2 0 0 0
44 0 2 0 0 0
45 0 1 0 0 0
46 0 1 0 0 0
47 0 1 0 0 0
48 0 0 0 0 0
49 0 0 0 0 0
50 0 0 0 0 0
51 0 0 0 0 0
52 0 0 0 0 0
53 0 0 0 0 0
54 0 0 0 0 0
55 0 0 0 0 0
56 0 0 0 0 0
57 0 0 0 0 0
58 0 0 0 0 0
