1 306 35 31 0.215686
2 315 12 14 0.0825397
3 334 4 5 0.0269461
4 318 7 10 0.0534591
5 354 19 24 0.121469
6 268 12 9 0.0783582
7 275 17 12 0.105455
8 211 15 20 0.165877
9 246 16 14 0.121951
10 237 19 17 0.151899
11 178 14 14 0.157303
12 163 18 17 0.214724
13 153 14 14 0.183007
14 143 10 13 0.160839
15 159 14 15 0.18239
16 146 22 22 0.30137
17 163 20 13 0.202454
18 163 15 15 0.184049
19 131 19 17 0.274809
20 175 13 24 0.211429
21 157 12 15 0.171975
22 156 13 16 0.185897
23 141 10 14 0.170213
24 119 14 7 0.176471
25 103 24 15 0.378641
26 112 16 6 0.196429
27 97 18 9 0.278351
28 106 12 12 0.226415
29 82 2 19 0.256098
30 74 2 16 0.243243
31 71 2 17 0.267606
32 69 7 6 0.188406
33 57 6 8 0.245614
34 40 10 3 0.325
35 40 15 2 0.425
36 44 12 0 0.272727
37 52 10 1 0.211538
38 23 7 0 0.304348
39 22 5 2 0.318182
40 11 1 4 0.454545
41 14 0 6 0.428571
42 23 0 5 0.217391
43 11 0 3 0.272727
44 7 0 2 0.285714
45 4 0 1 0.25
46 5 0 2 0.4
47 7 0 3 0.428571
48 3 0 0 0
49 0 0 0 0
50 0 0 0 0
51 0 0 0 0
52 0 0 0 0
53 0 0 0 0
54 0 0 0 0
55 0 0 0 0
56 0 0 0 0
57 0 0 0 0
58 0 0 0 0
