99799 1615532688
99803 1615532688
99805 1615499440
99811 1615527688
99819 1615527688
99827 1447906240
99831 1615381091
99837 1615454896
99841 158657608
99847 1615527688
99851 1615387161
99857 1615454896
99863 1615527688
99869 1615499440
99873 158656950
99877 1615532688
99885 1529
99891 1615302053
99897 1447906656
99901 1447906432
99905 1447907000
99913 1447909256
99925 1447907504
99928 32767
99931 0
99937 0
99944 539959472
99947 0
99953 1447907976
99961 1
99965 1447908539
99966 32767
99974 1
99975 1
99983 4
99989 1447908536
99993 1447908840
99999 1447908840
