99801 158656950
99809 1447906144
99813 1447906288
99816 32767
99821 1447906144
99825 1396750170
99829 1447906336
99835 1447907052
99839 1615527688
99843 1130254552
99849 158656950
99853 1447906336
99857 1447906936
99863 1447906872
99867 1447908540
99868 32767
99875 1447908540
99881 1447907000
99889 1447909256
99901 1447906528
99905 1447907096
99911 1447907064
99915 1447908635
99925 1447907600
99929 1447907976
99934 7
99937 1
99941 1447908539
99942 32767
99953 1447908072
99955 1
99961 1
99965 1447908635
99966 32767
99974 1
99983 4
99989 1447908632
99999 1400952320
