1 444 435 0 0 0.444
2 428 424 0 0 0.428
3 282 329 0 0 0.282
4 195 280 0 0 0.195
5 210 291 0 0 0.21
6 255 297 0 0 0.255
7 293 268 0 0 0.293
8 317 231 0 0 0.317
9 303 213 0 0 0.303
10 257 196 0 0 0.257
11 209 184 0 0 0.209
12 186 216 0 0 0.186
13 174 244 0 0 0.174
14 150 248 0 0 0.15
15 139 199 0 0 0.139
16 156 167 0 0 0.156
17 196 149 0 0 0.196
18 239 153 0 0 0.239
19 256 132 0 0 0.256
20 212 140 0 0 0.212
21 159 167 0 0 0.159
22 138 201 0 0 0.138
23 123 212 0 0 0.123
24 130 196 0 0 0.13
25 132 193 0 0 0.132
26 132 180 0 0 0.132
27 161 149 0 0 0.161
28 183 124 0 0 0.183
29 207 108 0 0 0.207
30 217 105 0 0 0.217
31 194 122 0 0 0.194
32 163 165 0 0 0.163
33 124 207 0 0 0.124
34 115 233 0 0 0.115
35 107 252 0 0 0.107
36 110 218 0 0 0.11
37 142 159 0 0 0.142
38 207 112 0 0 0.207
39 249 79 0 0 0.249
40 252 93 0 0 0.252
41 222 101 0 0 0.222
42 163 119 0 0 0.163
43 111 144 0 0 0.111
44 89 185 0 0 0.089
45 77 216 0 0 0.077
46 97 254 0 0 0.097
47 123 241 0 0 0.123
48 142 177 0 0 0.142
49 159 110 0 0 0.159
50 189 84 0 0 0.189
51 205 86 0 0 0.205
52 233 99 0 0 0.233
53 207 113 0 0 0.207
54 157 140 0 0 0.157
55 111 173 0 0 0.111
56 77 217 0 0 0.077
57 73 235 0 0 0.073
58 99 204 0 0 0.099
59 130 167 0 0 0.13
60 156 120 0 0 0.156
61 196 82 0 0 0.196
62 228 61 0 0 0.228
63 243 54 0 0 0.243
64 222 70 0 0 0.222
65 152 113 0 0 0.152
66 89 158 0 0 0.089
67 65 213 0 0 0.065
68 53 270 0 0 0.053
69 51 283 0 0 0.051
70 57 238 0 0 0.057
71 85 133 0 0 0.085
72 146 69 0 0 0.146
73 202 43 0 0 0.202
74 258 30 0 0 0.258
75 283 32 0 0 0.283
76 242 42 0 0 0.242
77 149 69 0 0 0.149
78 68 100 0 0 0.068
79 34 142 0 0 0.034
80 29 178 0 0 0.029
81 36 212 0 0 0.036
82 40 200 0 0 0.04
83 48 175 0 0 0.048
84 75 167 0 0 0.075
85 98 147 0 0 0.098
86 138 106 0 0 0.138
87 163 75 0 0 0.163
88 193 68 0 0 0.193
89 229 69 0 0 0.229
90 210 89 0 0 0.21
91 167 104 0 0 0.167
92 136 120 0 0 0.136
93 109 140 0 0 0.109
94 111 181 0 0 0.111
95 108 207 0 0 0.108
96 87 211 0 0 0.087
97 95 181 0 0 0.095
98 118 161 0 0 0.118
99 150 142 0 0 0.15
100 203 112 0 0 0.203
101 233 87 0 0 0.233
102 220 83 0 0 0.22
103 189 95 0 0 0.189
104 139 121 0 0 0.139
105 94 170 0 0 0.094
106 77 214 0 0 0.077
107 75 231 0 0 0.075
108 86 218 0 0 0.086
109 108 173 0 0 0.108
110 151 124 0 0 0.151
111 194 94 0 0 0.194
112 235 67 0 0 0.235
113 242 69 0 0 0.242
114 227 94 0 0 0.227
115 162 125 0 0 0.162
116 91 164 0 0 0.091
117 57 201 0 0 0.057
118 50 233 0 0 0.05
119 57 234 0 0 0.057
120 71 200 0 0 0.071
121 101 138 0 0 0.101
122 124 83 0 0 0.124
123 153 62 0 0 0.153
124 222 50 0 0 0.222
125 273 52 0 0 0.273
126 236 68 0 0 0.236
127 158 93 0 0 0.158
128 100 118 0 0 0.1
129 76 133 0 0 0.076
130 63 169 0 0 0.063
131 52 208 0 0 0.052
132 74 251 0 0 0.074
133 104 234 0 0 0.104
134 116 166 0 0 0.116
135 149 109 0 0 0.149
136 166 53 0 0 0.166
137 199 48 0 0 0.199
138 219 53 0 0 0.219
139 211 76 0 0 0.211
140 162 110 0 0 0.162
141 114 127 0 0 0.114
142 88 136 0 0 0.088
143 72 157 0 0 0.072
144 72 144 0 0 0.072
145 78 156 0 0 0.078
146 97 170 0 0 0.097
147 107 173 0 0 0.107
148 103 163 0 0 0.103
149 111 139 0 0 0.111
150 152 112 0 0 0.152
151 184 85 0 0 0.184
152 187 97 0 0 0.187
153 193 103 0 0 0.193
154 186 122 0 0 0.186
155 143 124 0 0 0.143
156 103 147 0 0 0.103
157 99 166 0 0 0.099
158 103 171 0 0 0.103
159 122 172 0 0 0.122
160 124 171 0 0 0.124
161 137 155 0 0 0.137
162 160 133 0 0 0.16
163 173 116 0 0 0.173
164 157 105 0 0 0.157
165 147 114 0 0 0.147
166 147 140 0 0 0.147
167 138 155 0 0 0.138
168 143 163 0 0 0.143
169 133 174 0 0 0.133
170 122 163 0 0 0.122
171 140 155 0 0 0.14
172 142 136 0 0 0.142
173 150 141 0 0 0.15
174 168 131 0 0 0.168
175 154 111 0 0 0.154
176 133 127 0 0 0.133
177 148 157 0 0 0.148
178 155 167 0 0 0.155
179 149 173 0 0 0.149
180 136 177 0 0 0.136
181 138 177 0 0 0.138
182 156 155 0 0 0.156
183 172 142 0 0 0.172
184 190 113 0 0 0.19
185 171 110 0 0 0.171
186 149 123 0 0 0.149
187 141 140 0 0 0.141
188 132 169 0 0 0.132
189 127 190 0 0 0.127
190 116 176 0 0 0.116
191 115 162 0 0 0.115
192 116 150 0 0 0.116
193 131 150 0 0 0.131
194 154 149 0 0 0.154
195 178 120 0 0 0.178
196 192 112 0 0 0.192
197 214 130 0 0 0.214
198 200 143 0 0 0.2
199 165 160 0 0 0.165
200 129 172 0 0 0.129
201 112 189 0 0 0.112
202 118 215 0 0 0.118
203 127 213 0 0 0.127
204 127 165 0 0 0.127
205 141 135 0 0 0.141
206 191 123 0 0 0.191
207 212 101 0 0 0.212
208 195 106 0 0 0.195
209 171 121 0 0 0.171
210 150 132 0 0 0.15
211 126 155 0 0 0.126
212 111 178 0 0 0.111
213 105 204 0 0 0.105
214 102 194 0 0 0.102
215 124 166 0 0 0.124
216 145 149 0 0 0.145
217 158 107 0 0 0.158
218 189 81 0 0 0.189
219 203 75 0 0 0.203
220 193 82 0 0 0.193
221 176 120 0 0 0.176
222 129 155 0 0 0.129
223 95 182 0 0 0.095
224 76 195 0 0 0.076
225 87 217 0 0 0.087
226 98 221 0 0 0.098
227 118 183 0 0 0.118
228 161 133 0 0 0.161
229 197 93 0 0 0.197
230 204 70 0 0 0.204
231 190 80 0 0 0.19
232 194 108 0 0 0.194
233 175 137 0 0 0.175
234 120 176 0 0 0.12
235 81 200 0 0 0.081
236 64 224 0 0 0.064
237 74 241 0 0 0.074
238 117 190 0 0 0.117
239 170 117 0 0 0.17
240 223 74 0 0 0.223
241 273 59 0 0 0.273
242 268 48 0 0 0.268
243 192 57 0 0 0.192
244 109 83 0 0 0.109
245 60 130 0 0 0.06
246 42 203 0 0 0.042
247 36 263 0 0 0.036
248 33 285 0 0 0.033
249 36 241 0 0 0.036
250 56 135 0 0 0.056
251 91 56 0 0 0.091
252 144 35 0 0 0.144
253 218 21 0 0 0.218
254 271 19 0 0 0.271
255 252 26 0 0 0.252
256 191 35 0 0 0.191
257 117 57 0 0 0.117
258 61 117 0 0 0.061
259 37 218 0 0 0.037
260 19 270 0 0 0.019
261 13 219 0 0 0.013
262 15 165 0 0 0.015
263 33 145 0 0 0.033
264 64 104 0 0 0.064
265 107 62 0 0 0.107
266 143 44 0 0 0.143
267 167 27 0 0 0.167
268 171 25 0 0 0.171
269 182 32 0 0 0.182
270 197 50 0 0 0.197
271 175 74 0 0 0.175
272 134 120 0 0 0.134
273 94 173 0 0 0.094
274 63 179 0 0 0.063
275 38 164 0 0 0.038
276 35 175 0 0 0.035
277 52 159 0 0 0.052
278 94 153 0 0 0.094
279 130 140 0 0 0.13
280 140 98 0 0 0.14
281 150 62 0 0 0.15
282 155 59 0 0 0.155
283 158 72 0 0 0.158
284 153 84 0 0 0.153
285 159 107 0 0 0.159
286 159 104 0 0 0.159
287 119 105 0 0 0.119
288 93 111 0 0 0.093
289 85 123 0 0 0.085
290 81 153 0 0 0.081
291 93 172 0 0 0.093
292 108 169 0 0 0.108
293 113 174 0 0 0.113
294 132 149 0 0 0.132
295 161 112 0 0 0.161
296 184 78 0 0 0.184
297 179 63 0 0 0.179
298 167 99 0 0 0.167
299 144 139 0 0 0.144
300 102 165 0 0 0.102
301 74 184 0 0 0.074
302 78 185 0 0 0.078
303 90 156 0 0 0.09
304 122 150 0 0 0.122
305 129 156 0 0 0.129
306 142 140 0 0 0.142
307 133 115 0 0 0.133
308 139 96 0 0 0.139
309 162 93 0 0 0.162
310 189 92 0 0 0.189
311 188 89 0 0 0.188
312 180 95 0 0 0.18
313 158 119 0 0 0.158
314 123 156 0 0 0.123
315 91 201 0 0 0.091
316 67 237 0 0 0.067
317 77 248 0 0 0.077
318 86 201 0 0 0.086
319 115 136 0 0 0.115
320 172 88 0 0 0.172
321 203 70 0 0 0.203
322 187 66 0 0 0.187
323 211 83 0 0 0.211
324 210 108 0 0 0.21
325 171 129 0 0 0.171
326 115 143 0 0 0.115
327 84 159 0 0 0.084
328 79 160 0 0 0.079
329 80 148 0 0 0.08
330 101 145 0 0 0.101
331 127 156 0 0 0.127
332 149 149 0 0 0.149
333 154 125 0 0 0.154
334 143 118 0 0 0.143
335 135 135 0 0 0.135
336 137 149 0 0 0.137
337 149 144 0 0 0.149
338 148 141 0 0 0.148
339 142 132 0 0 0.142
340 152 132 0 0 0.152
341 153 144 0 0 0.153
342 180 144 0 0 0.18
343 186 143 0 0 0.186
344 156 146 0 0 0.156
345 128 171 0 0 0.128
346 109 191 0 0 0.109
347 90 184 0 0 0.09
348 112 183 0 0 0.112
349 153 158 0 0 0.153
350 193 123 0 0 0.193
351 218 107 0 0 0.218
352 225 103 0 0 0.225
353 188 106 0 0 0.188
354 150 145 0 0 0.15
355 110 189 0 0 0.11
356 83 226 0 0 0.083
357 77 227 0 0 0.077
358 100 178 0 0 0.1
359 125 124 0 0 0.125
360 178 92 0 0 0.178
361 221 95 0 0 0.221
362 218 84 0 0 0.218
363 212 81 0 0 0.212
364 180 89 0 0 0.18
365 142 113 0 0 0.142
366 100 164 0 0 0.1
367 68 227 0 0 0.068
368 56 259 0 0 0.056
369 49 254 0 0 0.049
370 64 204 0 0 0.064
371 101 130 0 0 0.101
372 156 87 0 0 0.156
373 204 46 0 0 0.204
374 251 30 0 0 0.251
375 273 39 0 0 0.273
376 258 68 0 0 0.258
377 161 95 0 0 0.161
378 79 136 0 0 0.079
379 43 195 0 0 0.043
380 27 249 0 0 0.027
381 31 254 0 0 0.031
382 44 235 0 0 0.044
383 76 185 0 0 0.076
384 110 106 0 0 0.11
385 166 40 0 0 0.166
386 213 23 0 0 0.213
387 227 15 0 0 0.227
388 232 16 0 0 0.232
389 212 20 0 0 0.212
390 150 24 0 0 0.15
391 83 53 0 0 0.083
392 42 105 0 0 0.042
393 15 177 0 0 0.015
394 6 231 0 0 0.006
395 12 222 0 0 0.012
396 19 178 0 0 0.019
397 22 158 0 0 0.022
398 33 143 0 0 0.033
399 67 100 0 0 0.067
400 115 73 0 0 0.115
401 181 43 0 0 0.181
402 232 25 0 0 0.232
403 229 20 0 0 0.229
404 219 34 0 0 0.219
405 184 56 0 0 0.184
406 144 89 0 0 0.144
407 77 138 0 0 0.077
408 31 164 0 0 0.031
409 23 192 0 0 0.023
410 27 223 0 0 0.027
411 44 220 0 0 0.044
412 75 191 0 0 0.075
413 110 136 0 0 0.11
414 144 90 0 0 0.144
415 152 61 0 0 0.152
416 168 63 0 0 0.168
417 184 66 0 0 0.184
418 202 80 0 0 0.202
419 198 98 0 0 0.198
420 173 101 0 0 0.173
421 129 128 0 0 0.129
422 79 171 0 0 0.079
423 75 209 0 0 0.075
424 82 239 0 0 0.082
425 103 221 0 0 0.103
426 131 173 0 0 0.131
427 176 124 0 0 0.176
428 208 92 0 0 0.208
429 217 74 0 0 0.217
430 211 64 0 0 0.211
431 204 65 0 0 0.204
432 147 89 0 0 0.147
433 95 143 0 0 0.095
434 73 194 0 0 0.073
435 53 226 0 0 0.053
436 43 206 0 0 0.043
437 49 172 0 0 0.049
438 53 149 0 0 0.053
439 57 128 0 0 0.057
440 101 104 0 0 0.101
441 146 72 0 0 0.146
442 180 45 0 0 0.18
443 220 39 0 0 0.22
444 223 46 0 0 0.223
445 192 58 0 0 0.192
446 158 94 0 0 0.158
447 113 128 0 0 0.113
448 72 161 0 0 0.072
449 58 185 0 0 0.058
450 79 208 0 0 0.079
451 96 215 0 0 0.096
452 103 184 0 0 0.103
453 124 137 0 0 0.124
454 155 101 0 0 0.155
455 177 87 0 0 0.177
456 193 92 0 0 0.193
457 214 112 0 0 0.214
458 195 110 0 0 0.195
459 148 125 0 0 0.148
460 116 157 0 0 0.116
461 95 194 0 0 0.095
462 82 215 0 0 0.082
463 85 215 0 0 0.085
464 94 192 0 0 0.094
465 130 146 0 0 0.13
466 172 113 0 0 0.172
467 202 92 0 0 0.202
468 236 79 0 0 0.236
469 231 84 0 0 0.231
470 179 101 0 0 0.179
471 137 128 0 0 0.137
472 103 139 0 0 0.103
473 85 174 0 0 0.085
474 81 204 0 0 0.081
475 79 223 0 0 0.079
476 70 189 0 0 0.07
477 83 152 0 0 0.083
478 125 121 0 0 0.125
479 182 78 0 0 0.182
480 237 61 0 0 0.237
481 264 58 0 0 0.264
482 211 69 0 0 0.211
483 153 96 0 0 0.153
484 110 138 0 0 0.11
485 70 198 0 0 0.07
486 46 243 0 0 0.046
487 45 281 0 0 0.045
488 57 229 0 0 0.057
489 88 148 0 0 0.088
490 132 92 0 0 0.132
491 152 54 0 0 0.152
492 171 35 0 0 0.171
493 182 33 0 0 0.182
494 190 42 0 0 0.19
495 185 55 0 0 0.185
496 153 79 0 0 0.153
497 124 121 0 0 0.124
498 90 152 0 0 0.09
499 53 178 0 0 0.053
500 35 181 0 0 0.035
501 40 177 0 0 0.04
502 66 145 0 0 0.066
503 111 149 0 0 0.111
504 126 123 0 0 0.126
505 129 90 0 0 0.129
506 147 76 0 0 0.147
507 162 72 0 0 0.162
508 171 84 0 0 0.171
509 184 103 0 0 0.184
510 170 136 0 0 0.17
511 132 157 0 0 0.132
512 103 170 0 0 0.103
513 76 157 0 0 0.076
514 82 151 0 0 0.082
515 125 178 0 0 0.125
516 162 171 0 0 0.162
517 165 135 0 0 0.165
518 190 104 0 0 0.19
519 191 88 0 0 0.191
520 171 98 0 0 0.171
521 167 108 0 0 0.167
522 162 137 0 0 0.162
523 116 172 0 0 0.116
524 83 202 0 0 0.083
525 80 222 0 0 0.08
526 95 222 0 0 0.095
527 128 200 0 0 0.128
528 149 142 0 0 0.149
529 184 90 0 0 0.184
530 207 67 0 0 0.207
531 205 72 0 0 0.205
532 197 88 0 0 0.197
533 185 116 0 0 0.185
534 147 159 0 0 0.147
535 101 189 0 0 0.101
536 80 206 0 0 0.08
537 88 219 0 0 0.088
538 101 205 0 0 0.101
539 133 178 0 0 0.133
540 186 139 0 0 0.186
541 219 103 0 0 0.219
542 207 92 0 0 0.207
543 184 97 0 0 0.184
544 162 126 0 0 0.162
545 141 187 0 0 0.141
546 133 206 0 0 0.133
547 121 191 0 0 0.121
548 100 180 0 0 0.1
549 113 153 0 0 0.113
550 124 125 0 0 0.124
551 142 107 0 0 0.142
552 176 111 0 0 0.176
553 204 122 0 0 0.204
554 166 125 0 0 0.166
555 137 137 0 0 0.137
556 125 168 0 0 0.125
557 117 170 0 0 0.117
558 121 180 0 0 0.121
559 100 177 0 0 0.1
560 115 157 0 0 0.115
561 136 121 0 0 0.136
562 158 100 0 0 0.158
563 163 92 0 0 0.163
564 176 86 0 0 0.176
565 186 78 0 0 0.186
566 192 102 0 0 0.192
567 167 136 0 0 0.167
568 120 176 0 0 0.12
569 77 194 0 0 0.077
570 61 197 0 0 0.061
571 69 194 0 0 0.069
572 81 195 0 0 0.081
573 100 174 0 0 0.1
574 112 122 0 0 0.112
575 135 84 0 0 0.135
576 184 49 0 0 0.184
577 209 33 0 0 0.209
578 226 47 0 0 0.226
579 205 75 0 0 0.205
580 147 122 0 0 0.147
581 107 156 0 0 0.107
582 57 187 0 0 0.057
583 42 208 0 0 0.042
584 50 187 0 0 0.05
585 72 170 0 0 0.072
586 107 138 0 0 0.107
587 142 122 0 0 0.142
588 158 94 0 0 0.158
589 154 80 0 0 0.154
590 142 78 0 0 0.142
591 148 98 0 0 0.148
592 150 134 0 0 0.15
593 163 137 0 0 0.163
594 163 134 0 0 0.163
595 143 138 0 0 0.143
596 122 136 0 0 0.122
597 126 128 0 0 0.126
598 149 139 0 0 0.149
599 146 137 0 0 0.146
600 135 147 0 0 0.135
601 119 159 0 0 0.119
602 119 163 0 0 0.119
603 138 170 0 0 0.138
604 140 168 0 0 0.14
605 142 144 0 0 0.142
606 161 132 0 0 0.161
607 167 137 0 0 0.167
608 167 133 0 0 0.167
609 160 127 0 0 0.16
610 160 110 0 0 0.16
611 156 121 0 0 0.156
612 140 135 0 0 0.14
613 138 161 0 0 0.138
614 124 179 0 0 0.124
615 103 190 0 0 0.103
616 96 213 0 0 0.096
617 104 175 0 0 0.104
618 124 139 0 0 0.124
619 167 97 0 0 0.167
620 201 80 0 0 0.201
621 218 75 0 0 0.218
622 207 89 0 0 0.207
623 162 122 0 0 0.162
624 130 158 0 0 0.13
625 92 205 0 0 0.092
626 73 236 0 0 0.073
627 74 230 0 0 0.074
628 104 189 0 0 0.104
629 173 134 0 0 0.173
630 228 90 0 0 0.228
631 243 74 0 0 0.243
632 237 73 0 0 0.237
633 193 87 0 0 0.193
634 151 123 0 0 0.151
635 99 176 0 0 0.099
636 63 240 0 0 0.063
637 62 265 0 0 0.062
638 73 237 0 0 0.073
639 99 180 0 0 0.099
640 154 131 0 0 0.154
641 170 86 0 0 0.17
642 176 57 0 0 0.176
643 191 45 0 0 0.191
644 190 56 0 0 0.19
645 171 74 0 0 0.171
646 137 111 0 0 0.137
647 118 162 0 0 0.118
648 93 190 0 0 0.093
649 77 217 0 0 0.077
650 69 227 0 0 0.069
651 84 191 0 0 0.084
652 104 151 0 0 0.104
653 146 116 0 0 0.146
654 198 74 0 0 0.198
655 209 54 0 0 0.209
656 220 58 0 0 0.22
657 214 80 0 0 0.214
658 167 107 0 0 0.167
659 115 143 0 0 0.115
660 70 191 0 0 0.07
661 61 224 0 0 0.061
662 64 248 0 0 0.064
663 73 230 0 0 0.073
664 82 168 0 0 0.082
665 96 118 0 0 0.096
666 140 75 0 0 0.14
667 196 56 0 0 0.196
668 245 52 0 0 0.245
669 262 64 0 0 0.262
670 227 73 0 0 0.227
671 162 100 0 0 0.162
672 106 135 0 0 0.106
673 60 198 0 0 0.06
674 44 270 0 0 0.044
675 42 269 0 0 0.042
676 42 213 0 0 0.042
677 64 149 0 0 0.064
678 91 95 0 0 0.091
679 135 52 0 0 0.135
680 189 37 0 0 0.189
681 224 25 0 0 0.224
682 226 33 0 0 0.226
683 204 49 0 0 0.204
684 165 74 0 0 0.165
685 117 101 0 0 0.117
686 74 127 0 0 0.074
687 42 153 0 0 0.042
688 29 177 0 0 0.029
689 33 179 0 0 0.033
690 46 190 0 0 0.046
691 66 189 0 0 0.066
692 90 146 0 0 0.09
693 125 88 0 0 0.125
694 169 57 0 0 0.169
695 208 42 0 0 0.208
696 235 36 0 0 0.235
697 211 52 0 0 0.211
698 163 79 0 0 0.163
699 110 110 0 0 0.11
700 68 139 0 0 0.068
701 42 182 0 0 0.042
702 42 213 0 0 0.042
703 56 206 0 0 0.056
704 78 184 0 0 0.078
705 116 156 0 0 0.116
706 163 112 0 0 0.163
707 202 84 0 0 0.202
708 214 67 0 0 0.214
709 195 64 0 0 0.195
710 156 71 0 0 0.156
711 125 86 0 0 0.125
712 109 102 0 0 0.109
713 86 127 0 0 0.086
714 67 168 0 0 0.067
715 71 214 0 0 0.071
716 77 206 0 0 0.077
717 82 181 0 0 0.082
718 109 145 0 0 0.109
719 128 110 0 0 0.128
720 157 93 0 0 0.157
721 196 76 0 0 0.196
722 204 73 0 0 0.204
723 197 89 0 0 0.197
724 176 124 0 0 0.176
725 140 168 0 0 0.14
726 102 214 0 0 0.102
727 70 227 0 0 0.07
728 68 209 0 0 0.068
729 65 188 0 0 0.065
730 88 148 0 0 0.088
731 130 101 0 0 0.13
732 175 74 0 0 0.175
733 217 61 0 0 0.217
734 242 61 0 0 0.242
735 229 70 0 0 0.229
736 183 83 0 0 0.183
737 133 109 0 0 0.133
738 103 148 0 0 0.103
739 77 199 0 0 0.077
740 53 238 0 0 0.053
741 48 243 0 0 0.048
742 63 194 0 0 0.063
743 83 140 0 0 0.083
744 122 93 0 0 0.122
745 174 74 0 0 0.174
746 215 52 0 0 0.215
747 237 50 0 0 0.237
748 205 75 0 0 0.205
749 150 99 0 0 0.15
750 115 143 0 0 0.115
751 95 194 0 0 0.095
752 91 207 0 0 0.091
753 79 187 0 0 0.079
754 91 161 0 0 0.091
755 118 153 0 0 0.118
756 131 142 0 0 0.131
757 141 104 0 0 0.141
758 163 72 0 0 0.163
759 145 76 0 0 0.145
760 151 103 0 0 0.151
761 154 132 0 0 0.154
762 142 136 0 0 0.142
763 127 134 0 0 0.127
764 121 144 0 0 0.121
765 119 141 0 0 0.119
766 133 142 0 0 0.133
767 133 139 0 0 0.133
768 142 159 0 0 0.142
769 135 164 0 0 0.135
770 112 156 0 0 0.112
771 99 140 0 0 0.099
772 97 113 0 0 0.097
773 119 108 0 0 0.119
774 143 103 0 0 0.143
775 163 113 0 0 0.163
776 175 127 0 0 0.175
777 180 145 0 0 0.18
778 171 138 0 0 0.171
779 153 149 0 0 0.153
780 135 165 0 0 0.135
781 132 188 0 0 0.132
782 130 199 0 0 0.13
783 158 186 0 0 0.158
784 159 153 0 0 0.159
785 173 145 0 0 0.173
786 190 123 0 0 0.19
787 183 123 0 0 0.183
788 180 131 0 0 0.18
789 148 137 0 0 0.148
790 119 145 0 0 0.119
791 110 162 0 0 0.11
792 115 205 0 0 0.115
793 131 208 0 0 0.131
794 122 168 0 0 0.122
795 124 135 0 0 0.124
796 132 103 0 0 0.132
797 143 84 0 0 0.143
798 162 84 0 0 0.162
799 177 88 0 0 0.177
800 197 106 0 0 0.197
801 172 128 0 0 0.172
802 132 150 0 0 0.132
803 101 146 0 0 0.101
804 82 141 0 0 0.082
805 95 157 0 0 0.095
806 108 184 0 0 0.108
807 129 189 0 0 0.129
808 152 163 0 0 0.152
809 171 137 0 0 0.171
810 166 103 0 0 0.166
811 177 96 0 0 0.177
812 189 122 0 0 0.189
813 163 141 0 0 0.163
814 143 160 0 0 0.143
815 102 190 0 0 0.102
816 82 214 0 0 0.082
817 83 219 0 0 0.083
818 97 188 0 0 0.097
819 147 137 0 0 0.147
820 172 98 0 0 0.172
821 200 64 0 0 0.2
822 234 51 0 0 0.234
823 230 52 0 0 0.23
824 185 79 0 0 0.185
825 118 120 0 0 0.118
826 83 176 0 0 0.083
827 54 220 0 0 0.054
828 48 266 0 0 0.048
829 54 248 0 0 0.054
830 69 187 0 0 0.069
831 102 114 0 0 0.102
832 144 67 0 0 0.144
833 195 51 0 0 0.195
834 207 51 0 0 0.207
835 209 63 0 0 0.209
836 213 81 0 0 0.213
837 169 111 0 0 0.169
838 112 131 0 0 0.112
839 71 162 0 0 0.071
840 51 175 0 0 0.051
841 40 187 0 0 0.04
842 57 186 0 0 0.057
843 91 162 0 0 0.091
844 148 139 0 0 0.148
845 200 97 0 0 0.2
846 231 67 0 0 0.231
847 211 48 0 0 0.211
848 181 56 0 0 0.181
849 159 74 0 0 0.159
850 137 129 0 0 0.137
851 92 198 0 0 0.092
852 48 219 0 0 0.048
853 43 214 0 0 0.043
854 47 213 0 0 0.047
855 60 185 0 0 0.06
856 93 139 0 0 0.093
857 139 88 0 0 0.139
858 208 59 0 0 0.208
859 260 38 0 0 0.26
860 277 39 0 0 0.277
861 227 54 0 0 0.227
862 151 87 0 0 0.151
863 77 136 0 0 0.077
864 39 203 0 0 0.039
865 23 259 0 0 0.023
866 20 271 0 0 0.02
867 24 228 0 0 0.024
868 37 161 0 0 0.037
869 64 100 0 0 0.064
870 99 40 0 0 0.099
871 142 15 0 0 0.142
872 181 8 0 0 0.181
873 201 12 0 0 0.201
874 214 23 0 0 0.214
875 177 36 0 0 0.177
876 150 62 0 0 0.15
877 112 108 0 0 0.112
878 71 143 0 0 0.071
879 53 164 0 0 0.053
880 48 187 0 0 0.048
881 50 195 0 0 0.05
882 51 179 0 0 0.051
883 80 158 0 0 0.08
884 120 134 0 0 0.12
885 150 106 0 0 0.15
886 159 68 0 0 0.159
887 168 50 0 0 0.168
888 169 48 0 0 0.169
889 168 67 0 0 0.168
890 163 94 0 0 0.163
891 150 109 0 0 0.15
892 127 129 0 0 0.127
893 95 143 0 0 0.095
894 89 162 0 0 0.089
895 83 185 0 0 0.083
896 102 213 0 0 0.102
897 125 193 0 0 0.125
898 132 162 0 0 0.132
899 139 149 0 0 0.139
900 151 138 0 0 0.151
901 159 128 0 0 0.159
902 176 122 0 0 0.176
903 174 127 0 0 0.174
904 170 136 0 0 0.17
905 176 134 0 0 0.176
906 168 144 0 0 0.168
907 161 138 0 0 0.161
908 136 138 0 0 0.136
909 116 149 0 0 0.116
910 124 147 0 0 0.124
911 134 178 0 0 0.134
912 124 184 0 0 0.124
913 120 166 0 0 0.12
914 135 153 0 0 0.135
915 155 152 0 0 0.155
916 185 150 0 0 0.185
917 216 116 0 0 0.216
918 202 94 0 0 0.202
919 176 97 0 0 0.176
920 150 116 0 0 0.15
921 124 176 0 0 0.124
922 90 233 0 0 0.09
923 73 241 0 0 0.073
924 68 206 0 0 0.068
925 91 154 0 0 0.091
926 150 121 0 0 0.15
927 239 113 0 0 0.239
928 267 82 0 0 0.267
929 245 54 0 0 0.245
930 199 53 0 0 0.199
931 146 82 0 0 0.146
932 102 151 0 0 0.102
933 68 201 0 0 0.068
934 44 243 0 0 0.044
935 44 250 0 0 0.044
936 55 215 0 0 0.055
937 77 160 0 0 0.077
938 109 104 0 0 0.109
939 175 66 0 0 0.175
940 242 40 0 0 0.242
941 288 29 0 0 0.288
942 264 32 0 0 0.264
943 176 48 0 0 0.176
944 100 76 0 0 0.1
945 54 126 0 0 0.054
946 23 181 0 0 0.023
947 18 225 0 0 0.018
948 21 236 0 0 0.021
949 27 225 0 0 0.027
950 40 195 0 0 0.04
951 68 125 0 0 0.068
952 113 69 0 0 0.113
953 191 32 0 0 0.191
954 248 16 0 0 0.248
955 258 13 0 0 0.258
956 215 12 0 0 0.215
957 162 12 0 0 0.162
958 109 22 0 0 0.109
959 57 45 0 0 0.057
960 22 78 0 0 0.022
961 11 117 0 0 0.011
962 6 164 0 0 0.006
963 8 220 0 0 0.008
964 14 240 0 0 0.014
965 22 196 0 0 0.022
966 38 137 0 0 0.038
967 56 96 0 0 0.056
968 94 72 0 0 0.094
969 138 48 0 0 0.138
970 164 33 0 0 0.164
971 197 32 0 0 0.197
972 216 35 0 0 0.216
973 195 40 0 0 0.195
974 158 56 0 0 0.158
975 126 91 0 0 0.126
976 97 145 0 0 0.097
977 60 225 0 0 0.06
978 45 259 0 0 0.045
979 45 238 0 0 0.045
980 59 184 0 0 0.059
981 92 134 0 0 0.092
982 153 98 0 0 0.153
983 232 72 0 0 0.232
984 248 49 0 0 0.248
985 196 44 0 0 0.196
986 135 66 0 0 0.135
987 106 105 0 0 0.106
988 77 146 0 0 0.077
989 62 195 0 0 0.062
990 63 209 0 0 0.063
991 79 202 0 0 0.079
992 76 153 0 0 0.076
993 87 131 0 0 0.087
994 131 112 0 0 0.131
995 184 88 0 0 0.184
996 242 84 0 0 0.242
997 260 76 0 0 0.26
998 215 75 0 0 0.215
999 155 81 0 0 0.155
1000 115 118 0 0 0.115
1001 90 188 0 0 0.09
1002 68 261 0 0 0.068
1003 53 288 0 0 0.053
1004 59 227 0 0 0.059
1005 83 151 0 0 0.083
1006 126 99 0 0 0.126
1007 184 56 0 0 0.184
1008 235 46 0 0 0.235
1009 230 39 0 0 0.23
1010 201 42 0 0 0.201
1011 161 70 0 0 0.161
1012 133 119 0 0 0.133
1013 96 175 0 0 0.096
1014 42 206 0 0 0.042
1015 35 202 0 0 0.035
1016 40 198 0 0 0.04
1017 59 199 0 0 0.059
1018 94 165 0 0 0.094
1019 146 101 0 0 0.146
1020 175 62 0 0 0.175
1021 198 45 0 0 0.198
1022 231 30 0 0 0.231
1023 250 25 0 0 0.25
1024 197 46 0 0 0.197
1025 112 72 0 0 0.112
1026 55 124 0 0 0.055
1027 32 197 0 0 0.032
1028 18 271 0 0 0.018
1029 17 293 0 0 0.017
1030 24 241 0 0 0.024
1031 43 151 0 0 0.043
1032 75 90 0 0 0.075
1033 125 44 0 0 0.125
1034 195 15 0 0 0.195
1035 259 12 0 0 0.259
1036 273 12 0 0 0.273
1037 240 11 0 0 0.24
1038 186 20 0 0 0.186
1039 114 43 0 0 0.114
1040 52 73 0 0 0.052
1041 16 98 0 0 0.016
1042 3 157 0 0 0.003
1043 2 223 0 0 0.002
1044 1 232 0 0 0.001
1045 1 214 0 0 0.001
1046 0 195 0 0 0
1047 0 156 0 0 0
1048 0 104 0 0 0
1049 0 57 0 0 0
1050 0 17 0 0 0
1051 0 2 0 0 0
1052 0 0 0 0 0
1053 0 0 0 0 0
1054 0 0 0 0 0
1055 0 0 0 0 0
1056 0 0 0 0 0
1057 0 0 0 0 0
1058 0 0 0 0 0
1059 0 0 0 0 0
1060 0 0 0 0 0
1061 0 0 0 0 0
1062 0 0 0 0 0
1063 0 0 0 0 0
1064 0 0 0 0 0
1065 0 0 0 0 0
1066 0 0 0 0 0
1067 0 0 0 0 0
1068 0 0 0 0 0
1069 0 0 0 0 0
1070 0 0 0 0 0
1071 0 0 0 0 0
1072 0 0 0 0 0
