1 12 12 0 0 0.012
2 66 69 0 0 0.066
3 223 183 0 0 0.223
4 301 295 3 0.003 0.301
5 269 323 8 0.008 0.269
6 224 333 16 0.016 0.224
7 237 312 26 0.026 0.237
8 240 305 40 0.04 0.24
9 283 294 50 0.05 0.283
10 332 298 59 0.059 0.332
11 384 305 63 0.063 0.384
12 373 300 65 0.065 0.373
13 344 310 67 0.067 0.344
14 309 365 67 0.067 0.309
15 309 424 67 0.067 0.309
16 291 458 69 0.069 0.291
17 298 434 70 0.07 0.298
18 313 376 70 0.07 0.313
19 368 321 70 0.07 0.368
20 411 311 70 0.07 0.411
21 455 292 71 0.071 0.455
22 424 312 71 0.071 0.424
23 392 348 72 0.072 0.392
24 350 398 73 0.073 0.35
25 320 428 73 0.073 0.32
26 311 452 73 0.073 0.311
27 311 454 73 0.073 0.311
28 320 449 74 0.074 0.32
29 371 391 75 0.075 0.371
30 419 335 75 0.075 0.419
31 458 301 75 0.075 0.458
32 464 283 75 0.075 0.464
33 435 311 75 0.075 0.435
34 379 350 75 0.075 0.379
35 299 419 75 0.075 0.299
36 261 488 75 0.075 0.261
37 242 535 76 0.076 0.242
38 264 496 77 0.077 0.264
39 318 433 78 0.078 0.318
40 396 337 78 0.078 0.396
41 475 281 78 0.078 0.475
42 533 264 78 0.078 0.533
43 554 269 78 0.078 0.554
44 504 301 79 0.079 0.504
45 438 348 79 0.079 0.438
46 333 395 79 0.079 0.333
47 256 459 79 0.079 0.256
48 243 517 79 0.079 0.243
49 272 538 79 0.079 0.272
50 305 502 79 0.079 0.305
51 365 423 79 0.079 0.365
52 404 343 79 0.079 0.404
53 460 300 79 0.079 0.46
54 504 279 79 0.079 0.504
55 496 301 79 0.079 0.496
56 440 347 79 0.079 0.44
57 363 411 81 0.081 0.363
58 292 487 82 0.082 0.292
59 257 529 82 0.082 0.257
60 270 537 82 0.082 0.27
61 320 485 82 0.082 0.32
62 382 412 82 0.082 0.382
63 473 312 82 0.082 0.473
64 556 234 82 0.082 0.556
65 610 207 82 0.082 0.61
66 612 223 82 0.082 0.612
67 533 271 82 0.082 0.533
68 421 338 82 0.082 0.421
69 302 446 82 0.082 0.302
70 219 568 82 0.082 0.219
71 202 662 82 0.082 0.202
72 208 659 82 0.082 0.208
73 258 579 82 0.082 0.258
74 343 451 82 0.082 0.343
75 450 317 82 0.082 0.45
76 586 212 82 0.082 0.586
77 683 181 82 0.082 0.683
78 724 190 82 0.082 0.724
79 674 232 82 0.082 0.674
80 598 277 82 0.082 0.598
81 483 351 82 0.082 0.483
82 405 437 82 0.082 0.405
83 332 527 82 0.082 0.332
84 272 568 82 0.082 0.272
85 236 601 82 0.082 0.236
86 234 604 82 0.082 0.234
87 267 577 82 0.082 0.267
88 331 490 82 0.082 0.331
89 375 409 82 0.082 0.375
90 433 350 82 0.082 0.433
91 499 312 82 0.082 0.499
92 526 300 82 0.082 0.526
93 530 303 82 0.082 0.53
94 482 308 82 0.082 0.482
95 419 348 82 0.082 0.419
96 371 413 82 0.082 0.371
97 331 475 82 0.082 0.331
98 293 510 82 0.082 0.293
99 287 503 82 0.082 0.287
100 304 463 82 0.082 0.304
101 361 401 82 0.082 0.361
102 439 340 82 0.082 0.439
103 509 289 82 0.082 0.509
104 542 280 82 0.082 0.542
105 527 291 82 0.082 0.527
106 454 337 82 0.082 0.454
107 375 401 82 0.082 0.375
108 294 484 82 0.082 0.294
109 267 534 82 0.082 0.267
110 261 546 82 0.082 0.261
111 297 497 82 0.082 0.297
112 361 419 82 0.082 0.361
113 436 335 82 0.082 0.436
114 514 247 82 0.082 0.514
115 565 230 82 0.082 0.565
116 576 251 82 0.082 0.576
117 506 318 82 0.082 0.506
118 416 383 82 0.082 0.416
119 319 472 82 0.082 0.319
120 246 565 82 0.082 0.246
121 226 617 82 0.082 0.226
122 237 638 82 0.082 0.237
123 275 592 82 0.082 0.275
124 322 488 82 0.082 0.322
125 399 358 82 0.082 0.399
126 498 280 82 0.082 0.498
127 580 251 82 0.082 0.58
128 614 250 82 0.082 0.614
129 605 268 82 0.082 0.605
130 546 304 82 0.082 0.546
131 466 356 82 0.082 0.466
132 339 418 82 0.082 0.339
133 263 481 82 0.082 0.263
134 235 565 82 0.082 0.235
135 264 560 82 0.082 0.264
136 318 545 82 0.082 0.318
137 381 454 82 0.082 0.381
138 440 370 82 0.082 0.44
139 516 279 82 0.082 0.516
140 559 251 82 0.082 0.559
141 587 254 82 0.082 0.587
142 573 285 82 0.082 0.573
143 544 309 82 0.082 0.544
144 512 354 82 0.082 0.512
145 459 389 82 0.082 0.459
146 407 408 82 0.082 0.407
147 343 459 82 0.082 0.343
148 337 479 82 0.082 0.337
149 313 519 82 0.082 0.313
150 330 488 82 0.082 0.33
151 356 457 82 0.082 0.356
152 394 404 82 0.082 0.394
153 429 357 82 0.082 0.429
154 471 303 82 0.082 0.471
155 499 316 82 0.082 0.499
156 508 324 82 0.082 0.508
157 479 338 82 0.082 0.479
158 442 366 82 0.082 0.442
159 396 392 82 0.082 0.396
160 367 420 82 0.082 0.367
161 344 446 82 0.082 0.344
162 353 436 82 0.082 0.353
163 369 424 82 0.082 0.369
164 414 406 82 0.082 0.414
165 447 374 82 0.082 0.447
166 432 363 82 0.082 0.432
167 436 353 82 0.082 0.436
168 411 365 82 0.082 0.411
169 393 382 82 0.082 0.393
170 390 407 82 0.082 0.39
171 374 413 82 0.082 0.374
172 380 424 82 0.082 0.38
173 370 421 82 0.082 0.37
174 398 385 82 0.082 0.398
175 416 401 82 0.082 0.416
176 441 381 82 0.082 0.441
177 415 362 82 0.082 0.415
178 409 351 82 0.082 0.409
179 393 367 82 0.082 0.393
180 381 388 82 0.082 0.381
181 362 405 82 0.082 0.362
182 339 432 82 0.082 0.339
183 353 415 82 0.082 0.353
184 389 390 82 0.082 0.389
185 438 363 82 0.082 0.438
186 466 344 82 0.082 0.466
187 471 330 82 0.082 0.471
188 445 336 82 0.082 0.445
189 414 351 82 0.082 0.414
190 392 398 82 0.082 0.392
191 365 440 82 0.082 0.365
192 353 463 82 0.082 0.353
193 327 474 82 0.082 0.327
194 314 465 82 0.082 0.314
195 345 439 82 0.082 0.345
196 380 398 82 0.082 0.38
197 402 336 82 0.082 0.402
198 434 305 82 0.082 0.434
199 457 300 82 0.082 0.457
200 459 322 82 0.082 0.459
201 421 360 82 0.082 0.421
202 359 390 82 0.082 0.359
203 309 433 82 0.082 0.309
204 312 478 82 0.082 0.312
205 309 497 82 0.082 0.309
206 318 450 82 0.082 0.318
207 361 408 82 0.082 0.361
208 417 364 82 0.082 0.417
209 450 340 82 0.082 0.45
210 478 322 82 0.082 0.478
211 469 332 82 0.082 0.469
212 444 349 82 0.082 0.444
213 389 384 82 0.082 0.389
214 353 433 82 0.082 0.353
215 304 488 82 0.082 0.304
216 310 478 82 0.082 0.31
217 330 487 82 0.082 0.33
218 383 429 82 0.082 0.383
219 423 381 82 0.082 0.423
220 497 310 82 0.082 0.497
221 520 266 82 0.082 0.52
222 529 269 82 0.082 0.529
223 501 304 82 0.082 0.501
224 454 357 82 0.082 0.454
225 375 403 82 0.082 0.375
226 311 452 82 0.082 0.311
227 270 511 82 0.082 0.27
228 263 525 82 0.082 0.263
229 305 487 82 0.082 0.305
230 365 443 82 0.082 0.365
231 435 377 82 0.082 0.435
232 470 310 82 0.082 0.47
233 494 276 82 0.082 0.494
234 491 295 82 0.082 0.491
235 460 341 82 0.082 0.46
236 369 425 82 0.082 0.369
237 279 488 82 0.082 0.279
238 235 540 82 0.082 0.235
239 240 555 82 0.082 0.24
240 282 503 82 0.082 0.282
241 368 382 82 0.082 0.368
242 475 291 82 0.082 0.475
243 597 236 82 0.082 0.597
244 668 222 82 0.082 0.668
245 655 237 82 0.082 0.655
246 562 275 82 0.082 0.562
247 433 350 82 0.082 0.433
248 296 468 82 0.082 0.296
249 205 600 82 0.082 0.205
250 183 708 82 0.082 0.183
251 187 748 82 0.082 0.187
252 214 689 82 0.082 0.214
253 266 577 82 0.082 0.266
254 363 429 82 0.082 0.363
255 489 315 82 0.082 0.489
256 617 239 82 0.082 0.617
257 692 216 82 0.082 0.692
258 688 216 82 0.082 0.688
259 574 253 82 0.082 0.574
260 459 334 82 0.082 0.459
261 376 474 82 0.082 0.376
262 300 602 82 0.082 0.3
263 234 670 82 0.082 0.234
264 204 710 82 0.082 0.204
265 199 714 82 0.082 0.199
266 235 660 82 0.082 0.235
267 295 593 82 0.082 0.295
268 365 521 82 0.082 0.365
269 439 429 82 0.082 0.439
270 497 338 82 0.082 0.497
271 556 277 82 0.082 0.556
272 578 250 82 0.082 0.578
273 550 265 82 0.082 0.55
274 516 324 82 0.082 0.516
275 469 411 82 0.082 0.469
276 392 480 82 0.082 0.392
277 335 536 82 0.082 0.335
278 277 558 82 0.082 0.277
279 248 564 82 0.082 0.248
280 271 573 82 0.082 0.271
281 326 544 82 0.082 0.326
282 370 498 82 0.082 0.37
283 414 438 82 0.082 0.414
284 445 400 82 0.082 0.445
285 476 340 82 0.082 0.476
286 487 332 82 0.082 0.487
287 520 338 82 0.082 0.52
288 536 342 82 0.082 0.536
289 515 359 82 0.082 0.515
290 468 380 82 0.082 0.468
291 428 389 82 0.082 0.428
292 376 429 82 0.082 0.376
293 345 450 82 0.082 0.345
294 330 471 82 0.082 0.33
295 351 458 82 0.082 0.351
296 400 420 82 0.082 0.4
297 457 383 82 0.082 0.457
298 484 332 82 0.082 0.484
299 496 303 82 0.082 0.496
300 487 328 82 0.082 0.487
301 451 373 82 0.082 0.451
302 388 431 82 0.082 0.388
303 352 484 82 0.082 0.352
304 303 507 82 0.082 0.303
305 302 495 82 0.082 0.302
306 290 510 82 0.082 0.29
307 312 522 82 0.082 0.312
308 342 505 82 0.082 0.342
309 365 462 82 0.082 0.365
310 396 405 82 0.082 0.396
311 442 363 82 0.082 0.442
312 498 309 82 0.082 0.498
313 524 281 82 0.082 0.524
314 516 287 82 0.082 0.516
315 472 318 82 0.082 0.472
316 385 393 82 0.082 0.385
317 296 461 82 0.082 0.296
318 238 557 82 0.082 0.238
319 235 596 82 0.082 0.235
320 246 576 82 0.082 0.246
321 296 513 82 0.082 0.296
322 362 467 82 0.082 0.362
323 431 357 82 0.082 0.431
324 452 312 82 0.082 0.452
325 520 262 82 0.082 0.52
326 528 296 82 0.082 0.528
327 517 322 82 0.082 0.517
328 473 370 82 0.082 0.473
329 450 404 82 0.082 0.45
330 401 435 82 0.082 0.401
331 375 424 82 0.082 0.375
332 355 429 82 0.082 0.355
333 366 437 82 0.082 0.366
334 384 437 82 0.082 0.384
335 382 430 82 0.082 0.382
336 367 429 82 0.082 0.367
337 374 415 82 0.082 0.374
338 365 428 82 0.082 0.365
339 396 412 82 0.082 0.396
340 392 406 82 0.082 0.392
341 398 387 82 0.082 0.398
342 395 363 82 0.082 0.395
343 402 351 82 0.082 0.402
344 426 354 82 0.082 0.426
345 417 366 82 0.082 0.417
346 384 398 82 0.082 0.384
347 354 454 82 0.082 0.354
348 304 483 82 0.082 0.304
349 293 478 82 0.082 0.293
350 295 471 82 0.082 0.295
351 353 404 82 0.082 0.353
352 407 347 82 0.082 0.407
353 465 323 82 0.082 0.465
354 484 303 82 0.082 0.484
355 461 322 82 0.082 0.461
356 396 377 82 0.082 0.396
357 339 439 82 0.082 0.339
358 292 512 82 0.082 0.292
359 288 545 82 0.082 0.288
360 309 503 82 0.082 0.309
361 330 436 82 0.082 0.33
362 407 373 82 0.082 0.407
363 477 312 82 0.082 0.477
364 554 259 82 0.082 0.554
365 585 242 82 0.082 0.585
366 562 256 82 0.082 0.562
367 487 300 82 0.082 0.487
368 375 392 82 0.082 0.375
369 283 496 82 0.082 0.283
370 221 593 82 0.082 0.221
371 189 662 82 0.082 0.189
372 206 633 82 0.082 0.206
373 257 575 82 0.082 0.257
374 345 456 82 0.082 0.345
375 442 328 82 0.082 0.442
376 549 207 82 0.082 0.549
377 632 194 82 0.082 0.632
378 656 211 82 0.082 0.656
379 585 259 82 0.082 0.585
380 477 329 82 0.082 0.477
381 356 441 82 0.082 0.356
382 255 548 82 0.082 0.255
383 196 625 82 0.082 0.196
384 192 674 82 0.082 0.192
385 229 647 82 0.082 0.229
386 295 551 82 0.082 0.295
387 399 441 82 0.082 0.399
388 510 324 82 0.082 0.51
389 627 223 82 0.082 0.627
390 731 177 82 0.082 0.731
391 796 150 82 0.082 0.796
392 777 158 82 0.082 0.777
393 689 201 82 0.082 0.689
394 566 279 82 0.082 0.566
395 457 391 82 0.082 0.457
396 368 517 82 0.082 0.368
397 290 612 82 0.082 0.29
398 239 667 82 0.082 0.239
399 211 704 82 0.082 0.211
400 211 683 82 0.082 0.211
401 251 607 82 0.082 0.251
402 319 506 82 0.082 0.319
403 428 405 82 0.082 0.428
404 528 301 82 0.082 0.528
405 620 222 82 0.082 0.62
406 667 182 82 0.082 0.667
407 669 198 82 0.082 0.669
408 637 250 82 0.082 0.637
409 528 339 82 0.082 0.528
410 419 413 82 0.082 0.419
411 316 502 82 0.082 0.316
412 248 568 82 0.082 0.248
413 216 620 82 0.082 0.216
414 232 616 82 0.082 0.232
415 281 588 82 0.082 0.281
416 326 525 82 0.082 0.326
417 376 456 82 0.082 0.376
418 426 374 82 0.082 0.426
419 467 319 82 0.082 0.467
420 525 283 82 0.082 0.525
421 542 283 82 0.082 0.542
422 528 304 82 0.082 0.528
423 443 355 82 0.082 0.443
424 358 403 82 0.082 0.358
425 296 462 82 0.082 0.296
426 263 515 82 0.082 0.263
427 266 516 82 0.082 0.266
428 311 471 82 0.082 0.311
429 385 406 82 0.082 0.385
430 465 342 82 0.082 0.465
431 548 265 82 0.082 0.548
432 600 246 82 0.082 0.6
433 606 238 82 0.082 0.606
434 544 271 82 0.082 0.544
435 461 342 82 0.082 0.461
436 397 436 82 0.082 0.397
437 326 535 82 0.082 0.326
438 278 602 82 0.082 0.278
439 245 652 82 0.082 0.245
440 229 648 82 0.082 0.229
441 237 627 82 0.082 0.237
442 299 558 82 0.082 0.299
443 365 458 82 0.082 0.365
444 447 366 82 0.082 0.447
445 537 295 82 0.082 0.537
446 580 250 82 0.082 0.58
447 596 245 82 0.082 0.596
448 565 284 82 0.082 0.565
449 511 328 82 0.082 0.511
450 411 384 82 0.082 0.411
451 341 430 82 0.082 0.341
452 301 494 82 0.082 0.301
453 297 524 82 0.082 0.297
454 313 513 82 0.082 0.313
455 347 471 82 0.082 0.347
456 388 409 82 0.082 0.388
457 435 321 82 0.082 0.435
458 484 293 82 0.082 0.484
459 521 288 82 0.082 0.521
460 522 287 82 0.082 0.522
461 468 325 82 0.082 0.468
462 403 382 82 0.082 0.403
463 323 459 82 0.082 0.323
464 282 514 82 0.082 0.282
465 270 536 82 0.082 0.27
466 267 530 82 0.082 0.267
467 314 474 82 0.082 0.314
468 373 394 82 0.082 0.373
469 446 321 82 0.082 0.446
470 524 278 82 0.082 0.524
471 540 277 82 0.082 0.54
472 548 292 82 0.082 0.548
473 496 327 82 0.082 0.496
474 440 357 82 0.082 0.44
475 353 427 82 0.082 0.353
476 311 512 82 0.082 0.311
477 279 568 82 0.082 0.279
478 270 566 82 0.082 0.27
479 293 529 82 0.082 0.293
480 353 431 82 0.082 0.353
481 437 323 82 0.082 0.437
482 538 264 82 0.082 0.538
483 611 222 82 0.082 0.611
484 605 229 82 0.082 0.605
485 554 260 82 0.082 0.554
486 447 346 82 0.082 0.447
487 321 435 82 0.082 0.321
488 246 550 82 0.082 0.246
489 215 631 82 0.082 0.215
490 211 647 82 0.082 0.211
491 252 624 82 0.082 0.252
492 316 560 82 0.082 0.316
493 390 477 82 0.082 0.39
494 462 388 82 0.082 0.462
495 530 312 82 0.082 0.53
496 582 268 82 0.082 0.582
497 595 242 82 0.082 0.595
498 571 269 82 0.082 0.571
499 538 313 82 0.082 0.538
500 458 408 82 0.082 0.458
501 396 469 82 0.082 0.396
502 338 533 82 0.082 0.338
503 285 537 82 0.082 0.285
504 296 537 82 0.082 0.296
505 313 550 82 0.082 0.313
506 351 508 82 0.082 0.351
507 380 468 82 0.082 0.38
508 423 404 82 0.082 0.423
509 445 350 82 0.082 0.445
510 459 317 82 0.082 0.459
511 478 315 82 0.082 0.478
512 456 353 82 0.082 0.456
513 439 410 82 0.082 0.439
514 394 455 82 0.082 0.394
515 330 449 82 0.082 0.33
516 292 457 82 0.082 0.292
517 326 456 82 0.082 0.326
518 359 429 82 0.082 0.359
519 409 394 82 0.082 0.409
520 458 355 82 0.082 0.458
521 496 311 82 0.082 0.496
522 505 278 82 0.082 0.505
523 499 295 82 0.082 0.499
524 455 342 82 0.082 0.455
525 373 407 82 0.082 0.373
526 306 459 82 0.082 0.306
527 248 506 82 0.082 0.248
528 262 529 82 0.082 0.262
529 304 504 82 0.082 0.304
530 357 451 82 0.082 0.357
531 424 381 82 0.082 0.424
532 485 312 82 0.082 0.485
533 511 270 82 0.082 0.511
534 518 258 82 0.082 0.518
535 497 295 82 0.082 0.497
536 441 355 82 0.082 0.441
537 373 402 82 0.082 0.373
538 310 466 82 0.082 0.31
539 273 498 82 0.082 0.273
540 286 471 82 0.082 0.286
541 316 444 82 0.082 0.316
542 380 403 82 0.082 0.38
543 442 359 82 0.082 0.442
544 465 329 82 0.082 0.465
545 443 311 82 0.082 0.443
546 419 324 82 0.082 0.419
547 384 386 82 0.082 0.384
548 365 437 82 0.082 0.365
549 343 473 82 0.082 0.343
550 338 495 82 0.082 0.338
551 350 483 82 0.082 0.35
552 354 441 82 0.082 0.354
553 373 383 82 0.082 0.373
554 416 375 82 0.082 0.416
555 449 359 82 0.082 0.449
556 421 368 82 0.082 0.421
557 396 399 82 0.082 0.396
558 356 425 82 0.082 0.356
559 332 473 82 0.082 0.332
560 317 493 82 0.082 0.317
561 317 508 82 0.082 0.317
562 337 487 82 0.082 0.337
563 369 458 82 0.082 0.369
564 415 405 82 0.082 0.415
565 462 356 82 0.082 0.462
566 500 288 82 0.082 0.5
567 518 261 82 0.082 0.518
568 515 271 82 0.082 0.515
569 475 336 82 0.082 0.475
570 420 404 82 0.082 0.42
571 346 473 82 0.082 0.346
572 275 531 82 0.082 0.275
573 226 582 82 0.082 0.226
574 227 621 82 0.082 0.227
575 243 620 82 0.082 0.243
576 297 552 82 0.082 0.297
577 367 473 82 0.082 0.367
578 459 350 82 0.082 0.459
579 519 283 82 0.082 0.519
580 574 239 82 0.082 0.574
581 572 247 82 0.082 0.572
582 530 308 82 0.082 0.53
583 452 380 82 0.082 0.452
584 372 473 82 0.082 0.372
585 309 531 82 0.082 0.309
586 280 557 82 0.082 0.28
587 259 559 82 0.082 0.259
588 287 543 82 0.082 0.287
589 330 518 82 0.082 0.33
590 380 482 82 0.082 0.38
591 393 443 82 0.082 0.393
592 398 400 82 0.082 0.398
593 408 374 82 0.082 0.408
594 417 368 82 0.082 0.417
595 426 375 82 0.082 0.426
596 446 378 82 0.082 0.446
597 444 384 82 0.082 0.444
598 425 369 82 0.082 0.425
599 436 363 82 0.082 0.436
600 432 368 82 0.082 0.432
601 418 386 82 0.082 0.418
602 394 406 82 0.082 0.394
603 362 412 82 0.082 0.362
604 345 429 82 0.082 0.345
605 357 439 82 0.082 0.357
606 359 430 82 0.082 0.359
607 373 405 82 0.082 0.373
608 383 399 82 0.082 0.383
609 412 383 82 0.082 0.412
610 437 375 82 0.082 0.437
611 456 349 82 0.082 0.456
612 472 335 82 0.082 0.472
613 450 333 82 0.082 0.45
614 426 353 82 0.082 0.426
615 385 404 82 0.082 0.385
616 337 436 82 0.082 0.337
617 300 503 82 0.082 0.3
618 287 532 82 0.082 0.287
619 312 506 82 0.082 0.312
620 352 449 82 0.082 0.352
621 416 373 82 0.082 0.416
622 472 314 82 0.082 0.472
623 510 288 82 0.082 0.51
624 512 282 82 0.082 0.512
625 466 319 82 0.082 0.466
626 398 375 82 0.082 0.398
627 319 459 82 0.082 0.319
628 270 519 82 0.082 0.27
629 251 524 82 0.082 0.251
630 288 476 82 0.082 0.288
631 369 396 82 0.082 0.369
632 460 312 82 0.082 0.46
633 538 264 82 0.082 0.538
634 577 231 82 0.082 0.577
635 545 262 82 0.082 0.545
636 469 310 82 0.082 0.469
637 363 392 82 0.082 0.363
638 274 498 82 0.082 0.274
639 239 564 82 0.082 0.239
640 221 576 82 0.082 0.221
641 263 563 82 0.082 0.263
642 331 518 82 0.082 0.331
643 404 442 82 0.082 0.404
644 472 364 82 0.082 0.472
645 528 309 82 0.082 0.528
646 557 277 82 0.082 0.557
647 532 270 82 0.082 0.532
648 499 300 82 0.082 0.499
649 421 367 82 0.082 0.421
650 346 440 82 0.082 0.346
651 292 515 82 0.082 0.292
652 259 568 82 0.082 0.259
653 263 557 82 0.082 0.263
654 291 519 82 0.082 0.291
655 368 451 82 0.082 0.368
656 450 354 82 0.082 0.45
657 506 282 82 0.082 0.506
658 569 239 82 0.082 0.569
659 576 248 82 0.082 0.576
660 537 284 82 0.082 0.537
661 448 349 82 0.082 0.448
662 347 423 82 0.082 0.347
663 266 513 82 0.082 0.266
664 227 605 82 0.082 0.227
665 220 648 82 0.082 0.22
666 235 632 82 0.082 0.235
667 276 554 82 0.082 0.276
668 343 442 82 0.082 0.343
669 432 324 82 0.082 0.432
670 527 255 82 0.082 0.527
671 604 216 82 0.082 0.604
672 616 225 82 0.082 0.616
673 556 268 82 0.082 0.556
674 434 334 82 0.082 0.434
675 323 448 82 0.082 0.323
676 238 589 82 0.082 0.238
677 200 669 82 0.082 0.2
678 196 700 82 0.082 0.196
679 219 676 82 0.082 0.219
680 261 595 82 0.082 0.261
681 351 482 82 0.082 0.351
682 442 381 82 0.082 0.442
683 538 291 82 0.082 0.538
684 603 240 82 0.082 0.603
685 642 222 82 0.082 0.642
686 640 241 82 0.082 0.64
687 599 288 82 0.082 0.599
688 526 350 82 0.082 0.526
689 448 422 82 0.082 0.448
690 354 492 82 0.082 0.354
691 283 544 82 0.082 0.283
692 250 596 82 0.082 0.25
693 261 608 82 0.082 0.261
694 290 566 82 0.082 0.29
695 351 481 82 0.082 0.351
696 432 379 82 0.082 0.432
697 521 298 82 0.082 0.521
698 598 242 82 0.082 0.598
699 632 230 82 0.082 0.632
700 619 256 82 0.082 0.619
701 551 307 82 0.082 0.551
702 461 366 82 0.082 0.461
703 379 441 82 0.082 0.379
704 311 509 82 0.082 0.311
705 269 541 82 0.082 0.269
706 269 538 82 0.082 0.269
707 304 492 82 0.082 0.304
708 377 424 82 0.082 0.377
709 451 372 82 0.082 0.451
710 527 328 82 0.082 0.527
711 568 303 82 0.082 0.568
712 577 294 82 0.082 0.577
713 563 306 82 0.082 0.563
714 510 337 82 0.082 0.51
715 427 370 82 0.082 0.427
716 365 434 82 0.082 0.365
717 319 500 82 0.082 0.319
718 292 536 82 0.082 0.292
719 283 561 82 0.082 0.283
720 311 521 82 0.082 0.311
721 347 463 82 0.082 0.347
722 399 406 82 0.082 0.399
723 467 329 82 0.082 0.467
724 494 288 82 0.082 0.494
725 487 287 82 0.082 0.487
726 447 319 82 0.082 0.447
727 393 392 82 0.082 0.393
728 321 484 82 0.082 0.321
729 269 560 82 0.082 0.269
730 239 607 82 0.082 0.239
731 230 621 82 0.082 0.23
732 261 572 82 0.082 0.261
733 314 490 82 0.082 0.314
734 388 391 82 0.082 0.388
735 478 305 82 0.082 0.478
736 551 265 82 0.082 0.551
737 595 245 82 0.082 0.595
738 581 250 82 0.082 0.581
739 527 279 82 0.082 0.527
740 436 355 82 0.082 0.436
741 335 456 82 0.082 0.335
742 273 552 82 0.082 0.273
743 247 612 82 0.082 0.247
744 250 617 82 0.082 0.25
745 267 567 82 0.082 0.267
746 327 488 82 0.082 0.327
747 408 387 82 0.082 0.408
748 480 322 82 0.082 0.48
749 543 290 82 0.082 0.543
750 537 287 82 0.082 0.537
751 496 297 82 0.082 0.496
752 439 345 82 0.082 0.439
753 403 413 82 0.082 0.403
754 363 467 82 0.082 0.363
755 324 487 82 0.082 0.324
756 305 504 82 0.082 0.305
757 332 505 82 0.082 0.332
758 375 472 82 0.082 0.375
759 410 451 82 0.082 0.41
760 434 394 82 0.082 0.434
761 436 360 82 0.082 0.436
762 456 348 82 0.082 0.456
763 453 368 82 0.082 0.453
764 448 369 82 0.082 0.448
765 425 397 82 0.082 0.425
766 427 380 82 0.082 0.427
767 411 399 82 0.082 0.411
768 397 384 82 0.082 0.397
769 375 408 82 0.082 0.375
770 370 444 82 0.082 0.37
771 376 467 82 0.082 0.376
772 376 496 82 0.082 0.376
773 364 491 82 0.082 0.364
774 367 469 82 0.082 0.367
775 375 431 82 0.082 0.375
776 388 392 82 0.082 0.388
777 401 356 82 0.082 0.401
778 436 337 82 0.082 0.436
779 437 343 82 0.082 0.437
780 433 349 82 0.082 0.433
781 394 368 82 0.082 0.394
782 370 383 82 0.082 0.37
783 329 409 82 0.082 0.329
784 337 433 82 0.082 0.337
785 352 412 82 0.082 0.352
786 374 395 82 0.082 0.374
787 403 373 82 0.082 0.403
788 448 323 82 0.082 0.448
789 463 334 82 0.082 0.463
790 482 336 82 0.082 0.482
791 447 363 82 0.082 0.447
792 395 367 82 0.082 0.395
793 332 411 82 0.082 0.332
794 318 474 82 0.082 0.318
795 324 499 82 0.082 0.324
796 338 509 82 0.082 0.338
797 372 483 82 0.082 0.372
798 395 441 82 0.082 0.395
799 442 375 82 0.082 0.442
800 466 313 82 0.082 0.466
801 490 292 82 0.082 0.49
802 520 280 82 0.082 0.52
803 511 324 82 0.082 0.511
804 496 363 82 0.082 0.496
805 446 384 82 0.082 0.446
806 400 390 82 0.082 0.4
807 347 417 82 0.082 0.347
808 327 440 82 0.082 0.327
809 344 430 82 0.082 0.344
810 388 425 82 0.082 0.388
811 420 389 82 0.082 0.42
812 435 336 82 0.082 0.435
813 463 315 82 0.082 0.463
814 462 317 82 0.082 0.462
815 435 355 82 0.082 0.435
816 388 398 82 0.082 0.388
817 306 474 82 0.082 0.306
818 268 529 82 0.082 0.268
819 251 547 82 0.082 0.251
820 273 539 82 0.082 0.273
821 348 470 82 0.082 0.348
822 413 384 82 0.082 0.413
823 504 296 82 0.082 0.504
824 574 244 82 0.082 0.574
825 614 230 82 0.082 0.614
826 568 255 82 0.082 0.568
827 488 320 82 0.082 0.488
828 373 395 82 0.082 0.373
829 285 495 82 0.082 0.285
830 228 598 82 0.082 0.228
831 217 649 82 0.082 0.217
832 236 635 82 0.082 0.236
833 286 550 82 0.082 0.286
834 351 473 82 0.082 0.351
835 427 383 82 0.082 0.427
836 486 302 82 0.082 0.486
837 536 266 82 0.082 0.536
838 561 278 82 0.082 0.561
839 535 314 82 0.082 0.535
840 487 369 82 0.082 0.487
841 406 449 82 0.082 0.406
842 336 503 82 0.082 0.336
843 276 553 82 0.082 0.276
844 257 538 82 0.082 0.257
845 276 509 82 0.082 0.276
846 349 435 82 0.082 0.349
847 445 378 82 0.082 0.445
848 536 309 82 0.082 0.536
849 591 258 82 0.082 0.591
850 591 225 82 0.082 0.591
851 540 252 82 0.082 0.54
852 495 320 82 0.082 0.495
853 407 418 82 0.082 0.407
854 318 504 82 0.082 0.318
855 254 583 82 0.082 0.254
856 218 632 82 0.082 0.218
857 223 632 82 0.082 0.223
858 257 558 82 0.082 0.257
859 350 434 82 0.082 0.35
860 458 308 82 0.082 0.458
861 579 222 82 0.082 0.579
862 652 192 82 0.082 0.652
863 666 203 82 0.082 0.666
864 581 259 82 0.082 0.581
865 458 342 82 0.082 0.458
866 328 463 82 0.082 0.328
867 236 594 82 0.082 0.236
868 176 708 82 0.082 0.176
869 164 754 82 0.082 0.164
870 174 769 82 0.082 0.174
871 219 706 82 0.082 0.219
872 284 609 82 0.082 0.284
873 370 499 82 0.082 0.37
874 455 390 82 0.082 0.455
875 550 319 82 0.082 0.55
876 620 250 82 0.082 0.62
877 622 240 82 0.082 0.622
878 614 254 82 0.082 0.614
879 563 302 82 0.082 0.563
880 486 361 82 0.082 0.486
881 397 440 82 0.082 0.397
882 345 507 82 0.082 0.345
883 289 555 82 0.082 0.289
884 264 564 82 0.082 0.264
885 264 562 82 0.082 0.264
886 318 537 82 0.082 0.318
887 378 486 82 0.082 0.378
888 437 428 82 0.082 0.437
889 485 362 82 0.082 0.485
890 519 306 82 0.082 0.519
891 550 273 82 0.082 0.55
892 555 271 82 0.082 0.555
893 556 288 82 0.082 0.556
894 508 323 82 0.082 0.508
895 456 358 82 0.082 0.456
896 375 392 82 0.082 0.375
897 331 433 82 0.082 0.331
898 306 482 82 0.082 0.306
899 304 490 82 0.082 0.304
900 307 486 82 0.082 0.307
901 328 467 82 0.082 0.328
902 343 441 82 0.082 0.343
903 359 422 82 0.082 0.359
904 399 377 82 0.082 0.399
905 408 364 82 0.082 0.408
906 426 344 82 0.082 0.426
907 442 341 82 0.082 0.442
908 447 361 82 0.082 0.447
909 454 363 82 0.082 0.454
910 435 376 82 0.082 0.435
911 391 379 82 0.082 0.391
912 370 404 82 0.082 0.37
913 341 455 82 0.082 0.341
914 324 470 82 0.082 0.324
915 318 457 82 0.082 0.318
916 320 427 82 0.082 0.32
917 355 395 82 0.082 0.355
918 426 360 82 0.082 0.426
919 486 323 82 0.082 0.486
920 515 301 82 0.082 0.515
921 493 289 82 0.082 0.493
922 421 338 82 0.082 0.421
923 357 411 82 0.082 0.357
924 301 507 82 0.082 0.301
925 264 573 82 0.082 0.264
926 234 577 82 0.082 0.234
927 257 473 82 0.082 0.257
928 328 405 82 0.082 0.328
929 457 326 82 0.082 0.457
930 557 273 82 0.082 0.557
931 624 230 82 0.082 0.624
932 611 218 82 0.082 0.611
933 557 256 82 0.082 0.557
934 452 343 82 0.082 0.452
935 350 438 82 0.082 0.35
936 262 550 82 0.082 0.262
937 231 614 82 0.082 0.231
938 215 654 82 0.082 0.215
939 253 588 82 0.082 0.253
940 302 498 82 0.082 0.302
941 411 354 82 0.082 0.411
942 536 250 82 0.082 0.536
943 671 187 82 0.082 0.671
944 724 182 82 0.082 0.724
945 707 195 82 0.082 0.707
946 639 239 82 0.082 0.639
947 518 321 82 0.082 0.518
948 400 425 82 0.082 0.4
949 287 543 82 0.082 0.287
950 212 635 82 0.082 0.212
951 179 710 82 0.082 0.179
952 191 709 82 0.082 0.191
953 227 632 82 0.082 0.227
954 322 496 82 0.082 0.322
955 438 373 82 0.082 0.438
956 572 283 82 0.082 0.572
957 692 216 82 0.082 0.692
958 774 177 82 0.082 0.774
959 808 172 82 0.082 0.808
960 798 184 82 0.082 0.798
961 738 216 82 0.082 0.738
962 641 271 82 0.082 0.641
963 507 347 82 0.082 0.507
964 387 441 82 0.082 0.387
965 302 562 82 0.082 0.302
966 252 655 82 0.082 0.252
967 218 712 82 0.082 0.218
968 220 696 82 0.082 0.22
969 231 665 82 0.082 0.231
970 291 594 82 0.082 0.291
971 363 490 82 0.082 0.363
972 437 394 82 0.082 0.437
973 534 313 82 0.082 0.534
974 609 259 82 0.082 0.609
975 647 218 82 0.082 0.647
976 619 221 82 0.082 0.619
977 531 266 82 0.082 0.531
978 432 346 82 0.082 0.432
979 344 455 82 0.082 0.344
980 283 556 82 0.082 0.283
981 255 601 82 0.082 0.255
982 254 577 82 0.082 0.254
983 279 499 82 0.082 0.279
984 365 420 82 0.082 0.365
985 475 367 82 0.082 0.475
986 551 330 82 0.082 0.551
987 563 308 82 0.082 0.563
988 540 319 82 0.082 0.54
989 473 352 82 0.082 0.473
990 391 419 82 0.082 0.391
991 328 473 82 0.082 0.328
992 302 551 82 0.082 0.302
993 269 595 82 0.082 0.269
994 251 588 82 0.082 0.251
995 273 537 82 0.082 0.273
996 322 434 82 0.082 0.322
997 390 356 82 0.082 0.39
998 502 290 82 0.082 0.502
999 585 261 82 0.082 0.585
1000 602 247 82 0.082 0.602
1001 543 261 82 0.082 0.543
1002 441 312 82 0.082 0.441
1003 322 419 82 0.082 0.322
1004 264 532 82 0.082 0.264
1005 224 624 82 0.082 0.224
1006 220 637 82 0.082 0.22
1007 255 587 82 0.082 0.255
1008 329 472 82 0.082 0.329
1009 423 390 82 0.082 0.423
1010 535 304 82 0.082 0.535
1011 588 263 82 0.082 0.588
1012 608 222 82 0.082 0.608
1013 576 235 82 0.082 0.576
1014 526 308 82 0.082 0.526
1015 440 405 82 0.082 0.44
1016 353 491 82 0.082 0.353
1017 262 562 82 0.082 0.262
1018 217 606 82 0.082 0.217
1019 217 618 82 0.082 0.217
1020 264 581 82 0.082 0.264
1021 333 506 82 0.082 0.333
1022 428 393 82 0.082 0.428
1023 526 281 82 0.082 0.526
1024 629 210 82 0.082 0.629
1025 713 185 82 0.082 0.713
1026 703 200 82 0.082 0.703
1027 612 241 82 0.082 0.612
1028 468 325 82 0.082 0.468
1029 325 447 82 0.082 0.325
1030 231 586 82 0.082 0.231
1031 179 709 82 0.082 0.179
1032 159 758 82 0.082 0.159
1033 179 734 82 0.082 0.179
1034 229 643 82 0.082 0.229
1035 306 505 82 0.082 0.306
1036 442 355 82 0.082 0.442
1037 581 250 82 0.082 0.581
1038 712 164 82 0.082 0.712
1039 793 132 82 0.082 0.793
1040 825 132 82 0.082 0.825
1041 801 167 82 0.082 0.801
1042 709 213 82 0.082 0.709
1043 579 278 82 0.082 0.579
1044 467 382 82 0.082 0.467
1045 341 526 82 0.082 0.341
1046 246 641 82 0.082 0.246
1047 170 756 82 0.082 0.17
1048 128 850 82 0.082 0.128
1049 111 914 82 0.082 0.111
1050 108 957 82 0.082 0.108
1051 108 972 82 0.082 0.108
1052 108 974 82 0.082 0.108
1053 108 974 82 0.082 0.108
1054 108 974 82 0.082 0.108
1055 108 974 82 0.082 0.108
1056 108 974 82 0.082 0.108
1057 108 974 82 0.082 0.108
1058 108 974 82 0.082 0.108
1059 108 974 82 0.082 0.108
1060 108 974 82 0.082 0.108
1061 108 974 82 0.082 0.108
1062 108 974 82 0.082 0.108
1063 108 974 82 0.082 0.108
1064 108 974 82 0.082 0.108
1065 108 974 82 0.082 0.108
1066 108 974 82 0.082 0.108
1067 108 974 82 0.082 0.108
1068 108 974 82 0.082 0.108
1069 108 974 82 0.082 0.108
1070 108 974 82 0.082 0.108
1071 108 974 82 0.082 0.108
1072 108 974 82 0.082 0.108
