1 2165 155 144 0.138106
2 3157 45 51 0.0304086
3 2912 46 46 0.0315934
4 2115 95 119 0.101182
5 1562 89 122 0.135083
6 1760 101 104 0.116477
7 1900 127 78 0.107895
8 1997 123 91 0.107161
9 2026 115 84 0.0982231
10 1862 96 90 0.0998926
11 1592 103 100 0.127513
12 1329 90 123 0.160271
13 1415 89 130 0.15477
14 1456 70 130 0.137363
15 1402 81 93 0.124108
16 1189 86 87 0.1455
17 1169 122 75 0.16852
18 1203 139 82 0.183707
19 1400 137 66 0.145
20 1449 91 92 0.126294
21 1236 86 95 0.14644
22 1183 71 124 0.164835
23 1170 67 115 0.155556
24 1263 76 111 0.14806
25 1163 75 102 0.152193
26 1105 78 88 0.150226
27 1110 108 80 0.169369
28 1096 97 66 0.148723
29 1110 133 58 0.172072
30 1135 115 57 0.151542
31 1124 98 82 0.160142
32 1103 79 104 0.165911
33 1172 60 128 0.16041
34 1167 68 133 0.172237
35 1215 53 142 0.160494
36 1220 67 102 0.138525
37 1151 89 76 0.143354
38 1082 140 53 0.178373
39 1113 141 45 0.167116
40 1180 137 56 0.163559
41 1178 108 59 0.141766
42 1071 73 74 0.137255
43 952 56 87 0.15021
44 929 39 112 0.16254
45 993 50 128 0.179255
46 1015 66 151 0.213793
47 1299 69 120 0.145497
48 1393 84 78 0.116296
49 1130 98 52 0.132743
50 913 110 47 0.171961
51 972 126 50 0.18107
52 1068 131 64 0.182584
53 1197 98 68 0.13868
54 1130 76 82 0.139823
55 1080 52 107 0.147222
56 1004 37 127 0.163347
57 1020 42 124 0.162745
58 1092 67 112 0.163919
59 1098 77 81 0.143898
60 1028 92 53 0.141051
61 982 127 37 0.167006
62 994 129 35 0.16499
63 1007 137 31 0.166832
64 1119 110 48 0.141197
65 1009 62 78 0.138751
66 897 42 103 0.16165
67 864 32 135 0.193287
68 989 29 153 0.184024
69 1119 31 152 0.163539
70 1129 32 109 0.124889
71 1018 62 51 0.111002
72 775 99 32 0.169032
73 769 121 15 0.176853
74 868 159 18 0.203917
75 1000 153 21 0.174
76 1139 122 27 0.130817
77 1022 47 43 0.0880626
78 763 26 66 0.120577
79 568 11 95 0.18662
80 609 22 103 0.205255
81 683 19 127 0.213763
82 821 26 100 0.153471
83 822 30 95 0.152068
84 795 53 86 0.174843
85 833 61 74 0.162065
86 904 86 48 0.14823
87 830 95 37 0.159036
88 878 129 35 0.186788
89 907 124 44 0.185226
90 1100 98 59 0.142727
91 1052 86 63 0.141635
92 1022 70 74 0.1409
93 980 60 83 0.145918
94 918 64 110 0.189542
95 1083 56 122 0.164358
96 1089 45 114 0.146006
97 1046 59 91 0.143403
98 985 71 86 0.159391
99 998 95 69 0.164329
100 1073 128 58 0.173346
101 1107 128 41 0.152665
102 1203 116 51 0.13882
103 1035 93 54 0.142029
104 1058 65 82 0.138941
105 917 44 104 0.161396
106 877 44 134 0.202965
107 1062 44 125 0.159134
108 1067 54 124 0.166823
109 1075 69 74 0.133023
110 1016 101 64 0.162402
111 924 121 42 0.176407
112 998 141 36 0.177355
113 1036 131 49 0.173745
114 1109 120 57 0.159603
115 1106 66 80 0.132007
116 997 38 98 0.136409
117 950 28 132 0.168421
118 929 32 129 0.173305
119 1039 40 130 0.163619
120 1003 43 102 0.144566
121 935 64 54 0.126203
122 849 73 39 0.13192
123 688 97 30 0.184593
124 777 149 33 0.234234
125 964 155 27 0.188797
126 1061 113 51 0.154571
127 1005 64 60 0.123383
128 860 49 73 0.14186
129 759 46 79 0.16469
130 752 30 102 0.175532
131 849 34 125 0.187279
132 933 47 152 0.21329
133 1131 66 112 0.157383
134 1147 66 82 0.129032
135 967 99 37 0.140641
136 893 93 22 0.128779
137 766 127 31 0.206266
138 820 116 37 0.186585
139 943 114 46 0.169671
140 977 68 74 0.145343
141 955 54 74 0.134031
142 818 43 83 0.154034
143 780 38 83 0.155128
144 718 42 74 0.16156
145 780 45 92 0.175641
146 835 62 95 0.188024
147 933 56 110 0.177921
148 988 65 75 0.1417
149 929 60 76 0.146394
150 881 109 51 0.181612
151 908 103 45 0.162996
152 970 103 62 0.170103
153 1006 106 65 0.16998
154 1103 103 68 0.155032
155 1145 60 75 0.117904
156 891 61 92 0.171717
157 906 60 93 0.168874
158 927 60 93 0.165049
159 994 75 102 0.178068
160 1039 67 94 0.154957
161 994 76 86 0.162978
162 1019 100 68 0.164868
163 1059 96 67 0.153919
164 1008 88 59 0.145833
165 935 89 66 0.165775
166 898 75 90 0.183742
167 986 79 84 0.165314
168 1055 80 100 0.170616
169 1086 71 99 0.156538
170 1100 75 89 0.149091
171 964 82 80 0.16805
172 1038 82 74 0.150289
173 951 84 86 0.178759
174 1084 106 60 0.153137
175 1079 75 71 0.13531
176 954 80 76 0.163522
177 885 86 97 0.20678
178 1046 91 90 0.17304
179 1129 82 104 0.164748
180 1120 76 101 0.158036
181 1090 81 98 0.16422
182 1183 94 99 0.163145
183 1027 99 69 0.163583
184 1101 116 62 0.161671
185 1024 86 56 0.138672
186 1013 85 79 0.161895
187 934 76 79 0.165953
188 1021 73 108 0.177277
189 1054 69 105 0.165085
190 1118 60 93 0.136852
191 1014 64 92 0.153846
192 970 70 81 0.15567
193 971 76 87 0.167868
194 992 89 79 0.169355
195 1064 109 54 0.153195
196 1095 117 68 0.16895
197 1076 123 79 0.187732
198 1231 102 84 0.151097
199 1242 84 96 0.144928
200 1088 65 99 0.150735
201 1060 62 117 0.168868
202 1098 73 129 0.183971
203 1159 70 111 0.156169
204 1182 76 73 0.126058
205 995 86 75 0.161809
206 975 121 62 0.187692
207 1067 117 53 0.159325
208 1083 105 66 0.157895
209 997 85 76 0.161484
210 1061 84 77 0.151744
211 942 64 97 0.170913
212 1024 68 108 0.171875
213 1041 56 117 0.166186
214 1141 62 101 0.142857
215 1032 68 95 0.157946
216 1008 99 72 0.169643
217 998 82 49 0.131263
218 956 125 41 0.17364
219 948 102 48 0.158228
220 1005 113 49 0.161194
221 972 86 80 0.170782
222 1048 60 98 0.150763
223 996 44 106 0.150602
224 989 45 111 0.157735
225 955 56 124 0.188482
226 1071 62 115 0.165266
227 1076 77 98 0.162639
228 1017 94 58 0.149459
229 978 122 44 0.169734
230 993 106 39 0.146022
231 964 110 54 0.170124
232 981 108 69 0.180428
233 1036 89 84 0.166988
234 1104 54 112 0.150362
235 1010 43 113 0.154455
236 987 32 140 0.174265
237 996 48 128 0.176707
238 1144 82 83 0.144231
239 1093 113 55 0.153705
240 1072 133 38 0.159515
241 1022 168 32 0.195695
242 1148 132 30 0.141115
243 1069 83 37 0.112254
244 878 45 57 0.116173
245 652 23 85 0.165644
246 701 26 137 0.232525
247 836 17 152 0.202153
248 1062 22 162 0.173258
249 1137 20 108 0.112577
250 957 41 43 0.0877743
251 644 63 24 0.135093
252 539 95 15 0.204082
253 680 135 9 0.211765
254 887 161 11 0.193912
255 993 122 15 0.137966
256 981 89 22 0.11315
257 813 43 42 0.104551
258 577 26 86 0.194107
259 662 16 154 0.256798
260 978 7 140 0.150307
261 1002 8 97 0.10479
262 785 11 85 0.122293
263 687 27 75 0.148472
264 596 43 42 0.142617
265 594 73 35 0.181818
266 628 87 15 0.16242
267 732 99 15 0.155738
268 732 89 15 0.142077
269 747 110 25 0.180723
270 747 110 37 0.196787
271 848 87 50 0.161557
272 856 63 82 0.169393
273 884 44 112 0.176471
274 971 30 95 0.128733
275 888 16 88 0.117117
276 697 26 106 0.189383
277 737 34 74 0.14654
278 757 73 89 0.214003
279 854 73 66 0.162763
280 913 77 44 0.13253
281 873 94 29 0.140893
282 769 82 33 0.149545
283 762 91 44 0.177165
284 767 80 54 0.174707
285 819 101 64 0.201465
286 970 73 62 0.139175
287 957 56 63 0.124347
288 813 51 61 0.137761
289 656 49 78 0.193598
290 737 47 98 0.196744
291 824 65 93 0.191748
292 944 55 92 0.15572
293 957 71 97 0.175549
294 1004 79 75 0.153386
295 991 103 53 0.157417
296 965 104 32 0.140933
297 961 92 40 0.137357
298 887 85 70 0.174746
299 932 70 81 0.162017
300 1023 46 97 0.139785
301 933 42 106 0.158628
302 908 41 100 0.155286
303 966 57 81 0.142857
304 874 73 90 0.186499
305 981 85 79 0.167176
306 991 77 76 0.15439
307 982 72 59 0.133401
308 865 83 47 0.150289
309 858 105 59 0.191142
310 930 106 48 0.165591
311 978 104 59 0.166667
312 999 96 48 0.144144
313 976 81 77 0.161885
314 986 57 100 0.159229
315 958 48 124 0.179541
316 1003 35 146 0.180459
317 1107 51 130 0.163505
318 1098 49 98 0.13388
319 1007 81 55 0.135055
320 888 110 42 0.171171
321 886 112 31 0.1614
322 947 92 42 0.141499
323 912 139 46 0.202851
324 1060 94 74 0.158491
325 1131 96 67 0.14412
326 1027 46 94 0.136319
327 911 45 87 0.144896
328 830 44 93 0.16506
329 837 49 71 0.143369
330 852 64 92 0.183099
331 829 82 82 0.197829
332 971 85 83 0.173018
333 1033 87 71 0.152953
334 971 76 69 0.149331
335 930 71 81 0.163441
336 1017 74 87 0.158309
337 986 93 74 0.169371
338 1010 75 85 0.158416
339 1024 90 65 0.151367
340 962 84 78 0.168399
341 1033 89 82 0.165537
342 1107 107 83 0.171635
343 1123 95 82 0.157614
344 1142 83 89 0.150613
345 1095 70 107 0.161644
346 1036 47 99 0.140927
347 1051 58 107 0.156993
348 962 72 100 0.178794
349 1033 103 73 0.170378
350 1120 109 67 0.157143
351 1094 140 57 0.180073
352 1122 125 64 0.168449
353 1152 87 66 0.132812
354 1087 81 100 0.166513
355 1056 48 111 0.150568
356 1122 50 142 0.171123
357 1145 48 111 0.138865
358 1153 65 89 0.133565
359 962 74 53 0.132017
360 941 122 48 0.180659
361 922 120 56 0.190889
362 1084 117 43 0.147601
363 1027 115 51 0.161636
364 992 92 47 0.140121
365 939 70 77 0.15655
366 873 45 110 0.177549
367 928 37 144 0.195043
368 1019 29 153 0.178606
369 1088 31 130 0.147978
370 1100 43 90 0.120909
371 945 65 60 0.132275
372 838 105 33 0.164678
373 856 123 24 0.171729
374 877 152 17 0.192702
375 1008 149 30 0.177579
376 1113 136 44 0.161725
377 1098 51 65 0.105647
378 845 35 93 0.151479
379 782 18 125 0.182864
380 819 18 142 0.19536
381 992 24 141 0.166331
382 939 27 115 0.151225
383 1028 60 87 0.142996
384 864 65 35 0.115741
385 757 110 17 0.167768
386 722 123 10 0.184211
387 824 126 8 0.162621
388 864 126 10 0.157407
389 899 108 11 0.132369
390 824 61 19 0.0970874
391 597 36 38 0.123953
392 527 15 75 0.170778
393 567 4 119 0.216931
394 693 6 138 0.207792
395 887 7 110 0.131905
396 772 12 94 0.137306
397 658 12 87 0.150456
398 645 25 65 0.139535
399 627 51 45 0.15311
400 582 76 28 0.178694
401 664 125 19 0.216867
402 838 132 13 0.173031
403 929 119 13 0.142088
404 879 115 25 0.159272
405 881 99 42 0.160045
406 843 64 57 0.143535
407 815 25 90 0.141104
408 771 12 90 0.132296
409 726 11 128 0.19146
410 763 17 122 0.182176
411 862 34 120 0.178654
412 880 52 89 0.160227
413 958 68 65 0.138831
414 883 84 34 0.133635
415 862 89 32 0.140371
416 804 97 36 0.165423
417 837 105 39 0.172043
418 915 120 52 0.187978
419 979 99 62 0.164454
420 1037 91 58 0.143684
421 964 60 87 0.15249
422 847 37 101 0.162928
423 936 46 135 0.193376
424 1044 52 130 0.17433
425 1162 71 112 0.157487
426 1111 80 85 0.148515
427 1085 110 62 0.158525
428 1042 122 45 0.160269
429 1036 123 40 0.157336
430 1069 108 34 0.132834
431 981 114 38 0.154944
432 982 58 63 0.123218
433 858 46 92 0.160839
434 867 36 120 0.179931
435 924 25 128 0.165584
436 961 25 99 0.129032
437 882 30 95 0.141723
438 795 29 73 0.128302
439 733 36 65 0.13779
440 659 75 47 0.185129
441 733 84 31 0.156889
442 770 115 19 0.174026
443 786 129 23 0.193384
444 948 116 31 0.155063
445 922 96 37 0.144252
446 930 76 67 0.153763
447 890 54 83 0.153933
448 859 29 101 0.151339
449 855 38 106 0.168421
450 886 44 123 0.188488
451 1058 63 116 0.169187
452 1093 59 92 0.138152
453 982 81 64 0.147658
454 924 95 48 0.154762
455 918 103 47 0.163399
456 895 111 54 0.184358
457 1007 132 64 0.194638
458 1233 88 58 0.11841
459 1063 78 88 0.156162
460 952 60 91 0.158613
461 958 47 122 0.176409
462 998 46 124 0.170341
463 1046 49 126 0.167304
464 1054 63 95 0.149905
465 993 87 63 0.151057
466 971 103 64 0.171988
467 1030 121 44 0.160194
468 1088 137 44 0.16636
469 1117 121 53 0.155774
470 1037 90 64 0.148505
471 1016 63 89 0.149606
472 925 49 75 0.134054
473 867 44 114 0.182238
474 906 53 113 0.183223
475 1016 40 129 0.166339
476 999 40 91 0.131131
477 943 57 76 0.141039
478 836 85 52 0.163876
479 849 121 41 0.190813
480 934 147 32 0.191649
481 1052 142 31 0.164449
482 1106 94 46 0.126582
483 1024 73 58 0.12793
484 879 48 97 0.16496
485 885 31 122 0.172881
486 952 19 150 0.177521
487 1081 32 159 0.176688
488 1177 40 103 0.121495
489 979 59 59 0.120531
490 840 82 42 0.147619
491 732 85 24 0.148907
492 718 100 17 0.162953
493 713 107 22 0.180926
494 729 106 26 0.18107
495 809 98 35 0.1644
496 858 73 53 0.146853
497 816 67 83 0.183824
498 886 35 93 0.14447
499 841 24 94 0.140309
500 839 18 116 0.159714
501 769 29 86 0.149545
502 772 41 73 0.147668
503 775 80 88 0.216774
504 894 73 47 0.134228
505 846 73 53 0.148936
506 775 88 32 0.154839
507 793 91 47 0.174023
508 833 100 48 0.177671
509 898 100 65 0.183742
510 991 90 90 0.181635
511 1048 66 85 0.144084
512 995 52 103 0.155779
513 952 35 79 0.119748
514 860 54 93 0.17093
515 823 81 102 0.222357
516 1076 93 94 0.173792
517 1177 97 60 0.13339
518 1128 114 56 0.150709
519 1088 101 50 0.138787
520 960 93 64 0.163542
521 961 100 66 0.172737
522 995 91 87 0.178894
523 1057 50 102 0.143803
524 1072 45 122 0.155784
525 1039 45 130 0.168431
526 1089 68 120 0.172635
527 1152 79 104 0.158854
528 1109 95 60 0.139766
529 1032 121 44 0.159884
530 1005 110 34 0.143284
531 995 114 49 0.163819
532 987 105 52 0.159068
533 1049 94 80 0.165872
534 1028 71 102 0.168288
535 1128 47 114 0.14273
536 1020 42 119 0.157843
537 1072 57 117 0.162313
538 1085 62 112 0.160369
539 1077 84 89 0.160631
540 1142 132 66 0.17338
541 1146 116 53 0.147469
542 1175 111 59 0.144681
543 1062 101 62 0.153484
544 932 83 82 0.177039
545 1053 81 124 0.194682
546 1147 74 106 0.156931
547 1186 61 108 0.142496
548 1107 58 98 0.140921
549 1004 72 81 0.15239
550 889 69 63 0.148481
551 864 92 62 0.178241
552 875 103 65 0.192
553 1100 119 72 0.173636
554 1074 75 70 0.135009
555 1021 89 85 0.170421
556 982 55 95 0.152749
557 1023 69 102 0.167155
558 992 63 99 0.163306
559 1084 54 99 0.141144
560 1000 75 75 0.15
561 934 78 57 0.14454
562 885 98 56 0.174011
563 874 85 48 0.152174
564 910 103 44 0.161538
565 910 102 45 0.161538
566 952 108 64 0.180672
567 1049 77 84 0.15348
568 1077 53 103 0.144847
569 1072 37 120 0.146455
570 930 35 106 0.151613
571 904 42 108 0.165929
572 917 48 107 0.169029
573 976 57 87 0.147541
574 1003 65 52 0.11665
575 848 82 43 0.147406
576 848 120 17 0.161557
577 779 118 23 0.181001
578 817 140 31 0.209302
579 969 93 54 0.151703
580 970 78 81 0.163918
581 931 49 91 0.150376
582 936 20 112 0.141026
583 886 27 120 0.165914
584 895 28 100 0.143017
585 853 50 91 0.165299
586 874 74 68 0.162471
587 859 83 69 0.17695
588 953 90 46 0.142707
589 921 82 43 0.135722
590 831 81 43 0.149218
591 799 82 63 0.181477
592 865 91 84 0.202312
593 1006 92 69 0.16004
594 1087 90 81 0.157314
595 1034 68 79 0.142166
596 1011 69 70 0.137488
597 948 79 77 0.164557
598 867 84 80 0.189158
599 1015 75 67 0.139901
600 1030 76 91 0.162136
601 992 61 91 0.153226
602 998 74 98 0.172345
603 1087 82 95 0.162833
604 1150 81 96 0.153913
605 1097 88 74 0.147675
606 1062 100 79 0.16855
607 1014 96 76 0.169625
608 1087 94 84 0.163753
609 1058 89 67 0.147448
610 1002 86 61 0.146707
611 990 87 72 0.160606
612 1001 75 75 0.14985
613 997 76 100 0.17653
614 1036 64 102 0.160232
615 1051 55 117 0.163654
616 1043 61 116 0.169703
617 1048 62 91 0.145992
618 973 76 69 0.149024
619 923 110 42 0.16468
620 991 119 45 0.165489
621 1017 123 42 0.162242
622 1026 107 62 0.164717
623 1052 77 84 0.153042
624 1004 67 97 0.163347
625 965 41 125 0.172021
626 1008 47 134 0.179563
627 1073 40 118 0.147251
628 1107 81 100 0.163505
629 1073 113 63 0.164026
630 1107 135 43 0.160795
631 1187 142 46 0.158382
632 1123 125 40 0.146928
633 1076 96 62 0.14684
634 981 71 74 0.147808
635 998 40 124 0.164329
636 970 35 147 0.187629
637 1176 38 145 0.155612
638 1207 43 121 0.135874
639 1136 73 82 0.136444
640 961 99 62 0.167534
641 1023 96 38 0.130987
642 872 101 27 0.146789
643 810 112 24 0.167901
644 832 104 37 0.169471
645 823 85 48 0.161604
646 808 71 76 0.181931
647 804 60 104 0.20398
648 932 48 106 0.165236
649 1018 36 130 0.163065
650 1021 42 125 0.163565
651 1021 54 93 0.143976
652 931 67 80 0.157895
653 954 100 54 0.161426
654 924 116 36 0.164502
655 967 114 26 0.144778
656 933 133 40 0.185423
657 968 106 56 0.167355
658 935 83 67 0.160428
659 940 49 94 0.152128
660 893 35 119 0.172452
661 896 36 134 0.189732
662 969 37 135 0.177503
663 1135 48 120 0.148018
664 1096 46 76 0.111314
665 901 63 56 0.132075
666 784 92 33 0.159439
667 815 128 31 0.195092
668 892 143 27 0.190583
669 1087 148 42 0.174793
670 1122 104 44 0.131907
671 1140 81 69 0.131579
672 900 46 90 0.151111
673 874 26 132 0.180778
674 936 26 164 0.202991
675 1062 22 135 0.147834
676 1104 25 110 0.122283
677 906 45 61 0.116998
678 721 57 34 0.126214
679 617 89 22 0.179903
680 667 113 17 0.194903
681 793 134 9 0.180328
682 876 118 25 0.163242
683 899 106 32 0.153504
684 897 77 51 0.142698
685 880 55 64 0.135227
686 780 30 75 0.134615
687 713 18 91 0.152875
688 675 16 102 0.174815
689 713 21 95 0.162693
690 757 32 113 0.191546
691 863 41 92 0.154114
692 924 59 68 0.137446
693 891 79 33 0.125701
694 782 100 27 0.162404
695 827 119 19 0.166868
696 960 133 25 0.164583
697 950 101 36 0.144211
698 966 81 52 0.137681
699 826 46 65 0.134383
700 754 32 87 0.157825
701 743 20 114 0.18035
702 794 25 115 0.176322
703 974 39 107 0.149897
704 922 48 94 0.154013
705 918 78 82 0.174292
706 971 95 48 0.147271
707 954 120 46 0.174004
708 1071 122 37 0.148459
709 1022 97 42 0.136008
710 918 75 38 0.123094
711 785 67 57 0.157962
712 743 55 62 0.15747
713 765 45 82 0.166013
714 746 32 104 0.182306
715 871 48 127 0.200918
716 995 45 101 0.146734
717 1005 58 99 0.156219
718 929 66 66 0.142088
719 868 72 62 0.154378
720 821 99 42 0.171742
721 979 118 43 0.164454
722 1001 108 48 0.155844
723 978 111 50 0.164622
724 1007 90 84 0.17279
725 1087 65 108 0.159154
726 1074 50 128 0.165736
727 1080 36 122 0.146296
728 1045 38 112 0.143541
729 997 39 94 0.1334
730 937 63 70 0.141942
731 838 84 51 0.161098
732 851 112 36 0.173913
733 893 131 36 0.18701
734 965 135 36 0.177202
735 1055 120 43 0.154502
736 1054 81 54 0.128083
737 966 65 71 0.140787
738 841 53 97 0.178359
739 871 43 123 0.190586
740 1035 22 137 0.153623
741 987 29 135 0.16616
742 987 38 85 0.12462
743 914 58 64 0.133479
744 755 80 38 0.156291
745 743 108 39 0.197847
746 918 122 21 0.155773
747 966 136 33 0.174948
748 1025 91 51 0.138537
749 979 71 63 0.136874
750 873 59 100 0.182131
751 893 52 113 0.18477
752 1017 52 113 0.162242
753 1031 43 91 0.129971
754 917 59 87 0.159215
755 840 78 90 0.2
756 947 68 74 0.149947
757 975 87 50 0.140513
758 870 95 30 0.143678
759 897 72 55 0.141583
760 775 93 63 0.20129
761 920 84 79 0.177174
762 1011 79 71 0.148368
763 987 65 83 0.149949
764 942 67 78 0.153928
765 944 63 88 0.159958
766 939 86 70 0.166134
767 945 71 87 0.167196
768 974 87 92 0.183778
769 1062 62 91 0.144068
770 1032 60 88 0.143411
771 958 59 66 0.13048
772 865 63 65 0.147977
773 753 74 64 0.183267
774 789 86 59 0.183777
775 872 97 69 0.190367
776 921 102 77 0.194354
777 1031 104 86 0.184287
778 1096 97 71 0.153285
779 1120 82 99 0.161607
780 1114 71 93 0.147217
781 1043 77 119 0.187919
782 1100 81 107 0.170909
783 1220 92 105 0.161475
784 1165 89 80 0.145064
785 1110 108 79 0.168468
786 1150 104 65 0.146957
787 1048 99 77 0.167939
788 1050 110 68 0.169524
789 1083 63 80 0.132041
790 1018 72 82 0.151277
791 897 56 100 0.173913
792 942 74 121 0.207006
793 1133 70 117 0.165049
794 1237 64 87 0.12207
795 1037 77 69 0.140791
796 894 71 49 0.134228
797 798 89 44 0.166667
798 768 95 53 0.192708
799 860 110 48 0.183721
800 921 111 67 0.193268
801 1071 79 80 0.148459
802 1108 76 86 0.146209
803 965 40 80 0.124352
804 832 49 83 0.158654
805 756 55 92 0.194444
806 839 71 104 0.208582
807 978 77 109 0.190184
808 1109 84 81 0.148783
809 1123 105 69 0.154942
810 1095 94 55 0.136073
811 989 107 64 0.172902
812 937 97 70 0.178228
813 1133 85 83 0.148279
814 1115 73 94 0.149776
815 1107 45 113 0.142728
816 1081 52 119 0.158187
817 1006 43 124 0.166004
818 1044 68 92 0.153257
819 1021 94 61 0.151812
820 1011 102 55 0.155292
821 916 126 23 0.162664
822 868 131 32 0.187788
823 986 121 34 0.157201
824 939 80 55 0.14377
825 939 56 83 0.14803
826 861 37 118 0.180023
827 890 26 135 0.180899
828 992 31 152 0.184476
829 1112 35 117 0.136691
830 1034 48 90 0.133462
831 890 63 41 0.116854
832 772 93 32 0.161917
833 754 126 25 0.200265
834 881 109 32 0.160045
835 900 120 42 0.18
836 1012 112 49 0.159091
837 1004 81 75 0.155378
838 968 44 76 0.123967
839 879 34 101 0.153584
840 794 28 96 0.156171
841 814 23 115 0.169533
842 785 40 93 0.169427
843 887 64 90 0.173619
844 889 100 62 0.182227
845 1047 122 51 0.165234
846 1072 129 25 0.143657
847 1080 107 31 0.127778
848 866 93 32 0.144342
849 840 87 54 0.167857
850 824 71 93 0.199029
851 958 34 130 0.17119
852 993 25 114 0.13998
853 913 26 119 0.158817
854 917 27 112 0.151581
855 925 40 91 0.141622
856 831 61 64 0.150421
857 798 92 41 0.166667
858 817 131 28 0.194614
859 901 161 16 0.196448
860 1043 154 29 0.175455
861 1086 103 32 0.124309
862 978 60 63 0.125767
863 798 29 89 0.14787
864 756 14 137 0.199735
865 844 14 153 0.197867
866 917 10 143 0.166848
867 1013 19 107 0.124383
868 851 24 71 0.111633
869 679 49 34 0.122239
870 551 60 15 0.136116
871 479 92 4 0.200418
872 564 110 6 0.205674
873 661 115 9 0.187595
874 760 116 18 0.176316
875 820 83 25 0.131707
876 743 85 42 0.170929
877 748 43 79 0.163102
878 781 33 82 0.147247
879 768 25 94 0.154948
880 781 29 111 0.179257
881 890 24 111 0.151685
882 903 35 86 0.133998
883 796 55 82 0.172111
884 791 77 62 0.175727
885 842 85 55 0.166271
886 909 91 28 0.130913
887 808 95 26 0.149752
888 792 92 32 0.156566
889 751 88 41 0.171771
890 810 91 62 0.188889
891 933 81 63 0.154341
892 865 59 77 0.157225
893 826 50 81 0.158596
894 832 42 96 0.165865
895 926 50 108 0.170626
896 1017 62 124 0.182891
897 1140 77 98 0.153509
898 1202 74 92 0.138103
899 1065 82 77 0.149296
900 976 84 69 0.156762
901 1030 96 67 0.158252
902 983 100 68 0.170905
903 1053 94 80 0.165242
904 1030 104 68 0.16699
905 1098 92 77 0.153916
906 1091 94 84 0.163153
907 1056 85 76 0.152462
908 1040 64 84 0.142308
909 942 69 82 0.160297
910 919 74 85 0.173014
911 955 75 109 0.19267
912 1061 67 98 0.155514
913 1102 66 99 0.149728
914 996 78 80 0.158635
915 1051 100 86 0.176974
916 1149 115 83 0.172324
917 1188 118 52 0.143098
918 1157 109 52 0.139153
919 1062 99 65 0.154426
920 944 75 72 0.15572
921 948 70 118 0.198312
922 1090 37 143 0.165138
923 1162 48 129 0.152324
924 1116 41 102 0.128136
925 978 63 77 0.143149
926 827 98 69 0.201935
927 977 167 55 0.227226
928 1241 138 39 0.142627
929 1208 136 29 0.136589
930 1057 90 36 0.119205
931 908 67 53 0.132159
932 842 48 105 0.18171
933 868 32 120 0.175115
934 994 22 151 0.174044
935 1065 28 130 0.148357
936 1036 35 112 0.141892
937 1010 56 65 0.119802
938 801 73 57 0.162297
939 729 126 22 0.203018
940 824 142 26 0.203883
941 947 169 14 0.193242
942 1133 124 23 0.129744
943 1043 75 28 0.0987536
944 790 35 58 0.117722
945 612 20 83 0.168301
946 628 9 108 0.186306
947 703 13 139 0.216216
948 807 11 126 0.169765
949 938 18 125 0.152452
950 888 27 89 0.130631
951 808 47 52 0.122525
952 662 80 23 0.155589
953 635 130 16 0.229921
954 753 155 3 0.209827
955 921 137 11 0.160695
956 974 97 6 0.105749
957 782 75 8 0.106138
958 570 46 17 0.110526
959 422 16 34 0.118483
960 346 9 54 0.182081
961 340 2 73 0.220588
962 461 4 106 0.238612
963 646 5 137 0.219814
964 772 11 125 0.176166
965 866 18 95 0.130485
966 735 25 59 0.114286
967 662 35 51 0.129909
968 509 69 29 0.192534
969 573 77 22 0.172775
970 661 102 16 0.178517
971 660 126 21 0.222727
972 815 118 25 0.17546
973 851 101 25 0.148061
974 796 74 36 0.138191
975 727 67 61 0.176066
976 761 41 98 0.182654
977 861 26 151 0.205575
978 994 25 139 0.16499
979 1087 29 117 0.134315
980 1071 41 88 0.120448
981 808 68 63 0.162129
982 829 107 47 0.185766
983 888 143 39 0.204955
984 1123 128 26 0.137133
985 1041 90 32 0.117195
986 871 60 45 0.120551
987 704 54 71 0.177557
988 694 42 94 0.195965
989 820 34 116 0.182927
990 925 38 119 0.16973
991 974 55 102 0.161191
992 960 40 69 0.113542
993 820 54 76 0.158537
994 743 83 57 0.188425
995 860 120 45 0.19186
996 1004 154 47 0.200199
997 1151 132 46 0.154648
998 1133 107 40 0.129744
999 1023 71 48 0.116325
1000 822 59 82 0.171533
1001 839 43 127 0.202622
1002 966 34 158 0.198758
1003 1138 26 160 0.163445
1004 1219 42 94 0.111567
1005 969 56 72 0.132095
1006 829 80 41 0.145959
1007 793 119 26 0.18285
1008 843 147 22 0.200474
1009 976 111 22 0.13627
1010 983 109 26 0.137335
1011 845 68 55 0.145562
1012 815 76 84 0.196319
1013 905 35 104 0.153591
1014 944 20 124 0.152542
1015 847 19 112 0.154664
1016 822 25 107 0.160584
1017 828 38 110 0.178744
1018 916 60 70 0.141921
1019 911 95 43 0.151482
1020 857 100 24 0.144691
1021 800 118 26 0.18
1022 806 140 12 0.188586
1023 914 134 17 0.165208
1024 970 82 32 0.117526
1025 902 45 46 0.100887
1026 639 22 89 0.173709
1027 628 14 128 0.226115
1028 805 9 167 0.218634
1029 984 11 155 0.168699
1030 1086 18 105 0.11326
1031 946 33 66 0.104651
1032 694 48 36 0.121037
1033 592 86 16 0.172297
1034 624 127 7 0.214744
1035 789 150 9 0.201521
1036 953 154 4 0.165792
1037 1060 115 9 0.116981
1038 880 90 13 0.117045
1039 746 42 33 0.100536
1040 539 17 47 0.118738
1041 453 2 62 0.14128
1042 400 2 107 0.2725
1043 578 1 132 0.230104
1044 769 1 114 0.149545
1045 870 0 126 0.144828
1046 751 0 96 0.12783
1047 706 0 76 0.107649
1048 595 0 42 0.0705882
1049 357 0 17 0.047619
1050 206 0 3 0.0145631
1051 54 0 0 0
1052 9 0 0 0
1053 0 0 0 0
1054 0 0 0 0
1055 0 0 0 0
1056 0 0 0 0
1057 0 0 0 0
1058 0 0 0 0
1059 0 0 0 0
1060 0 0 0 0
1061 0 0 0 0
1062 0 0 0 0
1063 0 0 0 0
1064 0 0 0 0
1065 0 0 0 0
1066 0 0 0 0
1067 0 0 0 0
1068 0 0 0 0
1069 0 0 0 0
1070 0 0 0 0
1071 0 0 0 0
1072 0 0 0 0
