8 317
19 256
30 217
40 252
52 233
63 243
75 283
89 229
101 233
113 242
125 273
138 219
153 193
163 173
174 168
178 155
184 190
197 214
207 212
219 203
230 204
241 273
254 271
270 197
285 159
296 184
310 189
323 211
333 154
343 186
352 225
361 221
375 273
388 232
402 232
418 202
429 217
444 223
457 214
468 236
481 264
494 190
509 184
519 191
530 207
541 219
553 204
566 192
578 226
588 158
593 163
598 149
607 167
621 218
631 243
643 191
656 220
669 262
682 226
696 235
708 214
722 204
734 242
747 237
758 163
761 154
768 142
777 180
786 190
800 197
812 189
822 234
836 213
846 231
860 277
874 214
888 169
902 176
905 176
917 216
928 267
941 288
955 258
972 216
984 248
997 260
1008 235
1023 250
1036 273
9293 1465759280
9297 1465759424
9300 32767
9305 1465759280
9309 1095045498
9313 1465759472
9319 1465760188
9328 1074594408
9337 1465759472
9341 1465760072
9347 1465760008
9351 1465761676
9352 32767
9359 1465761676
9365 1465760136
9371 1465760104
9375 1465761675
9385 1465760640
9389 1465761024
9394 524288
9397 1
9401 1465761676
9402 32767
9413 1465761112
9418 7
9421 1
9425 1465761675
9426 32767
9434 1
9447 1465759972
9455 2026584188
9461 2026584184
9465 2026584160
9471 2026587512
9477 1465760000
9481 2061214480
9487 1115693156
9493 1465760112
9496 32767
9499 100
9503 1115693056
9507 1465760040
9521 1465760624
9527 1465760120
9533 1465764184
9537 1095045498
9551 1617882888
9555 1617891312
9563 1617711242
9567 1617882888
9571 1617888040
9579 1617711242
9583 1617891312
9587 1617891312
9589 1617854640
9595 1617882888
9603 1617882888
9611 1465760672
9615 1617736291
9621 2026584160
9625 140729368
9631 1617882888
9635 1617742361
9641 1617810096
9647 1617882888
9653 1617854640
9657 140729097
9661 1617891312
9669 1940
9675 1617657253
9681 1465761088
9685 2026587512
9691 2026587512
9703 1617882888
9707 1617887888
9715 1617711242
9719 1617887888
9723 1617887888
9735 1617882888
9739 1617887888
9743 140728064
9755 1617882888
9759 1617887888
9767 1617711242
9771 1617887888
9775 1617887888
9777 1617854640
9783 1617882888
9791 1617882888
9799 1465761424
9803 1617736291
9809 1617810096
9813 140729368
9819 1617882888
9823 1617742361
9829 1617810096
9835 1617882888
9841 1617854640
9845 140728686
9849 1617887888
9857 1529
9863 1617657253
9869 1465761840
9873 1465764592
9875 140711512
9885 1465764592
9889 1769234802
9901 1465761728
9905 1465761744
9909 1465762312
9915 1465762280
9919 1465763851
9929 1465762816
9932 32767
9939 1465764592
9953 1465763272
9957 1465763288
9961 1
9965 1
9969 1465763851
9970 32767
9978 1
9979 1
9987 4
9993 1465763848
