4 301
11 384
21 455
32 464
43 554
54 504
66 612
78 724
93 530
104 542
116 576
128 614
141 587
156 508
165 447
176 441
187 471
200 459
210 478
222 529
233 494
244 668
257 692
272 578
288 536
299 496
313 524
326 528
334 384
344 426
354 484
365 585
378 656
391 796
407 669
421 542
433 606
447 596
460 522
472 548
483 611
497 595
511 478
522 505
534 518
544 465
555 449
567 518
580 574
596 446
612 472
624 512
634 577
646 557
659 576
672 616
685 642
699 632
712 577
724 494
737 595
749 543
762 456
771 376
779 437
790 482
802 520
813 463
825 614
838 561
849 591
863 666
877 622
893 556
909 454
920 515
931 624
944 724
959 808
975 647
987 563
1000 602
1012 608
1025 713
1040 825
1050 108
1056 108
1059 108
1062 108
1065 108
1068 108
1071 108
9261 1465759280
9265 1465759424
9268 32767
9273 1465759280
9277 1095045498
9281 1465759472
9287 1465760188
9296 1074594408
9305 1465759472
9309 1465760072
9315 1465760008
9319 1465761676
9320 32767
9327 1465761676
9333 1465760136
9339 1465760104
9343 1465761675
9353 1465760640
9357 1465761024
9362 524288
9365 1
9369 1465761676
9370 32767
9381 1465761112
9386 7
9389 1
9393 1465761675
9394 32767
9402 1
9415 1465759972
9423 2026584188
9429 2026584184
9433 2026584160
9439 2026587512
9445 1465760000
9449 2061214480
9455 1115693156
9461 1465760112
9464 32767
9467 100
9471 1115693056
9475 1465760040
9489 1465760624
9495 1465760120
9501 1465764184
9505 1095045498
9519 1617882888
9523 1617891312
9531 1617711242
9535 1617882888
9539 1617888040
9547 1617711242
9551 1617891312
9555 1617891312
9557 1617854640
9563 1617882888
9571 1617882888
9579 1465760672
9583 1617736291
9589 2026584160
9593 140729368
9599 1617882888
9603 1617742361
9609 1617810096
9615 1617882888
9621 1617854640
9625 140729097
9629 1617891312
9637 1940
9643 1617657253
9649 1465761088
9653 2026587512
9659 2026587512
9671 1617882888
9675 1617887888
9683 1617711242
9687 1617887888
9691 1617887888
9703 1617882888
9707 1617887888
9711 140728064
9723 1617882888
9727 1617887888
9735 1617711242
9739 1617887888
9743 1617887888
9745 1617854640
9751 1617882888
9759 1617882888
9767 1465761424
9771 1617736291
9777 1617810096
9781 140729368
9787 1617882888
9791 1617742361
9801 1465761440
9805 1465761584
9808 32767
9813 1465761440
9817 1095045498
9821 1465761632
9827 1465762348
9831 1617657253
9836 1078416470
9841 1465764592
9845 1465761632
9849 1465762232
9855 1465762168
9859 1465763836
9860 32767
9867 1465763836
9873 1465761744
9877 1465762312
9883 1465762280
9887 1465763851
9897 1465762816
9901 1465761856
9905 1465761872
9909 1465762440
9915 1465762408
9919 1465763979
9929 1465762944
9932 32767
9937 1465763851
9938 32767
9946 1
9953 1465763400
9957 1465763416
9961 1
9965 1
9969 1465763979
9970 32767
9978 1
9979 1
9987 4
9993 1465763976
