1 500 499 0 0 0.5
2 498 496 0 0 0.498
3 491 488 0 0 0.491
4 470 472 0 0 0.47
5 436 447 0 0 0.436
6 400 415 0 0 0.4
7 361 366 0 0 0.361
8 342 353 0 0 0.342
9 365 360 0 0 0.365
10 401 391 0 0 0.401
11 437 417 0 0 0.437
12 447 419 0 0 0.447
13 434 408 0 0 0.434
14 416 407 0 0 0.416
15 394 390 0 0 0.394
16 380 366 0 0 0.38
17 345 364 0 0 0.345
18 337 359 0 0 0.337
19 344 355 0 0 0.344
20 333 346 0 0 0.333
21 352 340 0 0 0.352
22 347 336 0 0 0.347
23 357 328 0 0 0.357
24 368 352 0 0 0.368
25 348 344 0 0 0.348
26 357 350 0 0 0.357
27 341 351 0 0 0.341
28 333 335 0 0 0.333
29 338 356 0 0 0.338
30 339 353 0 0 0.339
31 349 349 0 0 0.349
32 343 357 0 0 0.343
33 348 329 0 0 0.348
34 339 334 0 0 0.339
35 342 346 0 0 0.342
36 356 354 0 0 0.356
37 355 368 0 0 0.355
38 352 351 0 0 0.352
39 332 342 0 0 0.332
40 326 330 0 0 0.326
41 345 335 0 0 0.345
42 360 357 0 0 0.36
43 368 357 0 0 0.368
44 377 360 0 0 0.377
45 349 350 0 0 0.349
46 340 344 0 0 0.34
47 352 350 0 0 0.352
48 333 358 0 0 0.333
49 344 363 0 0 0.344
50 344 349 0 0 0.344
51 329 351 0 0 0.329
52 351 345 0 0 0.351
53 361 332 0 0 0.361
54 369 330 0 0 0.369
55 375 338 0 0 0.375
56 363 331 0 0 0.363
57 353 350 0 0 0.353
58 340 364 0 0 0.34
59 326 364 0 0 0.326
60 322 382 0 0 0.322
61 322 378 0 0 0.322
62 337 376 0 0 0.337
63 361 360 0 0 0.361
64 369 340 0 0 0.369
65 380 311 0 0 0.38
66 385 301 0 0 0.385
67 378 290 0 0 0.378
68 370 309 0 0 0.37
69 359 341 0 0 0.359
70 327 375 0 0 0.327
71 306 419 0 0 0.306
72 295 424 0 0 0.295
73 297 419 0 0 0.297
74 302 399 0 0 0.302
75 336 354 0 0 0.336
76 387 313 0 0 0.387
77 411 283 0 0 0.411
78 439 258 0 0 0.439
79 438 247 0 0 0.438
80 408 280 0 0 0.408
81 351 327 0 0 0.351
82 304 377 0 0 0.304
83 259 458 0 0 0.259
84 216 482 0 0 0.216
85 224 489 0 0 0.224
86 258 437 0 0 0.258
87 320 346 0 0 0.32
88 412 273 0 0 0.412
89 493 200 0 0 0.493
90 540 170 0 0 0.54
91 494 169 0 0 0.494
92 428 198 0 0 0.428
93 327 274 0 0 0.327
94 225 411 0 0 0.225
95 180 550 0 0 0.18
96 141 603 0 0 0.141
97 130 591 0 0 0.13
98 160 478 0 0 0.16
99 243 319 0 0 0.243
100 392 213 0 0 0.392
101 578 131 0 0 0.578
102 698 86 0 0 0.698
103 671 82 0 0 0.671
104 521 84 0 0 0.521
105 323 129 0 0 0.323
106 160 251 0 0 0.16
107 82 485 0 0 0.082
108 65 742 0 0 0.065
109 46 795 0 0 0.046
110 37 692 0 0 0.037
111 43 456 0 0 0.043
112 79 183 0 0 0.079
113 202 76 0 0 0.202
114 479 42 0 0 0.479
115 778 26 0 0 0.778
116 864 22 0 0 0.864
117 767 16 0 0 0.767
118 493 21 0 0 0.493
119 180 47 0 0 0.18
120 47 133 0 0 0.047
121 17 342 0 0 0.017
122 8 700 0 0 0.008
123 5 889 0 0 0.005
124 4 853 0 0 0.004
125 5 644 0 0 0.005
126 5 279 0 0 0.005
127 11 61 0 0 0.011
128 41 7 0 0 0.041
129 147 2 0 0 0.147
130 412 1 0 0 0.412
131 785 0 0 0 0.785
132 928 0 0 0 0.928
133 845 0 0 0 0.845
134 582 0 0 0 0.582
135 203 0 0 0 0.203
136 28 0 0 0 0.028
137 4 0 0 0 0.004
138 0 0 0 0 0
139 0 0 0 0 0
140 0 0 0 0 0
141 0 0 0 0 0
142 0 0 0 0 0
143 0 0 0 0 0
144 0 0 0 0 0
145 0 0 0 0 0
146 0 0 0 0 0
147 0 0 0 0 0
148 0 0 0 0 0
