1 1 0 0 0 0.001
2 3 3 0 0 0.003
3 9 14 0 0 0.009
4 31 35 0 0 0.031
5 63 78 0 0 0.063
6 86 148 0 0 0.086
7 140 233 0 0 0.14
8 152 306 0 0 0.152
9 131 326 0 0 0.131
10 98 312 0 0 0.098
11 76 268 0 0 0.076
12 65 223 0 0 0.065
13 84 175 0 0 0.084
14 92 141 0 0 0.092
15 114 130 0 0 0.114
16 133 136 0 0 0.133
17 147 147 0 0 0.147
18 146 159 0 0 0.146
19 146 155 0 0 0.146
20 163 158 0 0 0.163
21 154 154 0 0 0.154
22 148 169 0 0 0.148
23 162 153 0 0 0.162
24 144 136 0 0 0.144
25 162 146 0 0 0.162
26 145 148 0 0 0.145
27 168 140 0 0 0.168
28 177 155 0 0 0.177
29 154 152 0 0 0.154
30 149 159 0 0 0.149
31 160 142 0 0 0.16
32 153 147 0 0 0.153
33 163 160 0 0 0.163
34 154 173 0 0 0.154
35 163 149 0 0 0.163
36 142 148 0 0 0.142
37 143 134 0 0 0.143
38 142 155 0 0 0.142
39 163 163 0 0 0.163
40 168 176 0 0 0.168
41 163 157 0 0 0.163
42 137 146 0 0 0.137
43 138 137 0 0 0.138
44 134 129 0 0 0.134
45 158 143 0 0 0.158
46 153 163 0 0 0.153
47 156 142 0 0 0.156
48 153 156 0 0 0.153
49 144 149 0 0 0.144
50 144 163 0 0 0.144
51 157 163 0 0 0.157
52 141 163 0 0 0.141
53 156 151 0 0 0.156
54 158 143 0 0 0.158
55 148 139 0 0 0.148
56 161 145 0 0 0.161
57 167 130 0 0 0.167
58 163 133 0 0 0.163
59 159 151 0 0 0.159
60 142 154 0 0 0.142
61 142 158 0 0 0.142
62 127 160 0 0 0.127
63 125 154 0 0 0.125
64 124 167 0 0 0.124
65 153 156 0 0 0.153
66 163 151 0 0 0.163
67 196 136 0 0 0.196
68 184 137 0 0 0.184
69 192 108 0 0 0.192
70 173 125 0 0 0.173
71 155 120 0 0 0.155
72 130 151 0 0 0.13
73 132 152 0 0 0.132
74 101 198 0 0 0.101
75 107 203 0 0 0.107
76 112 188 0 0 0.112
77 146 160 0 0 0.146
78 145 158 0 0 0.145
79 196 119 0 0 0.196
80 219 93 0 0 0.219
81 230 92 0 0 0.23
82 207 112 0 0 0.207
83 176 107 0 0 0.176
84 145 157 0 0 0.145
85 92 195 0 0 0.092
86 74 231 0 0 0.074
87 89 245 0 0 0.089
88 88 227 0 0 0.088
89 116 191 0 0 0.116
90 162 128 0 0 0.162
91 240 97 0 0 0.24
92 302 72 0 0 0.302
93 335 64 0 0 0.335
94 291 73 0 0 0.291
95 184 86 0 0 0.184
96 127 129 0 0 0.127
97 71 208 0 0 0.071
98 38 324 0 0 0.038
99 45 393 0 0 0.045
100 55 340 0 0 0.055
101 70 221 0 0 0.07
102 112 104 0 0 0.112
103 206 41 0 0 0.206
104 363 32 0 0 0.363
105 519 29 0 0 0.519
106 559 30 0 0 0.559
107 392 41 0 0 0.392
108 142 51 0 0 0.142
109 47 112 0 0 0.047
110 27 244 0 0 0.027
111 18 483 0 0 0.018
112 24 714 0 0 0.024
113 17 705 0 0 0.017
114 22 457 0 0 0.022
115 35 161 0 0 0.035
116 81 33 0 0 0.081
117 203 14 0 0 0.203
118 480 6 0 0 0.48
119 766 7 0 0 0.766
120 812 8 0 0 0.812
121 628 13 0 0 0.628
122 273 19 0 0 0.273
123 57 49 0 0 0.057
124 6 137 0 0 0.006
125 1 350 0 0 0.001
126 2 714 0 0 0.002
127 1 927 0 0 0.001
128 3 949 0 0 0.003
129 4 847 0 0 0.004
130 6 581 0 0 0.006
131 12 203 0 0 0.012
132 44 28 0 0 0.044
133 151 4 0 0 0.151
134 418 0 0 0 0.418
135 797 0 0 0 0.797
136 972 0 0 0 0.972
137 996 0 0 0 0.996
138 1000 0 0 0 1
139 1000 0 0 0 1
140 1000 0 0 0 1
141 1000 0 0 0 1
142 1000 0 0 0 1
143 1000 0 0 0 1
144 1000 0 0 0 1
145 1000 0 0 0 1
146 1000 0 0 0 1
147 1000 0 0 0 1
148 1000 0 0 0 1
