1 3444 0 0 0
2 3383 0 0 0
3 3530 2 3 0.00141643
4 3428 6 5 0.00320887
5 3285 17 19 0.0109589
6 3116 30 43 0.0234275
7 2952 69 54 0.0416667
8 2509 79 86 0.0657633
9 2442 88 86 0.0712531
10 2524 81 78 0.0629952
11 2803 76 62 0.049233
12 3038 45 46 0.0299539
13 3125 49 43 0.02944
14 2947 44 54 0.0332542
15 2859 58 58 0.0405736
16 2748 75 70 0.0527656
17 2601 67 88 0.0595925
18 2363 81 90 0.0723656
19 2442 93 86 0.0733006
20 2458 77 71 0.0602116
21 2490 98 88 0.0746988
22 2404 78 89 0.0694676
23 2393 104 80 0.0768909
24 2446 88 95 0.074816
25 2598 78 80 0.060816
26 2409 87 95 0.07555
27 2485 88 81 0.068008
28 2387 80 79 0.0666108
29 2354 83 101 0.0781648
30 2348 88 92 0.076661
31 2430 98 77 0.0720165
32 2396 74 87 0.0671953
33 2534 88 73 0.0635359
34 2332 79 97 0.0754717
35 2333 101 89 0.0814402
36 2330 88 95 0.0785408
37 2632 87 87 0.0661094
38 2510 76 80 0.0621514
39 2435 81 80 0.0661191
40 2326 82 83 0.0709372
41 2298 106 92 0.0861619
42 2436 91 102 0.0792282
43 2501 89 80 0.067573
44 2531 91 86 0.0699328
45 2634 78 82 0.0607441
46 2490 82 96 0.0714859
47 2465 101 86 0.0758621
48 2404 72 94 0.0690516
49 2480 89 87 0.0709677
50 2542 82 82 0.0645161
51 2354 86 88 0.0739167
52 2340 94 88 0.0777778
53 2401 99 74 0.0720533
54 2372 90 80 0.0716695
55 2424 92 96 0.0775578
56 2558 82 81 0.0637217
57 2504 89 93 0.0726837
58 2418 77 94 0.0707196
59 2495 78 96 0.0697395
60 2456 78 99 0.0720684
61 2483 89 89 0.0716875
62 2424 92 92 0.0759076
63 2521 102 80 0.0721936
64 2487 86 79 0.066345
65 2493 100 60 0.0641797
66 2477 97 82 0.0722648
67 2415 95 69 0.0679089
68 2337 78 98 0.0753102
69 2397 89 92 0.0755111
70 2397 65 116 0.0755111
71 2484 74 113 0.0752818
72 2576 67 103 0.0659938
73 2548 91 87 0.0698587
74 2571 70 96 0.0645663
75 2478 108 68 0.071025
76 2352 118 62 0.0765306
77 2415 115 57 0.0712215
78 2376 98 71 0.0711279
79 2475 107 57 0.0662626
80 2455 88 95 0.0745418
81 2417 58 104 0.0670252
82 2371 51 121 0.0725432
83 2384 62 138 0.0838926
84 2542 45 119 0.0645161
85 2486 66 111 0.0711987
86 2516 85 69 0.0612083
87 2390 124 47 0.0715481
88 2323 137 46 0.0787774
89 2464 147 38 0.0750812
90 2439 132 39 0.0701107
91 2482 78 46 0.0499597
92 2305 71 75 0.0633406
93 2217 46 114 0.0721696
94 2106 30 176 0.0978158
95 2181 33 185 0.0999541
96 2525 32 128 0.0633663
97 2540 35 102 0.053937
98 2604 60 63 0.047235
99 2294 116 26 0.0619006
100 1896 181 22 0.107068
101 2140 221 20 0.112617
102 2439 180 18 0.0811808
103 2749 89 22 0.0403783
104 2684 31 24 0.0204918
105 2090 23 65 0.0421053
106 1529 17 140 0.102681
107 1375 11 256 0.194182
108 2073 14 281 0.142306
109 2784 4 118 0.0438218
110 2910 8 37 0.0154639
111 2529 17 20 0.0146303
112 1712 50 8 0.0338785
113 907 127 11 0.15215
114 934 285 3 0.308351
115 1844 316 4 0.173536
116 2828 136 4 0.049505
117 3037 30 5 0.0115245
118 2689 11 8 0.00706582
119 1744 3 30 0.018922
120 800 3 90 0.11625
121 670 0 214 0.319403
122 1283 2 366 0.286828
123 2463 0 219 0.088916
124 3129 2 54 0.0178971
125 2954 1 5 0.00203114
126 2295 2 1 0.00130719
127 1019 6 1 0.00686948
128 269 32 0 0.118959
129 177 107 0 0.60452
130 536 267 0 0.498134
131 1480 379 0 0.256081
132 2713 175 0 0.0645042
133 3214 24 0 0.00746733
134 2887 4 0 0.00138552
135 1997 0 0 0
136 712 0 0 0
137 100 0 0 0
138 15 0 0 0
139 0 0 0 0
140 0 0 0 0
141 0 0 0 0
142 0 0 0 0
143 0 0 0 0
144 0 0 0 0
145 0 0 0 0
146 0 0 0 0
147 0 0 0 0
148 0 0 0 0
