12 447
24 368
31 349
36 356
44 377
47 352
55 375
66 385
78 439
90 540
102 698
116 864
132 928
9293 1580537376
9297 1580537520
9300 32767
9305 1580537376
9308 32767
9313 1580537568
9319 1580538284
9328 1071304597
9331 1
9337 1580537568
9341 1580538168
9347 1580538104
9351 1580539772
9352 32767
9359 1580539772
9365 1580538232
9371 1580538200
9375 1580539771
9385 1580538736
9389 1580539120
9394 524288
9397 1
9401 1580539772
9402 32767
9413 1580539208
9418 7
9421 1
9425 1580539771
9426 32767
9434 1
9447 1580538068
9455 2026584188
9461 2026584184
9465 2026584160
9471 2026587512
9477 1580538096
9481 2061214480
9488 32741
9493 1580538208
9496 32767
9499 100
9507 1580538136
9521 1580538720
9527 1580538216
9533 1580542280
9539 25926874
9551 1674342152
9555 1674350576
9563 1674170506
9567 1674342152
9571 1674347304
9579 1674170506
9583 1674350576
9587 1674350576
9589 1674313904
9595 1674342152
9603 1674342152
9611 1580538768
9615 1674195555
9621 2026584160
9625 25951256
9631 1674342152
9635 1674201625
9641 1674269360
9647 1674342152
9653 1674313904
9657 25950985
9661 1674350576
9669 1940
9675 1674116517
9681 1580539184
9685 2026587512
9691 2026587512
9703 1674342152
9707 1674347152
9715 1674170506
9719 1674347152
9723 1674347152
9735 1674342152
9739 1674347152
9743 25949952
9755 1674342152
9759 1674347152
9767 1674170506
9771 1674347152
9775 1674347152
9777 1674313904
9783 1674342152
9791 1674342152
9799 1580539520
9803 1674195555
9809 1674269360
9813 25951256
9819 1674342152
9823 1674201625
9829 1674269360
9835 1674342152
9841 1674313904
9845 25950574
9849 1674347152
9857 1529
9863 1674116517
9869 1580539936
9873 1580542688
9875 25933400
9885 1580542688
9889 1769234802
9901 1580539824
9905 1580539840
9909 1580540408
9915 1580540376
9919 1580541947
9929 1580540912
9932 32767
9939 1580542688
9953 1580541368
9957 1580541384
9961 1
9965 1
9969 1580541947
9970 32767
9978 1
9979 1
9987 4
9993 1580541944
