8 152
20 163
23 162
28 177
33 163
40 168
45 158
57 167
67 196
81 230
93 335
106 559
120 812
138 1000
141 1000
144 1000
147 1000
9261 1580537376
9265 1580537520
9268 32767
9273 1580537376
9276 32767
9281 1580537568
9287 1580538284
9296 1071304597
9299 1
9305 1580537568
9309 1580538168
9315 1580538104
9319 1580539772
9320 32767
9327 1580539772
9333 1580538232
9339 1580538200
9343 1580539771
9353 1580538736
9357 1580539120
9362 524288
9365 1
9369 1580539772
9370 32767
9381 1580539208
9386 7
9389 1
9393 1580539771
9394 32767
9402 1
9415 1580538068
9423 2026584188
9429 2026584184
9433 2026584160
9439 2026587512
9445 1580538096
9449 2061214480
9456 32741
9461 1580538208
9464 32767
9467 100
9475 1580538136
9489 1580538720
9495 1580538216
9501 1580542280
9507 25926874
9519 1674342152
9523 1674350576
9531 1674170506
9535 1674342152
9539 1674347304
9547 1674170506
9551 1674350576
9555 1674350576
9557 1674313904
9563 1674342152
9571 1674342152
9579 1580538768
9583 1674195555
9589 2026584160
9593 25951256
9599 1674342152
9603 1674201625
9609 1674269360
9615 1674342152
9621 1674313904
9625 25950985
9629 1674350576
9637 1940
9643 1674116517
9649 1580539184
9653 2026587512
9659 2026587512
9671 1674342152
9675 1674347152
9683 1674170506
9687 1674347152
9691 1674347152
9703 1674342152
9707 1674347152
9711 25949952
9723 1674342152
9727 1674347152
9735 1674170506
9739 1674347152
9743 1674347152
9745 1674313904
9751 1674342152
9759 1674342152
9767 1580539520
9771 1674195555
9777 1674269360
9781 25951256
9787 1674342152
9791 1674201625
9801 1580539536
9805 1580539680
9808 32767
9813 1580539536
9816 32767
9821 1580539728
9827 1580540444
9831 1674116517
9836 1079121118
9841 1580542688
9845 1580539728
9849 1580540328
9855 1580540264
9859 1580541932
9860 32767
9867 1580541932
9873 1580539840
9877 1580540408
9883 1580540376
9887 1580541947
9897 1580540912
9901 1580539952
9905 1580539968
9909 1580540536
9915 1580540504
9919 1580542075
9929 1580541040
9932 32767
9937 1580541947
9938 32767
9946 1
9953 1580541496
9957 1580541512
9961 1
9965 1
9969 1580542075
9970 32767
9978 1
9979 1
9987 4
9993 1580542072
