1 452 467 0 0 0.452
2 496 495 0 0 0.496
3 499 501 0 0 0.499
4 499 501 0 0 0.499
5 499 501 0 0 0.499
6 499 500 0 0 0.499
7 500 500 0 0 0.5
8 500 498 0 0 0.5
9 501 491 0 0 0.501
10 506 478 0 0 0.506
11 517 455 0 0 0.517
12 538 415 0 0 0.538
13 570 374 0 0 0.57
14 603 304 0 0 0.603
15 647 231 0 0 0.647
16 693 183 0 0 0.693
17 714 143 0 0 0.714
18 720 102 0 0 0.72
19 725 103 0 0 0.725
20 702 118 0 0 0.702
21 650 150 0 0 0.65
22 605 201 0 0 0.605
23 565 285 0 0 0.565
24 535 342 0 0 0.535
25 516 413 0 0 0.516
26 507 456 0 0 0.507
27 502 477 0 0 0.502
28 498 489 0 0 0.498
29 488 494 0 0 0.488
30 478 501 0 0 0.478
31 469 499 0 0 0.469
32 450 498 0 0 0.45
33 425 508 0 0 0.425
34 389 506 0 0 0.389
35 359 508 0 0 0.359
36 343 524 0 0 0.343
37 334 518 0 0 0.334
38 336 514 0 0 0.336
39 329 500 0 0 0.329
40 345 468 0 0 0.345
41 393 457 0 0 0.393
42 430 452 0 0 0.43
43 456 444 0 0 0.456
44 479 428 0 0 0.479
45 496 395 0 0 0.496
46 509 361 0 0 0.509
47 522 346 0 0 0.522
48 527 330 0 0 0.527
49 541 317 0 0 0.541
50 531 310 0 0 0.531
51 502 310 0 0 0.502
52 483 345 0 0 0.483
53 471 388 0 0 0.471
54 451 420 0 0 0.451
55 433 458 0 0 0.433
56 407 486 0 0 0.407
57 377 506 0 0 0.377
58 357 532 0 0 0.357
59 324 546 0 0 0.324
60 309 561 0 0 0.309
61 298 565 0 0 0.298
62 293 547 0 0 0.293
63 306 521 0 0 0.306
64 355 502 0 0 0.355
65 388 477 0 0 0.388
66 431 451 0 0 0.431
67 471 420 0 0 0.471
68 491 380 0 0 0.491
69 519 352 0 0 0.519
70 545 332 0 0 0.545
71 566 312 0 0 0.566
72 580 285 0 0 0.58
73 589 278 0 0 0.589
74 553 276 0 0 0.553
75 535 315 0 0 0.535
76 501 351 0 0 0.501
77 463 401 0 0 0.463
78 432 446 0 0 0.432
79 401 481 0 0 0.401
80 365 513 0 0 0.365
81 330 541 0 0 0.33
82 305 574 0 0 0.305
83 282 595 0 0 0.282
84 271 616 0 0 0.271
85 260 595 0 0 0.26
86 273 574 0 0 0.273
87 306 529 0 0 0.306
88 357 486 0 0 0.357
89 409 454 0 0 0.409
90 458 414 0 0 0.458
91 509 376 0 0 0.509
92 542 336 0 0 0.542
93 573 305 0 0 0.573
94 600 276 0 0 0.6
95 635 258 0 0 0.635
96 635 247 0 0 0.635
97 624 248 0 0 0.624
98 579 266 0 0 0.579
99 529 297 0 0 0.529
100 483 353 0 0 0.483
101 436 409 0 0 0.436
102 388 478 0 0 0.388
103 340 528 0 0 0.34
104 307 569 0 0 0.307
105 269 603 0 0 0.269
106 247 640 0 0 0.247
107 226 657 0 0 0.226
108 229 671 0 0 0.229
109 240 641 0 0 0.24
110 257 583 0 0 0.257
111 295 535 0 0 0.295
112 349 471 0 0 0.349
113 417 417 0 0 0.417
114 480 358 0 0 0.48
115 542 312 0 0 0.542
116 606 266 0 0 0.606
117 650 238 0 0 0.65
118 672 212 0 0 0.672
119 686 202 0 0 0.686
120 677 214 0 0 0.677
121 635 217 0 0 0.635
122 597 237 0 0 0.597
123 534 276 0 0 0.534
124 472 345 0 0 0.472
125 400 423 0 0 0.4
126 327 510 0 0 0.327
127 272 586 0 0 0.272
128 236 639 0 0 0.236
129 206 690 0 0 0.206
130 191 709 0 0 0.191
131 192 710 0 0 0.192
132 188 698 0 0 0.188
133 201 666 0 0 0.201
134 226 610 0 0 0.226
135 276 536 0 0 0.276
136 349 446 0 0 0.349
137 432 363 0 0 0.432
138 528 297 0 0 0.528
139 618 242 0 0 0.618
140 692 204 0 0 0.692
141 733 184 0 0 0.733
142 733 164 0 0 0.733
143 735 152 0 0 0.735
144 719 158 0 0 0.719
145 680 156 0 0 0.68
146 616 185 0 0 0.616
147 533 228 0 0 0.533
148 435 316 0 0 0.435
149 336 421 0 0 0.336
150 253 543 0 0 0.253
151 201 659 0 0 0.201
152 186 738 0 0 0.186
153 157 763 0 0 0.157
154 135 773 0 0 0.135
155 122 788 0 0 0.122
156 113 769 0 0 0.113
157 121 738 0 0 0.121
158 132 651 0 0 0.132
159 169 549 0 0 0.169
160 255 423 0 0 0.255
161 383 303 0 0 0.383
162 538 226 0 0 0.538
163 680 192 0 0 0.68
164 770 158 0 0 0.77
165 807 128 0 0 0.807
166 829 109 0 0 0.829
167 836 94 0 0 0.836
168 833 88 0 0 0.833
169 803 84 0 0 0.803
170 722 87 0 0 0.722
171 595 111 0 0 0.595
172 435 171 0 0 0.435
173 296 295 0 0 0.296
174 204 506 0 0 0.204
175 157 686 0 0 0.157
176 128 802 0 0 0.128
177 103 850 0 0 0.103
178 84 867 0 0 0.084
179 68 878 0 0 0.068
180 56 883 0 0 0.056
181 52 866 0 0 0.052
182 52 808 0 0 0.052
183 59 683 0 0 0.059
184 84 473 0 0 0.084
185 155 297 0 0 0.155
186 340 180 0 0 0.34
187 610 127 0 0 0.61
188 812 105 0 0 0.812
189 880 83 0 0 0.88
190 903 65 0 0 0.903
191 916 51 0 0 0.916
192 924 39 0 0 0.924
193 922 34 0 0 0.922
194 896 32 0 0 0.896
195 829 30 0 0 0.829
196 648 38 0 0 0.648
197 376 62 0 0 0.376
198 174 127 0 0 0.174
199 106 330 0 0 0.106
200 80 623 0 0 0.08
201 62 843 0 0 0.062
202 47 919 0 0 0.047
203 32 938 0 0 0.032
204 26 950 0 0 0.026
205 21 952 0 0 0.021
206 12 947 0 0 0.012
207 11 930 0 0 0.011
208 9 863 0 0 0.009
209 10 661 0 0 0.01
210 23 368 0 0 0.023
211 51 148 0 0 0.051
212 153 70 0 0 0.153
213 417 49 0 0 0.417
214 757 33 0 0 0.757
215 927 26 0 0 0.927
216 964 18 0 0 0.964
217 975 8 0 0 0.975
218 985 7 0 0 0.985
219 986 4 0 0 0.986
220 976 4 0 0 0.976
221 945 3 0 0 0.945
222 844 3 0 0 0.844
223 580 5 0 0 0.58
224 239 8 0 0 0.239
225 68 22 0 0 0.068
226 30 70 0 0 0.03
227 18 187 0 0 0.018
228 7 466 0 0 0.007
229 4 808 0 0 0.004
230 1 966 0 0 0.001
231 1 994 0 0 0.001
232 0 996 0 0 0
233 0 995 0 0 0
234 0 991 0 0 0
235 0 976 0 0 0
236 0 928 0 0 0
237 0 811 0 0 0
238 0 531 0 0 0
239 0 189 0 0 0
240 0 31 0 0 0
241 0 3 0 0 0
242 0 1 0 0 0
243 0 0 0 0 0
244 0 0 0 0 0
245 0 0 0 0 0
246 0 0 0 0 0
247 0 0 0 0 0
248 0 0 0 0 0
249 0 0 0 0 0
250 0 0 0 0 0
251 0 0 0 0 0
252 0 0 0 0 0
253 0 0 0 0 0
