1 0 0 0 0 0
2 0 0 0 0 0
3 0 0 0 0 0
4 0 0 0 0 0
5 0 0 0 0 0
6 0 1 0 0 0
7 0 1 0 0 0
8 0 3 0 0 0
9 0 10 0 0 0
10 1 23 0 0 0.001
11 1 46 0 0 0.001
12 3 87 0 0 0.003
13 3 131 0 0 0.003
14 9 203 0 0 0.009
15 23 278 0 0 0.023
16 44 336 0 0 0.044
17 71 392 0 0 0.071
18 105 446 0 0 0.105
19 138 455 0 0 0.138
20 155 463 0 0 0.155
21 187 456 0 0 0.187
22 188 432 0 0 0.188
23 146 395 0 0 0.146
24 123 343 0 0 0.123
25 71 292 0 0 0.071
26 35 244 0 0 0.035
27 21 198 0 0 0.021
28 10 156 0 0 0.01
29 14 108 0 0 0.014
30 15 71 0 0 0.015
31 16 57 0 0 0.016
32 32 41 0 0 0.032
33 45 35 0 0 0.045
34 67 44 0 0 0.067
35 72 64 0 0 0.072
36 70 65 0 0 0.07
37 69 79 0 0 0.069
38 65 85 0 0 0.065
39 65 106 0 0 0.065
40 64 123 0 0 0.064
41 45 105 0 0 0.045
42 39 79 0 0 0.039
43 33 67 0 0 0.033
44 30 63 0 0 0.03
45 38 71 0 0 0.038
46 52 78 0 0 0.052
47 57 75 0 0 0.057
48 71 72 0 0 0.071
49 77 65 0 0 0.077
50 99 60 0 0 0.099
51 128 60 0 0 0.128
52 124 48 0 0 0.124
53 101 40 0 0 0.101
54 89 40 0 0 0.089
55 76 33 0 0 0.076
56 75 32 0 0 0.075
57 73 44 0 0 0.073
58 66 45 0 0 0.066
59 72 58 0 0 0.072
60 69 61 0 0 0.069
61 65 72 0 0 0.065
62 60 100 0 0 0.06
63 51 122 0 0 0.051
64 38 105 0 0 0.038
65 32 103 0 0 0.032
66 31 87 0 0 0.031
67 30 79 0 0 0.03
68 43 86 0 0 0.043
69 44 85 0 0 0.044
70 46 77 0 0 0.046
71 51 71 0 0 0.051
72 68 67 0 0 0.068
73 79 54 0 0 0.079
74 117 54 0 0 0.117
75 105 45 0 0 0.105
76 111 37 0 0 0.111
77 100 36 0 0 0.1
78 88 34 0 0 0.088
79 82 36 0 0 0.082
80 78 44 0 0 0.078
81 76 53 0 0 0.076
82 74 47 0 0 0.074
83 73 50 0 0 0.073
84 54 59 0 0 0.054
85 45 100 0 0 0.045
86 38 115 0 0 0.038
87 34 131 0 0 0.034
88 34 123 0 0 0.034
89 29 108 0 0 0.029
90 29 99 0 0 0.029
91 30 85 0 0 0.03
92 43 79 0 0 0.043
93 50 72 0 0 0.05
94 49 75 0 0 0.049
95 47 60 0 0 0.047
96 64 54 0 0 0.064
97 92 36 0 0 0.092
98 125 30 0 0 0.125
99 141 33 0 0 0.141
100 134 30 0 0 0.134
101 130 25 0 0 0.13
102 107 27 0 0 0.107
103 95 37 0 0 0.095
104 80 44 0 0 0.08
105 79 49 0 0 0.079
106 59 54 0 0 0.059
107 59 58 0 0 0.059
108 33 67 0 0 0.033
109 29 90 0 0 0.029
110 34 126 0 0 0.034
111 31 139 0 0 0.031
112 24 156 0 0 0.024
113 18 148 0 0 0.018
114 29 133 0 0 0.029
115 36 110 0 0 0.036
116 40 88 0 0 0.04
117 47 65 0 0 0.047
118 50 66 0 0 0.05
119 67 45 0 0 0.067
120 77 32 0 0 0.077
121 109 39 0 0 0.109
122 136 30 0 0 0.136
123 159 31 0 0 0.159
124 164 19 0 0 0.164
125 155 22 0 0 0.155
126 136 27 0 0 0.136
127 111 31 0 0 0.111
128 83 42 0 0 0.083
129 63 41 0 0 0.063
130 45 55 0 0 0.045
131 34 64 0 0 0.034
132 35 79 0 0 0.035
133 27 106 0 0 0.027
134 26 138 0 0 0.026
135 19 169 0 0 0.019
136 17 188 0 0 0.017
137 20 185 0 0 0.02
138 22 153 0 0 0.022
139 27 113 0 0 0.027
140 32 72 0 0 0.032
141 42 41 0 0 0.042
142 59 44 0 0 0.059
143 76 37 0 0 0.076
144 94 29 0 0 0.094
145 139 25 0 0 0.139
146 181 18 0 0 0.181
147 224 15 0 0 0.224
148 234 15 0 0 0.234
149 224 19 0 0 0.224
150 181 23 0 0 0.181
151 116 24 0 0 0.116
152 54 22 0 0 0.054
153 48 32 0 0 0.048
154 40 52 0 0 0.04
155 31 59 0 0 0.031
156 28 90 0 0 0.028
157 19 122 0 0 0.019
158 18 199 0 0 0.018
159 11 271 0 0 0.011
160 11 311 0 0 0.011
161 14 300 0 0 0.014
162 14 222 0 0 0.014
163 13 115 0 0 0.013
164 17 55 0 0 0.017
165 25 40 0 0 0.025
166 32 30 0 0 0.032
167 46 24 0 0 0.046
168 62 17 0 0 0.062
169 96 17 0 0 0.096
170 179 12 0 0 0.179
171 286 8 0 0 0.286
172 381 13 0 0 0.381
173 398 11 0 0 0.398
174 281 9 0 0 0.281
175 146 11 0 0 0.146
176 59 11 0 0 0.059
177 32 15 0 0 0.032
178 28 21 0 0 0.028
179 21 33 0 0 0.021
180 18 43 0 0 0.018
181 15 67 0 0 0.015
182 8 132 0 0 0.008
183 11 247 0 0 0.011
184 12 431 0 0 0.012
185 6 542 0 0 0.006
186 7 473 0 0 0.007
187 8 255 0 0 0.008
188 7 76 0 0 0.007
189 6 31 0 0 0.006
190 9 23 0 0 0.009
191 16 17 0 0 0.016
192 21 16 0 0 0.021
193 36 8 0 0 0.036
194 64 8 0 0 0.064
195 131 10 0 0 0.131
196 309 5 0 0 0.309
197 556 6 0 0 0.556
198 692 7 0 0 0.692
199 556 8 0 0 0.556
200 289 8 0 0 0.289
201 89 6 0 0 0.089
202 26 8 0 0 0.026
203 20 10 0 0 0.02
204 10 14 0 0 0.01
205 8 19 0 0 0.008
206 10 31 0 0 0.01
207 2 57 0 0 0.002
208 3 125 0 0 0.003
209 1 328 0 0 0.001
210 1 608 0 0 0.001
211 3 798 0 0 0.003
212 3 774 0 0 0.003
213 3 531 0 0 0.003
214 3 207 0 0 0.003
215 3 44 0 0 0.003
216 4 14 0 0 0.004
217 5 12 0 0 0.005
218 5 3 0 0 0.005
219 7 3 0 0 0.007
220 20 0 0 0 0.02
221 51 1 0 0 0.051
222 153 0 0 0 0.153
223 415 0 0 0 0.415
224 752 1 0 0 0.752
225 908 2 0 0 0.908
226 898 2 0 0 0.898
227 793 2 0 0 0.793
228 524 3 0 0 0.524
229 185 3 0 0 0.185
230 30 3 0 0 0.03
231 2 3 0 0 0.002
232 1 3 0 0 0.001
233 0 5 0 0 0
234 0 9 0 0 0
235 0 24 0 0 0
236 0 72 0 0 0
237 0 189 0 0 0
238 0 469 0 0 0
239 0 811 0 0 0
240 0 969 0 0 0
241 0 997 0 0 0
242 0 999 0 0 0
243 0 1000 0 0 0
244 0 1000 0 0 0
245 0 1000 0 0 0
246 0 1000 0 0 0
247 0 1000 0 0 0
248 0 1000 0 0 0
249 0 1000 0 0 0
250 0 1000 0 0 0
251 0 1000 0 0 0
252 0 1000 0 0 0
253 0 1000 0 0 0
