1 2098 151 166 0.151096
2 3266 44 28 0.0220453
3 3477 3 6 0.00258844
4 3510 0 0 0
5 3512 0 0 0
6 3442 0 0 0
7 3407 1 0 0.000293513
8 3478 0 0 0
9 3386 1 0 0.000295334
10 3536 6 0 0.00169683
11 3483 11 0 0.0031582
12 3429 24 1 0.00729076
13 3268 35 3 0.0116279
14 3277 41 2 0.0131218
15 3107 61 3 0.0205986
16 3052 77 10 0.0285059
17 3132 66 18 0.0268199
18 3002 55 15 0.0233178
19 2897 60 22 0.0283051
20 2884 30 36 0.0228849
21 2853 17 37 0.0189274
22 2761 10 54 0.02318
23 2747 2 84 0.0313069
24 2837 4 57 0.0215016
25 3176 0 71 0.0223552
26 3257 0 45 0.0138164
27 3402 2 21 0.00676073
28 3457 0 15 0.00433902
29 3562 2 8 0.00280741
30 3426 3 12 0.00437828
31 3281 3 11 0.00426699
32 3323 8 11 0.00571772
33 3384 12 24 0.0106383
34 3184 16 30 0.0144472
35 3160 21 46 0.0212025
36 2989 34 52 0.0287722
37 3023 37 47 0.027787
38 3076 47 49 0.0312094
39 2957 44 51 0.0321272
40 2915 58 43 0.0346484
41 2929 75 46 0.041311
42 3037 65 34 0.032598
43 3037 46 26 0.0237076
44 3216 46 26 0.0223881
45 3056 41 16 0.0186518
46 3023 48 21 0.022825
47 2973 52 34 0.028927
48 2995 52 33 0.0283806
49 3004 58 38 0.0319574
50 2956 48 36 0.0284168
51 3041 46 46 0.0302532
52 2941 46 69 0.0391023
53 2838 34 69 0.0362932
54 3062 26 58 0.0274331
55 2961 23 54 0.0260047
56 3118 22 49 0.022771
57 3035 22 54 0.0250412
58 3014 32 59 0.0301924
59 3045 25 52 0.0252874
60 3075 33 51 0.0273171
61 3034 35 50 0.0280158
62 3072 41 51 0.0299479
63 2899 47 43 0.0310452
64 2919 75 39 0.0390545
65 3052 56 29 0.0278506
66 2919 65 23 0.0301473
67 3095 62 23 0.0274637
68 3139 52 19 0.0226187
69 2899 53 24 0.0265609
70 3125 59 31 0.0288
71 2959 56 30 0.0290639
72 3052 55 24 0.0258847
73 2955 56 36 0.0311337
74 3023 39 37 0.0251406
75 2941 38 68 0.0360422
76 3019 31 59 0.0298112
77 3037 24 73 0.0319394
78 2911 21 64 0.0291996
79 3113 22 59 0.0260199
80 3135 23 63 0.0274322
81 3061 21 58 0.0258086
82 2982 30 57 0.0291751
83 3108 33 57 0.0289575
84 3004 28 58 0.0286285
85 3077 27 47 0.0240494
86 3057 44 38 0.0268237
87 2955 57 28 0.0287648
88 2935 72 21 0.0316865
89 2891 74 27 0.034936
90 3021 72 23 0.0314465
91 3052 72 20 0.0301442
92 3112 63 17 0.0257069
93 3117 64 26 0.0288739
94 3149 55 29 0.0266751
95 3097 62 29 0.0293833
96 3025 44 27 0.0234711
97 3009 46 29 0.0249252
98 3075 27 39 0.0214634
99 2925 24 58 0.0280342
100 2861 26 79 0.0367005
101 2926 25 76 0.0345181
102 3073 15 86 0.0328669
103 3067 16 76 0.0299967
104 3061 22 70 0.0300555
105 3040 24 63 0.0286184
106 3049 22 64 0.028206
107 3117 25 46 0.0227783
108 3155 30 53 0.0263074
109 3151 35 28 0.0199937
110 3090 43 21 0.020712
111 2992 63 28 0.0304144
112 2886 69 22 0.0315315
113 2908 84 22 0.0364512
114 3032 85 11 0.0316623
115 3045 86 17 0.0338259
116 2867 86 18 0.0362749
117 3254 69 18 0.0267363
118 3027 52 27 0.0260984
119 3186 49 18 0.0210295
120 3083 34 33 0.0217321
121 3133 21 31 0.0165975
122 2965 31 42 0.0246206
123 2882 21 61 0.0284525
124 2838 23 80 0.0362932
125 2819 14 95 0.0386662
126 2891 13 105 0.0408163
127 2949 14 94 0.0366226
128 3047 16 80 0.0315064
129 2970 19 69 0.0296296
130 3109 19 52 0.0228369
131 3087 22 32 0.0174927
132 3179 27 30 0.0179302
133 3087 34 29 0.0204082
134 2935 48 24 0.0245315
135 2983 64 21 0.0284948
136 2827 86 15 0.0357269
137 2770 97 11 0.0389892
138 2726 112 14 0.0462216
139 2960 109 14 0.0415541
140 3032 93 14 0.0352902
141 3224 63 12 0.023263
142 3184 27 10 0.0116206
143 3064 36 17 0.0172977
144 3091 32 30 0.0200582
145 3042 25 19 0.0144642
146 2842 22 44 0.0232231
147 2742 14 54 0.0247994
148 2582 14 102 0.0449264
149 2594 10 119 0.0497301
150 2643 10 136 0.0552403
151 2763 11 128 0.0503076
152 2996 12 89 0.0337116
153 3185 7 42 0.0153846
154 3110 10 40 0.0160772
155 3126 12 34 0.0147153
156 3235 13 25 0.0117465
157 3122 22 23 0.0144138
158 3072 25 15 0.0130208
159 2745 47 17 0.0233151
160 2575 96 10 0.041165
161 2332 139 8 0.063036
162 2394 167 12 0.0747703
163 2663 149 8 0.0589561
164 3015 100 6 0.0351575
165 3289 49 4 0.0161143
166 3335 35 6 0.0122939
167 3327 29 8 0.0111211
168 3178 22 9 0.00975456
169 3233 17 13 0.00927931
170 3103 15 13 0.00902353
171 2851 12 32 0.0154332
172 2403 7 72 0.0328756
173 2123 10 132 0.0668865
174 2066 8 217 0.108906
175 2530 2 184 0.0735178
176 2933 6 122 0.0436413
177 3334 4 56 0.0179964
178 3338 3 26 0.00868784
179 3435 1 24 0.00727802
180 3304 3 18 0.00635593
181 3173 8 15 0.00724866
182 3275 7 14 0.00641221
183 2972 17 7 0.00807537
184 2721 33 7 0.0147005
185 1944 73 8 0.0416667
186 1732 191 5 0.113164
187 1804 274 3 0.153548
188 2603 205 4 0.080292
189 3206 69 2 0.022146
190 3384 26 0 0.00768322
191 3350 21 1 0.00656716
192 3356 15 2 0.00506555
193 3434 15 2 0.0049505
194 3287 7 5 0.00365075
195 3229 6 6 0.00371632
196 3052 10 13 0.00753604
197 2367 2 27 0.0122518
198 1508 3 69 0.0477454
199 1086 1 205 0.189687
200 1480 0 293 0.197973
201 2501 3 221 0.0895642
202 3190 0 78 0.0244514
203 3473 0 21 0.00604665
204 3492 1 17 0.00515464
205 3496 1 8 0.00257437
206 3320 1 8 0.00271084
207 3378 1 10 0.00325636
208 3187 1 2 0.000941324
209 3096 2 3 0.00161499
210 2393 13 0 0.00543251
211 1376 31 1 0.0232558
212 678 102 0 0.150442
213 768 264 0 0.34375
214 1628 341 1 0.210074
215 2871 171 1 0.0599094
216 3381 38 0 0.0112393
217 3445 12 0 0.00348331
218 3300 11 1 0.00363636
219 3350 3 0 0.000895522
220 3298 3 0 0.000909642
221 3350 0 0 0
222 3452 1 0 0.000289687
223 2891 0 2 0.000691802
224 2083 0 4 0.00192031
225 841 0 15 0.0178359
226 306 0 48 0.156863
227 340 0 117 0.344118
228 722 0 280 0.387812
229 1722 0 342 0.198606
230 2849 0 158 0.0554581
231 3288 0 28 0.00851582
232 3446 0 2 0.000580383
233 3512 0 1 0.000284738
234 3415 0 0 0
235 3579 0 0 0
236 3398 0 0 0
237 3211 0 0 0
238 2796 0 0 0
239 1812 0 0 0
240 638 0 0 0
241 105 0 0 0
242 9 0 0 0
243 1 0 0 0
244 0 0 0 0
245 0 0 0 0
246 0 0 0 0
247 0 0 0 0
248 0 0 0 0
249 0 0 0 0
250 0 0 0 0
251 0 0 0 0
252 0 0 0 0
253 0 0 0 0
