22 188
35 72
51 128
74 117
99 141
124 164
148 234
173 398
198 692
208 3
225 908
9261 1573623328
9265 1573623472
9268 32767
9273 1573623328
9276 32767
9281 1573623520
9287 1573624236
9296 1074071403
9305 1573623520
9309 1573624120
9315 1573624056
9319 1573625724
9320 32767
9327 1573625724
9333 1573624184
9339 1573624152
9343 1573625723
9353 1573624688
9357 1573625072
9362 524288
9365 1
9369 1573625724
9370 32767
9381 1573625160
9386 7
9389 1
9393 1573625723
9394 32767
9402 1
9415 1573624020
9423 2026584188
9429 2026584184
9433 2026584160
9439 2026587512
9445 1573624048
9449 2061214480
9456 32669
9461 1573624160
9464 32767
9467 100
9475 1573624088
9489 1573624672
9495 1573624168
9501 1573628232
9507 32840922
9519 1798684424
9523 1798692848
9531 1798512778
9535 1798684424
9539 1798689576
9547 1798512778
9551 1798692848
9555 1798692848
9557 1798656176
9563 1798684424
9571 1798684424
9579 1573624720
9583 1798537827
9589 2026584160
9593 32865304
9599 1798684424
9603 1798543897
9609 1798611632
9615 1798684424
9621 1798656176
9625 32865033
9629 1798692848
9637 1940
9643 1798458789
9649 1573625136
9653 2026587512
9659 2026587512
9671 1798684424
9675 1798689424
9683 1798512778
9687 1798689424
9691 1798689424
9703 1798684424
9707 1798689424
9711 32864000
9723 1798684424
9727 1798689424
9735 1798512778
9739 1798689424
9743 1798689424
9745 1798656176
9751 1798684424
9759 1798684424
9767 1573625472
9771 1798537827
9777 1798611632
9781 32865304
9787 1798684424
9791 1798543897
9801 1573625488
9805 1573625632
9808 32767
9813 1573625488
9816 32767
9821 1573625680
9827 1573626396
9831 1798458789
9836 1079164804
9841 1573628640
9845 1573625680
9849 1573626280
9855 1573626216
9859 1573627884
9860 32767
9867 1573627884
9873 1573625792
9877 1573626360
9883 1573626328
9887 1573627899
9897 1573626864
9901 1573625904
9905 1573625920
9909 1573626488
9915 1573626456
9919 1573628027
9929 1573626992
9932 32767
9937 1573627899
9938 32767
9946 1
9953 1573627448
9957 1573627464
9961 1
9965 1
9969 1573628027
9970 32767
9978 1
9979 1
9987 4
9993 1573628024
