19 725
49 541
73 589
95 635
119 686
143 735
167 836
192 924
219 986
9293 1573623328
9297 1573623472
9300 32767
9305 1573623328
9308 32767
9313 1573623520
9319 1573624236
9328 1074071403
9337 1573623520
9341 1573624120
9347 1573624056
9351 1573625724
9352 32767
9359 1573625724
9365 1573624184
9371 1573624152
9375 1573625723
9385 1573624688
9389 1573625072
9394 524288
9397 1
9401 1573625724
9402 32767
9413 1573625160
9418 7
9421 1
9425 1573625723
9426 32767
9434 1
9447 1573624020
9455 2026584188
9461 2026584184
9465 2026584160
9471 2026587512
9477 1573624048
9481 2061214480
9488 32669
9493 1573624160
9496 32767
9499 100
9507 1573624088
9521 1573624672
9527 1573624168
9533 1573628232
9539 32840922
9551 1798684424
9555 1798692848
9563 1798512778
9567 1798684424
9571 1798689576
9579 1798512778
9583 1798692848
9587 1798692848
9589 1798656176
9595 1798684424
9603 1798684424
9611 1573624720
9615 1798537827
9621 2026584160
9625 32865304
9631 1798684424
9635 1798543897
9641 1798611632
9647 1798684424
9653 1798656176
9657 32865033
9661 1798692848
9669 1940
9675 1798458789
9681 1573625136
9685 2026587512
9691 2026587512
9703 1798684424
9707 1798689424
9715 1798512778
9719 1798689424
9723 1798689424
9735 1798684424
9739 1798689424
9743 32864000
9755 1798684424
9759 1798689424
9767 1798512778
9771 1798689424
9775 1798689424
9777 1798656176
9783 1798684424
9791 1798684424
9799 1573625472
9803 1798537827
9809 1798611632
9813 32865304
9819 1798684424
9823 1798543897
9829 1798611632
9835 1798684424
9841 1798656176
9845 32864622
9849 1798689424
9857 1529
9863 1798458789
9869 1573625888
9873 1573628640
9875 32847448
9885 1573628640
9889 1769234802
9901 1573625776
9905 1573625792
9909 1573626360
9915 1573626328
9919 1573627899
9929 1573626864
9932 32767
9939 1573628640
9953 1573627320
9957 1573627336
9961 1
9965 1
9969 1573627899
9970 32767
9978 1
9979 1
9987 4
9993 1573627896
