5 94
13 87
21 80
24 80
31 81
41 84
44 77
50 81
60 82
70 83
80 81
91 84
94 77
101 83
104 78
111 82
114 77
120 84
130 85
141 82
144 77
151 81
154 80
160 82
161 81
170 81
180 83
184 84
191 80
194 78
200 82
203 80
210 83
220 80
223 79
231 82
234 81
240 83
244 84
254 81
260 79
264 79
274 83
280 82
284 84
294 79
301 81
304 80
311 82
314 79
320 83
324 83
330 83
334 78
340 79
344 83
350 84
351 81
361 81
364 80
370 84
374 85
380 80
390 80
394 80
401 80
404 79
410 84
411 83
420 80
424 82
431 80
434 80
441 83
444 79
450 84
464 83
470 85
474 80
480 83
490 77
494 79
500 79
501 79
513 80
520 85
521 81
530 83
534 82
540 82
550 82
554 82
560 82
570 81
574 79
580 83
584 79
590 84
594 84
600 82
611 83
614 79
620 83
624 80
634 83
640 84
644 82
654 82
664 84
674 84
681 83
684 83
694 83
700 81
704 79
710 79
714 84
721 85
724 82
734 84
741 83
744 83
750 82
754 84
761 84
764 83
771 83
774 82
781 80
785 82
791 85
794 79
804 84
811 83
814 83
821 83
825 83
830 81
834 82
841 84
844 79
851 84
855 83
860 80
865 82
870 82
874 81
881 82
884 82
890 85
900 85
911 82
914 82
921 84
925 80
930 82
931 78
941 81
945 81
951 86
955 82
961 82
964 82
971 82
975 80
981 81
984 80
991 85
995 81
1001 81
1005 83
1011 86
1015 79
1021 85
1024 82
1030 86
1035 79
1041 87
1045 82
1050 84
1061 84
1065 82
1071 83
1075 81
1081 83
1084 83
1091 82
1095 84
1104 85
1111 87
1115 80
1120 79
1124 81
1131 83
1135 84
1141 87
1144 84
1154 81
1165 84
1175 85
1185 84
1195 86
1205 82
1215 83
1225 83
1235 84
1240 78
1245 84
1255 83
1261 83
1265 86
1270 78
1275 85
1281 79
1285 84
1295 85
1300 77
1304 84
1311 80
1315 84
1320 79
1325 82
1335 86
1345 85
1354 83
1365 85
1374 83
1384 83
1394 83
1405 83
1406 75
1414 80
1424 83
1434 82
1438 76
1444 81
1455 83
1464 81
1471 79
1475 81
1484 80
1494 80
1505 80
1515 83
1525 80
1531 79
1535 81
1544 81
1554 82
1565 83
1575 82
1585 80
1591 76
1595 77
1605 83
1615 82
1625 80
1635 84
1645 84
1655 81
1657 75
1665 81
1675 83
1684 80
1692 78
1695 78
1702 82
1705 80
1715 81
1725 80
1735 82
1744 80
1755 80
1758 75
1765 80
1775 80
1785 78
1795 81
1805 84
1814 83
1824 78
1827 77
1835 80
1845 81
1848 75
1855 83
1865 81
1874 79
1886 81
1896 79
1905 81
1907 77
1915 82
1925 80
1935 82
1946 80
1955 81
1965 81
1968 79
1976 79
1985 81
1995 82
1998 80
2005 80
2013 81
2022 79
2025 79
2028 78
2035 79
2042 81
2045 81
2053 79
2056 78
2065 79
2075 81
2078 78
2082 79
2086 83
2095 81
2102 82
2106 82
2108 77
2112 77
2126 79
2134 78
2135 77
2146 82
2155 81
2166 81
2168 78
2175 81
2182 77
2187 81
2196 80
2206 81
2212 77
2216 80
2222 79
2226 82
2236 82
2246 82
2253 79
2257 80
2266 82
2275 82
2286 80
2296 81
2306 82
2308 77
2316 82
2326 83
2336 80
2346 82
2355 80
2367 83
2376 82
2386 84
2393 81
2396 80
2403 81
2406 81
2416 83
2428 82
2433 81
2437 82
2448 82
2453 75
2457 81
2462 79
2467 83
2477 83
2488 84
2498 81
2507 81
2512 78
2518 82
2528 84
2538 84
2548 83
2558 86
2568 86
2578 82
2588 86
2598 82
2608 85
2611 75
2618 85
2628 82
2631 74
2638 84
2642 73
2647 85
2657 82
2668 83
2671 74
2677 84
2688 86
2697 83
2708 87
2718 84
2728 84
2738 84
2748 85
2758 85
2768 82
2778 82
2787 86
2798 84
2808 86
2817 85
2828 88
2837 85
2839 74
2847 85
2857 88
2868 86
2877 88
2888 85
2897 85
2907 87
2918 88
2928 85
2938 84
2948 86
2958 83
2967 87
2978 87
2988 86
2998 89
3007 87
3018 87
3028 85
3038 88
3048 90
3057 88
3068 89
3078 90
3087 86
3098 88
3108 89
3118 88
3128 85
3138 87
3147 83
3158 88
3167 86
3178 88
3187 85
3198 88
3208 87
3218 87
3228 87
3238 87
3247 83
3257 85
3268 87
3278 88
3288 86
3298 85
3307 86
3318 88
3328 86
3337 87
3348 87
3358 89
3368 85
3378 85
3388 87
3397 83
3408 85
3418 85
3427 85
3438 83
3447 85
3459 84
3468 87
3477 86
3487 88
3497 85
3507 86
3518 83
3528 86
3536 86
3548 85
3558 86
3569 84
3578 87
3589 85
3599 87
3608 88
3619 87
3629 88
3638 86
3647 87
3658 86
3668 86
3679 87
3687 87
3698 87
3709 86
3718 85
3728 86
3738 88
3748 87
3758 87
3767 87
3779 86
3789 87
3798 86
3807 87
3818 85
3828 86
3838 88
3848 87
3858 85
3869 86
3878 87
3889 88
3899 85
3908 87
3919 88
3929 88
3938 87
3948 88
3959 88
3970 86
3978 87
3989 87
3998 88
4008 87
4019 86
4028 87
4039 87
4049 86
4058 85
4071 85
4078 85
4089 83
4099 89
4108 88
4118 85
4129 87
4139 84
4149 86
4159 89
4168 85
4179 85
4189 87
4200 85
4208 86
4221 84
4229 86
4239 87
4251 85
4261 87
4271 85
4281 84
4289 87
4299 85
4309 85
4312 85
4320 87
4329 87
4341 87
4350 86
4361 87
4370 87
4380 85
4391 88
4401 88
4410 87
4419 88
4429 86
4441 88
4450 86
4461 86
4471 87
4481 88
4490 87
4501 85
4511 87
4520 86
4530 87
4541 88
4552 86
4560 88
4570 87
4581 86
4590 88
4600 87
4611 88
4621 88
4631 88
4641 88
4651 87
4661 88
4669 88
4680 90
4690 90
4700 88
4710 87
4720 88
4723 86
4730 90
4740 91
4750 88
4761 87
4770 87
4773 86
4780 88
4783 85
4790 88
4800 88
4810 89
4813 85
4821 88
4830 87
4833 86
4840 88
4843 86
4850 88
4860 85
4863 85
4870 89
4880 88
4883 88
4890 90
4900 91
4910 90
4920 88
4923 88
4930 88
4940 90
4943 88
4950 86
4953 86
4961 87
4973 89
4980 89
4983 89
4990 90
4993 90
5000 89
5003 88
5013 90
5020 90
5023 90
5033 90
5041 87
5053 91
5063 90
5073 89
5083 89
5090 91
5093 89
5103 91
5113 89
5123 89
5133 89
5143 91
5153 91
5163 89
5173 90
5183 89
5193 89
5203 89
5213 89
5223 88
5233 89
5243 88
5253 89
5263 90
5273 89
5283 91
5293 91
5303 91
5313 91
5323 90
5333 90
5343 90
5353 91
5363 89
5373 91
5383 92
5393 92
5403 90
5413 91
5424 91
5433 92
5443 90
5453 91
5463 93
5473 90
5483 93
5493 91
5504 93
5514 92
5524 94
5534 91
5544 92
5554 92
5563 93
5574 94
5584 92
5594 94
5604 93
5614 92
5624 92
5634 94
5644 93
5654 94
5663 93
5674 94
5684 95
5694 93
5704 92
5714 94
5725 92
5735 92
5744 93
5754 94
5764 95
5774 94
5784 94
5794 94
5804 95
5814 96
5824 94
5834 95
5844 95
5854 95
5864 95
5874 95
5884 97
5895 94
5904 97
5914 94
5924 97
5934 96
5944 97
5954 95
5964 96
5974 97
5985 96
5995 96
6004 97
6014 98
6025 97
6035 95
6045 97
6055 96
6065 98
6075 97
6085 97
6095 98
6105 97
6115 95
6125 96
6135 98
6145 97
6155 92
6165 97
6175 96
6185 97
6196 96
6205 95
6215 98
6226 96
6236 96
6245 95
6256 95
6266 94
6276 96
6286 94
6296 95
6306 95
6316 96
6326 95
6337 95
6348 95
6358 96
6368 96
6377 95
6388 96
6398 96
6408 97
6418 97
6428 97
6438 97
6448 97
6458 96
6468 96
6478 97
6488 97
6498 97
6509 96
6519 97
6529 96
6539 97
6549 97
6559 97
6570 98
6580 98
6590 98
6599 98
6609 97
6620 98
6629 97
6640 98
6650 99
6660 99
6670 98
6680 99
6690 98
6700 98
6710 99
6720 98
6730 99
6740 99
6750 99
6760 98
6770 98
6779 98
6790 96
6800 99
6810 99
6820 99
6830 98
6840 98
6851 97
6861 97
6871 96
6882 99
6892 99
6902 99
6912 99
6922 98
6932 99
6942 99
6952 98
6962 98
6972 98
6982 99
6992 99
7003 98
7012 97
7022 99
7032 99
7043 97
7052 98
7063 96
7073 97
7083 98
7094 97
7103 98
7114 97
7124 98
7134 98
7145 98
7155 99
7165 99
7175 99
7185 99
7195 98
7205 99
7215 98
7225 98
7235 99
7246 99
7255 99
7266 99
7276 99
7285 99
7295 99
7306 99
7316 99
7326 99
7337 96
7346 99
7357 99
7367 99
7377 98
7387 99
7397 98
7407 98
7417 100
7427 99
7438 99
7447 99
7457 100
7468 99
7478 98
7488 98
7498 99
7508 99
7518 97
7528 98
7538 96
7550 97
7560 98
7570 97
7580 98
7590 98
7600 98
7610 98
7621 97
7631 99
7641 99
7651 99
7661 100
7671 100
7681 100
7691 99
7702 98
7711 99
7721 99
7731 100
7742 98
7752 98
7762 98
7772 98
7782 100
7792 100
7802 99
7812 99
7822 98
7832 99
7844 96
7853 97
7864 97
7873 95
7882 97
7894 97
7904 98
7914 98
7924 98
7933 98
7945 98
7955 98
7965 99
7975 98
7985 98
7995 99
8005 99
8015 97
8025 97
8035 100
8045 100
8055 100
8065 100
8075 100
8085 98
8096 98
8106 98
8116 99
8126 96
8135 99
8146 99
8156 96
8166 97
8177 99
8187 99
8197 98
8207 97
8217 98
8228 96
8237 98
8247 98
8257 97
8268 97
8278 96
8288 97
8298 98
8307 98
8318 98
8328 98
8338 97
8348 97
8359 96
8369 97
8379 98
8390 98
8400 99
8410 98
8420 99
8430 98
8440 99
8450 98
8460 98
8470 98
8480 97
8490 99
8500 97
8510 99
8520 99
8530 97
8540 99
8550 99
8560 97
8571 97
8581 98
8591 98
8602 98
8612 98
8621 97
8632 98
8642 98
8652 98
8662 98
8672 98
8682 98
8693 99
8703 98
8713 99
8723 96
8733 99
8743 99
8753 99
8763 98
8773 97
8783 99
8793 98
8804 99
8815 99
8824 99
8834 99
8844 99
8855 97
8865 99
8875 98
8886 98
8896 98
8906 97
8915 99
8925 98
8935 98
8945 99
8955 98
8966 98
8976 98
8986 98
8996 97
9006 98
9016 99
9027 97
9036 97
9048 96
9056 97
9067 97
9078 97
9087 97
9099 98
9109 98
9119 99
9129 99
9139 99
9149 99
9159 99
9169 100
9179 99
9189 99
9199 99
9210 100
9220 100
9229 100
9240 100
9250 100
9260 100
9270 99
9280 100
9290 100
9301 100
9310 100
9321 100
9331 99
9341 99
9351 100
9361 100
9372 97
9381 99
9391 99
9402 96
9413 97
9422 98
9433 98
9443 98
9453 97
9463 98
9473 98
9483 98
9492 97
9502 97
9513 95
9523 98
9533 98
9544 99
9554 99
9564 99
9574 99
9584 99
9594 98
9604 98
9614 99
9624 99
9634 99
9644 98
9654 98
9665 98
9675 94
9684 98
9695 98
9704 99
9715 98
9725 98
9734 96
9745 95
9755 97
9765 95
9776 96
9787 95
9795 97
9807 97
9817 97
9827 94
9836 96
9847 97
9857 96
9867 96
9877 97
9887 96
9897 97
9907 98
9917 98
9927 98
9938 96
9947 97
9957 97
9968 97
9978 97
9988 97
9997 97
10008 97
10018 97
10028 96
10038 97
10048 97
10058 95
10069 97
10078 96
10088 94
10099 97
10109 97
10119 96
10129 98
10139 97
10149 98
10159 98
10169 97
10179 97
10189 98
10199 98
10209 96
10219 98
10230 97
10240 97
10249 97
10261 97
10270 97
10279 98
10289 98
10301 97
10311 96
10319 97
10330 97
10340 97
10351 97
10361 96
10371 97
10381 97
10392 95
10401 96
10411 97
10422 97
10432 97
10441 97
10452 97
10462 98
10472 97
10482 97
10492 96
10502 97
10512 97
10522 96
10532 98
10542 98
10552 98
10562 96
10572 97
10582 98
10592 98
10602 98
10612 97
10622 97
10633 97
10643 97
10652 99
10662 99
10672 96
10682 98
10693 99
10703 99
10713 99
10723 99
10733 97
10743 97
10753 99
10763 99
10773 99
10784 97
10793 97
10804 97
10814 98
10825 98
10835 98
10845 98
10855 97
10865 98
10875 97
10885 98
10895 98
10905 96
10914 97
10925 97
10936 97
10946 98
10956 98
10966 98
10976 98
10985 97
10996 96
11006 98
11017 96
11026 98
11036 96
11046 97
11056 96
11066 95
11076 97
11086 97
11097 97
11107 97
11116 98
11127 97
11137 97
11147 96
11158 98
11168 98
11178 98
11187 96
11198 98
11208 98
11218 98
11228 98
11238 98
11248 98
11258 98
11268 98
11279 99
11289 99
11299 98
11309 99
11319 99
11329 99
11339 98
11349 98
11360 96
11369 98
11380 97
11389 98
11400 97
11409 98
11420 97
11431 97
11440 97
11451 98
11461 97
11471 98
11481 98
11492 99
11502 99
11512 99
11522 99
11532 99
11542 100
11552 100
11562 99
11572 100
11582 100
11592 99
11602 98
11612 99
11622 100
11632 100
11642 100
11653 97
11662 98
11673 95
11682 98
11694 96
11702 98
11712 97
11722 98
11733 98
11743 98
11753 99
11763 98
11774 97
11784 97
11793 97
11803 99
11815 96
11824 97
11833 97
11844 97
11855 96
11864 97
11874 97
11885 96
11894 96
11904 96
11914 96
11926 97
11936 97
11946 98
11956 99
11966 98
11976 98
11986 99
11996 98
12006 99
12016 99
12027 99
12037 99
12046 99
12057 99
12066 99
12076 98
12087 99
12097 99
12107 99
12117 99
12127 100
12138 99
12147 100
12157 100
12168 100
12178 100
12188 99
12198 100
12208 100
12218 100
12228 100
12238 97
12248 97
12259 97
12268 99
12278 100
12289 96
12298 98
12309 98
12319 97
12329 97
12339 98
12349 99
12360 96
12370 97
12381 97
12391 97
12400 97
12411 98
12421 97
12431 98
12441 98
12451 97
12461 96
12471 96
12481 98
12492 97
12502 98
12512 98
12522 98
12532 97
12542 98
12552 98
12562 98
12572 99
12583 99
12593 99
12603 99
12613 97
12623 100
12633 100
12643 100
12653 100
12663 100
12674 97
12683 96
12694 97
12704 98
12714 98
12725 96
12735 97
12745 97
12754 98
12766 98
12776 99
12786 99
12796 99
12806 99
12816 99
12826 97
12836 99
12846 97
12856 99
12866 98
12876 99
12886 99
12897 97
12906 99
12916 99
12927 98
12936 97
12947 98
12956 98
12967 97
12976 96
12987 98
12996 99
13007 98
13017 97
13027 96
13037 96
13047 97
13057 97
13067 96
13078 96
13087 96
13098 97
13108 97
13118 97
13129 95
13139 97
13148 97
13159 97
13168 96
13178 97
13190 97
13199 98
13209 98
13219 98
13230 98
13240 98
13249 98
13260 96
13270 98
13280 97
13290 98
13300 98
13310 97
13320 96
13330 98
13340 98
13351 98
13361 98
13371 98
13381 99
13390 99
13401 99
13411 99
13421 98
13431 99
13441 100
13450 98
13461 98
13471 98
13481 98
13492 97
13501 98
13511 100
13522 97
13532 98
13543 97
13552 98
13564 98
13574 99
13584 100
13594 100
13604 100
13614 99
13624 100
13635 98
13645 99
13654 99
13665 98
13675 98
13684 99
13695 98
13705 97
13715 98
13725 99
13736 98
13747 96
13756 98
13766 97
13777 98
13786 98
13797 98
13807 98
13817 98
13828 98
13837 98
13848 99
13858 98
13868 99
13879 99
13888 98
13898 99
13909 97
13918 98
13929 99
13939 99
13949 98
13959 99
13969 98
13980 98
13989 98
14000 98
14009 98
14019 99
14029 99
14039 100
14050 100
14060 99
14070 100
14080 100
14090 100
14100 100
14110 98
14120 99
14130 97
14141 97
14150 99
14161 96
14170 97
14181 97
14191 97
14201 97
14211 97
14221 96
14232 94
14242 95
14253 95
14262 95
14271 97
14281 95
14291 94
14303 95
14313 95
14323 96
14331 96
14343 96
14353 95
14363 96
14373 95
14383 95
14392 94
14403 93
14412 95
14423 93
14433 95
14443 94
14453 94
14463 95
14473 95
14483 95
14492 93
14504 94
14513 95
14524 95
14534 94
14544 95
14554 95
14563 95
14573 95
14584 94
14595 94
14605 95
14615 96
14625 97
14635 97
14645 98
14655 97
14665 97
14675 97
14685 97
14695 97
14705 98
14716 97
14725 97
14736 99
14746 99
14756 100
14766 100
14776 100
14786 100
14796 100
14806 99
14816 97
14826 98
14836 98
14846 100
14856 100
14866 99
14876 100
14886 100
14896 100
14906 100
14916 100
14926 100
14936 100
14947 99
14957 99
14968 98
14977 98
14987 99
14998 99
15007 99
15017 99
15027 97
15038 99
15047 98
15058 98
15069 99
15079 98
15088 99
15098 99
15109 98
15118 99
15129 98
15139 98
15148 99
15159 98
15169 98
15179 98
15189 96
15199 98
15210 97
15220 98
15230 98
15240 98
15250 98
15260 99
15270 97
15280 99
15290 96
15301 97
15311 97
15321 99
15331 100
15342 98
15352 99
15362 99
15371 99
15382 99
15391 98
15403 98
15412 99
15422 98
15434 98
15444 98
15452 99
15464 99
15474 99
15484 98
15494 99
15504 99
15514 99
15524 99
15534 98
15544 99
15554 99
15564 98
15575 97
15584 99
15595 96
15605 97
15616 97
15624 97
15636 97
15645 97
15657 97
15667 98
15675 97
15687 99
15697 98
15707 98
15717 99
15727 100
15738 100
15747 100
15757 98
15768 99
15778 100
15788 99
15797 100
15808 100
15818 100
15828 100
15838 99
15848 100
15859 99
15868 100
15878 99
15889 99
15900 97
15909 98
15919 98
15930 98
15940 97
15949 99
15960 97
15970 98
15980 98
15991 97
16000 98
16010 98
16021 98
16031 98
16041 98
16051 98
16061 98
16071 98
16082 95
16091 98
16102 96
16112 95
16121 98
16131 99
16142 95
16152 97
16162 97
16172 97
16182 97
16192 95
16202 97
16212 95
16223 94
16234 96
16244 96
16254 96
16264 97
16274 97
16284 97
16294 96
16304 97
16314 97
16324 96
16335 97
16345 98
16355 98
16365 98
16375 97
16385 98
16394 97
16405 98
16415 99
16425 98
16435 99
16445 99
16455 99
16465 98
16475 98
16485 99
16495 98
16505 99
16515 99
16525 98
16535 99
16545 99
16556 99
16566 99
16576 99
16586 99
16595 99
16605 98
16616 98
16626 99
16636 99
16646 100
16656 99
16666 99
16676 99
16687 99
16696 99
16706 100
16717 98
16726 98
16737 99
16747 99
16757 99
16767 99
16777 99
16787 99
16798 99
16808 98
16818 99
16829 99
16839 99
16849 99
16859 99
16869 100
16879 99
16889 100
16899 99
16909 99
16919 100
16929 100
16941 97
16950 98
16961 98
16972 99
16982 99
16992 99
17002 98
17012 99
17022 97
17032 99
17042 99
17052 98
17062 99
17072 97
17082 98
17092 99
17102 98
17112 99
17122 99
17132 99
17142 98
17152 98
17162 99
17172 98
17182 99
17192 98
17202 99
17213 96
17223 98
17232 98
17242 99
17253 97
17262 98
17274 96
17284 97
17295 98
17305 98
17315 99
17324 97
17335 99
17345 98
17356 99
17366 98
17376 99
17386 99
17396 99
17406 98
17416 99
17426 97
17436 99
17446 99
17456 97
17466 99
17476 97
17486 98
17498 97
17506 98
17516 97
17526 98
17538 97
17548 97
17558 97
17568 98
17578 98
17588 98
17598 98
17608 98
17619 97
17628 97
17638 96
17648 98
17658 97
17668 97
17678 98
17689 98
17698 97
17709 99
17719 97
17729 99
17739 99
17748 99
17759 97
17769 99
17778 99
17790 96
17799 98
17809 99
17820 98
17830 98
17840 98
17850 98
17860 96
17870 98
17881 97
17890 97
17900 97
17910 98
17921 97
17931 94
17941 95
17951 97
17961 97
17971 96
17981 97
17991 95
18001 96
18013 97
18022 97
18033 98
18043 98
18053 98
18063 97
18073 99
18083 99
18094 99
18104 99
18114 99
18123 99
18134 99
18143 99
18153 98
18164 99
18173 98
18184 100
18193 99
18204 99
18214 100
18223 99
18234 99
18244 98
18254 99
18264 99
18274 99
18284 98
18294 97
18304 98
18314 97
18324 99
18334 96
18345 97
18355 96
18365 96
18375 97
18384 97
18394 97
18405 94
18415 96
18425 97
18436 97
18445 97
18457 97
18467 97
18477 99
18487 98
18497 100
18507 99
18517 100
18527 100
18537 100
18547 100
18557 100
18567 100
18578 100
18587 100
18597 99
18608 98
18618 100
18627 100
18638 100
18648 100
18658 100
18668 99
18678 100
18688 98
18698 100
18708 99
18718 99
18728 97
18739 98
18748 99
18759 97
18769 98
18780 97
18789 98
18799 98
18810 97
18819 98
18829 98
18840 97
18850 98
18860 98
18870 98
18880 98
18891 99
18901 99
18911 96
18921 97
18931 98
18941 98
18951 98
18961 97
18971 98
18981 97
18991 96
19001 98
19013 97
19021 98
19032 97
19042 97
19051 98
19063 97
19073 97
19082 96
19093 97
19103 97
19113 97
19122 97
19133 97
19143 97
19153 95
19163 97
19173 97
19182 96
19193 97
19204 97
19213 96
19225 97
19234 97
19245 98
19255 98
19265 98
19275 98
19285 98
19295 98
19305 97
19315 98
19324 96
19335 98
19345 98
19355 98
19365 94
19375 97
19385 96
19394 97
19405 97
19415 97
19426 98
19436 97
19446 97
19456 98
19466 98
19476 99
19486 98
19496 99
19506 97
19516 97
19526 99
19536 99
19546 99
19556 97
19566 98
19576 98
19586 99
19597 96
19606 98
19616 98
19627 98
19636 98
19646 99
19657 99
19667 98
19677 97
19688 95
19697 98
19708 97
19717 99
19727 97
19737 98
19747 98
19758 95
19768 96
19778 97
19787 97
19798 97
19807 96
19817 97
19828 97
19839 96
19848 97
19859 97
19869 97
19878 97
19889 97
19899 96
19909 97
19919 97
19929 97
19938 97
19950 96
19959 97
19969 97
19980 97
19990 97
20000 97
20010 97
20020 97
20030 97
20040 96
20049 97
20060 97
20071 98
20081 98
20091 98
20101 98
20111 98
20121 97
20131 98
20141 98
20152 98
20161 98
20172 98
20182 100
20192 100
20202 100
20212 99
20222 98
20232 99
20242 99
20252 100
20263 97
20273 98
20283 98
20293 97
20302 99
20312 98
20322 99
20333 98
20343 99
20353 97
20363 99
20373 98
20383 99
20393 99
20404 98
20414 97
20424 98
20434 98
20444 98
20454 98
20464 98
20474 98
20484 97
20494 98
20504 99
20515 98
20524 99
20534 98
20544 97
20554 98
20565 98
20575 99
20585 100
20595 98
20605 99
20615 99
20626 99
20636 99
20645 100
20656 99
20666 99
20676 99
20686 99
20696 98
20706 98
20716 97
20726 97
20736 95
20746 98
20757 95
20766 97
20777 97
20786 97
20796 97
20806 96
20817 96
20827 96
20837 96
20846 95
20858 94
20867 96
20876 96
20887 95
20897 96
20909 97
20919 97
20929 97
20939 97
20949 97
20959 97
20969 96
20979 97
20989 96
20999 97
21009 96
21019 97
21029 96
21039 97
21049 97
21059 97
21070 99
21080 99
21090 98
21100 99
21110 99
21120 98
21130 99
21140 97
21150 99
21160 99
21170 98
21180 99
21190 98
21200 98
21211 98
21221 97
21231 98
21241 97
21250 98
21261 98
21271 98
21282 99
21291 98
21301 99
21312 98
21322 98
21332 99
21342 100
21352 100
21363 100
21373 99
21383 100
21393 97
21402 99
21413 100
21423 98
21433 99
21443 100
21453 98
21463 100
21473 98
21485 96
21494 97
21504 97
21513 98
21524 97
21534 98
21544 97
21554 96
21564 98
21575 96
21585 95
21596 97
21605 98
21615 98
21625 98
21636 99
21645 98
21656 99
21666 98
21676 99
21686 99
21696 98
21706 99
21716 98
21726 97
21737 97
21746 98
21757 97
21767 98
21777 97
21788 97
21797 98
21807 97
21819 97
21828 98
21838 99
21849 97
21858 99
21869 97
21878 99
21888 98
21899 97
21908 97
21919 98
21929 97
21939 98
21949 97
21959 97
21970 97
21980 97
21991 97
22001 97
22010 97
22020 97
22031 96
22040 97
22051 97
22061 96
22071 97
22081 97
22092 97
22101 97
22111 97
22121 97
22131 97
22142 98
22152 98
22162 98
22172 98
22182 96
22192 98
22202 98
22212 98
22222 98
22233 98
22243 98
22253 98
22262 98
22272 98
22283 98
22293 98
22303 98
22314 97
22323 96
22333 98
22343 98
22353 97
22363 98
22373 97
22384 97
22394 97
22403 97
22413 97
22423 98
22434 96
22443 98
22454 97
22464 97
22474 97
22485 97
22495 97
22506 98
22516 98
22526 98
22536 99
22546 98
22556 99
22566 98
22576 98
22586 98
22596 99
22606 97
22617 99
22626 99
22636 99
22646 99
22656 98
22667 98
22677 98
22686 99
22697 98
22708 98
22717 98
22728 98
22738 97
22749 97
22758 98
22768 97
22779 98
22789 97
22799 98
22809 98
22819 99
22828 98
22838 98
22849 98
22859 99
22869 99
22880 98
22890 98
22900 98
22910 98
22920 98
22930 99
22940 99
22950 98
22961 98
22971 100
22981 99
22991 99
23001 100
23011 100
23021 99
23031 100
23042 100
23052 100
23062 100
23072 100
23082 99
23093 98
23102 100
23112 99
23123 98
23132 100
23142 99
23153 98
23163 98
23173 98
23183 98
23192 99
23203 98
23213 98
23223 97
23233 97
23245 97
23255 98
23265 98
23275 98
23285 97
23295 98
23305 98
23316 99
23326 99
23336 98
23346 99
23356 99
23366 99
23376 99
23386 99
23396 99
23406 99
23416 100
23426 99
23436 99
23446 99
23456 98
23467 98
23476 100
23486 98
23496 97
23506 99
23517 97
23527 99
23537 98
23548 98
23558 98
23567 98
23577 99
23588 98
23599 98
23609 98
23619 98
23629 98
23638 98
23649 98
23658 97
23669 97
23679 98
23689 99
23700 99
23709 99
23720 99
23729 99
23740 99
23750 98
23760 99
23770 99
23780 97
23790 96
23800 99
23810 99
23820 98
23830 98
23840 97
23850 98
23861 95
23870 97
23880 99
23891 96
23902 96
23912 95
23922 96
23932 97
23942 97
23951 96
23962 97
23972 98
23982 98
23992 97
24002 98
24012 98
24022 98
24033 98
24043 99
24053 98
24063 97
24073 99
24083 98
24093 98
24104 99
24114 99
24124 99
24134 99
24144 99
24154 99
24164 96
24174 100
24184 99
24194 100
24205 99
24214 99
24225 99
24235 99
24245 99
24256 98
24265 99
24276 98
24286 98
24297 98
24307 99
24317 99
24327 99
24337 99
24347 99
24357 99
24367 99
24377 98
24388 98
24397 99
24408 99
24417 99
24428 98
24438 99
24448 99
24458 99
24469 98
24479 98
24488 98
24499 98
24509 98
24519 98
24529 97
24540 97
24549 98
24560 96
24571 98
24581 98
24591 98
24601 98
24611 97
24621 98
24632 99
24642 99
24651 98
24661 98
24672 99
24682 98
24693 99
24702 99
24712 99
24723 99
24733 100
24743 99
24752 100
24763 100
24773 100
24783 100
24793 99
24804 99
24814 98
24823 97
24833 99
24843 100
24853 100
24864 98
24874 97
24884 99
24894 97
24904 99
24915 97
24924 98
24934 99
24944 99
24955 98
24965 97
24975 97
24986 98
24995 98
25006 98
25016 98
25026 98
25036 97
25047 98
25057 98
25067 99
25077 99
25087 99
25097 99
25107 99
25117 99
25127 99
25137 97
25148 96
25157 99
25169 98
25179 98
25189 98
25199 98
25209 99
25219 99
25230 100
25240 100
25250 100
25260 99
25270 100
25280 99
25290 99
25300 99
25310 100
25320 100
25330 97
25341 98
25352 97
25362 98
25372 98
25382 97
25392 98
25402 98
25412 96
25421 98
25432 99
25442 99
25453 98
25463 99
25473 98
25483 99
25493 98
25504 97
25513 97
25525 95
25535 97
25543 99
25553 99
25564 99
25574 98
25584 99
25595 98
25604 100
25615 99
25625 99
25635 98
25645 98
25655 98
25665 97
25676 97
25686 97
25696 97
25707 97
25716 97
25726 98
25736 97
25746 97
25757 97
25767 97
25777 96
25788 97
25798 97
25808 97
25818 98
25828 97
25838 98
25848 98
25858 99
25868 99
25878 97
25888 98
25898 98
25908 98
25918 99
25929 97
25938 98
25949 98
25958 98
25968 97
25979 98
25989 98
25998 97
26009 98
26019 98
26029 98
26039 98
26049 99
26059 98
26069 98
26079 98
26089 96
26100 97
26111 97
26120 98
26130 98
26140 97
26150 96
26161 97
26170 98
26180 97
26191 97
26200 96
26211 97
26220 97
26230 97
26241 95
26251 96
26261 95
26271 96
26282 97
26292 96
26302 96
26312 97
26322 97
26333 97
26342 97
26352 97
26363 98
26374 98
26383 98
26394 97
26403 98
26413 97
26423 98
26433 98
26444 98
26453 97
26464 98
26474 98
26483 98
26494 97
26504 98
26513 98
26523 98
26535 97
26545 97
26553 98
26564 98
26573 98
26584 98
26595 98
26605 98
26614 98
26625 98
26635 98
26644 98
26654 97
26664 98
26676 98
26686 97
26696 98
26706 99
26716 99
26726 98
26736 99
26746 99
26756 98
26766 99
26776 98
26786 98
26796 98
26807 97
26816 98
26826 99
26837 98
26846 98
26857 97
26867 98
26877 99
26887 99
26897 99
26907 98
26917 99
26927 99
26937 98
26947 99
26957 98
26967 98
26978 95
26988 96
26998 95
27008 95
27018 96
27028 95
27037 97
27048 95
27059 95
27068 97
27080 97
27090 97
27100 97
27110 98
27120 98
27130 98
27140 99
27150 99
27160 98
27170 98
27180 99
27190 99
27200 99
27210 98
27220 97
27230 98
27240 98
27250 97
27260 99
27270 99
27280 98
27290 98
27300 97
27310 97
27320 98
27330 97
27341 97
27350 96
27361 96
27370 98
27381 96
27391 96
27401 97
27413 97
27423 97
27431 96
27441 97
27453 97
27463 96
27471 96
27483 96
27493 96
27503 97
27513 97
27523 97
27533 95
27543 96
27553 97
27563 97
27573 97
27583 98
27593 97
27603 94
27613 95
27623 96
27633 98
27643 95
27653 98
27663 97
27674 96
27683 96
27693 97
27704 96
27713 96
27724 96
27734 95
27745 96
27755 96
27764 96
27774 96
27785 96
27795 96
27806 96
27816 96
27826 97
27836 97
27846 97
27856 97
27866 97
27876 97
27885 97
27896 96
27906 97
27916 97
27926 98
27936 97
27947 98
27956 98
27967 98
27976 98
27987 98
27997 98
28007 97
28017 98
28027 98
28037 98
28047 99
28057 99
28067 99
28077 99
28087 100
28097 100
28107 99
28117 99
28127 99
28137 99
28147 100
28158 97
28168 98
28177 100
28187 98
28198 98
28207 100
28218 98
28228 94
28238 97
28248 98
28258 97
28268 98
28279 96
28288 97
28298 98
28309 97
28318 96
28329 96
28340 97
28350 97
28360 97
28369 97
28381 97
28390 97
28401 97
28411 97
28421 98
28431 98
28441 98
28451 97
28462 97
28472 98
28482 98
28492 99
28502 99
28512 99
28522 99
28532 99
28542 99
28552 99
28562 99
28571 98
28582 98
28592 97
28602 98
28612 98
28622 97
28632 98
28642 99
28652 100
28662 100
28672 98
28683 98
28692 99
28703 99
28713 99
28723 99
28733 99
28743 98
28753 96
28763 96
28773 97
28783 98
28793 98
28805 98
28815 98
28825 97
28835 98
28845 98
28855 98
28865 99
28875 99
28885 98
28895 98
28905 98
28915 99
28925 99
28936 99
28946 99
28956 98
28966 99
28976 98
28986 97
28996 98
29006 98
29016 98
29026 99
29037 97
29046 99
29057 97
29067 97
29077 97
29086 97
29098 98
29108 99
29118 98
29128 98
29138 98
29148 98
29158 98
29169 98
29178 99
29188 98
29199 98
29209 98
29219 98
29229 98
29239 98
29248 98
29259 98
29270 98
29280 98
29290 96
29300 98
29310 98
29320 98
29330 98
29340 97
29350 98
29360 97
29370 97
29381 97
29391 97
29402 97
29410 97
29421 98
29432 97
29441 97
29452 97
29461 97
29471 98
29482 97
29492 97
29501 96
29512 97
29522 96
29531 98
29541 98
29551 98
29561 97
29572 97
29583 96
29592 97
29602 97
29612 97
29622 95
29633 96
29643 96
29652 97
29663 96
29672 96
29684 96
29694 96
29703 97
29713 98
29724 96
29733 98
29744 98
29754 98
29764 98
29774 98
29783 96
29794 98
29803 97
29814 97
29824 98
29834 97
29844 97
29854 97
29865 97
29874 98
29885 97
29895 96
29904 98
29914 97
29924 97
29936 96
29945 97
29956 96
29965 97
29974 97
29986 96
29996 97
30006 97
30016 97
30027 97
30037 97
30047 96
30057 98
30067 96
30077 97
30087 98
30097 98
30107 98
30117 98
30128 98
30138 99
30148 99
30158 98
30168 98
30178 99
30188 98
30198 99
30209 99
30219 100
30229 100
30238 99
30249 100
30259 100
30269 100
30279 100
30289 100
30299 99
30309 99
30319 100
30329 98
30340 100
30350 100
30360 100
30370 100
30380 100
30390 100
30400 98
30410 99
30420 98
30430 96
30440 96
30453 97
30463 99
30473 97
30483 97
30493 98
30503 99
30513 99
30523 100
30533 98
30543 100
30553 98
30563 100
30573 99
30583 100
30594 100
30604 100
30614 100
30624 100
30634 100
30644 100
30654 100
30664 99
30674 100
30684 100
30694 98
30704 99
30714 99
30724 99
30734 99
30744 98
30754 100
30764 99
30775 99
30784 99
30795 99
30805 99
30815 97
30825 99
30834 99
30845 99
30855 97
30865 98
30875 99
30885 99
30895 99
30905 99
30915 97
30925 97
30935 98
30945 96
30955 96
30966 96
30975 99
30986 97
30996 98
31007 97
31016 98
31026 97
31036 97
31047 98
31057 98
31067 98
31077 98
31087 97
31097 98
31107 97
31117 98
31128 97
31138 97
31147 98
31158 98
31168 98
31178 99
31188 98
31198 99
31208 99
31218 98
31228 99
31238 98
31249 99
31259 98
31269 99
31279 97
31289 98
31299 99
31309 97
31319 97
31330 97
31339 97
31350 97
31359 99
31370 97
31379 98
31389 95
31400 97
31410 98
31420 98
31430 97
31441 97
31450 98
31460 98
31471 96
31480 96
31490 97
31501 97
31510 96
31520 98
31532 96
31540 97
31551 97
31561 97
31572 96
31581 96
31591 96
31602 96
31611 97
31622 97
31632 97
31642 97
31652 97
31662 97
31673 97
31683 97
31693 98
31703 98
31713 99
31723 99
31733 99
31743 98
31753 98
31763 99
31773 98
31783 99
31793 98
31803 97
31813 98
31824 97
31833 99
31843 98
31853 99
31863 99
31874 98
31884 98
31895 96
31904 98
31916 98
31926 99
31936 99
31946 99
31956 99
31966 99
31976 99
31985 97
31996 98
32006 99
32016 98
32027 99
32036 99
32047 99
32057 98
32067 99
32077 100
32087 100
32097 98
32107 100
32117 100
32127 100
32137 99
32146 98
32157 98
32167 98
32177 99
32187 100
32197 99
32207 99
32217 96
32228 98
32238 97
32248 97
32258 97
32268 96
32278 95
32287 98
32298 95
32307 98
32317 98
32328 96
32338 97
32350 96
32358 96
32368 98
32380 97
32390 97
32400 97
32410 98
32420 98
32430 98
32440 98
32450 98
32460 97
32470 97
32480 98
32490 98
32501 99
32511 98
32521 99
32531 99
32540 98
32550 97
32561 99
32571 99
32581 97
32591 98
32601 98
32612 98
32622 98
32632 98
32642 98
32652 98
32661 99
32673 99
32683 99
32693 100
32703 100
32713 99
32723 99
32733 97
32743 100
32753 99
32763 100
32773 99
32783 99
32793 98
32804 97
32813 99
32824 98
32834 99
32844 97
32853 98
32864 99
32874 98
32884 99
32894 98
32904 98
32914 97
32924 99
32935 96
32944 97
32954 96
32965 96
32976 95
32984 96
32995 96
33004 98
33016 95
33026 94
33035 94
33045 95
33054 95
33065 95
33077 95
33087 96
33097 97
33107 97
33117 96
33127 97
33137 97
33147 96
33157 96
33166 95
33177 97
33187 97
33197 97
33207 96
33217 97
33227 97
33237 98
33248 99
33258 99
33268 99
33278 100
33288 99
33298 98
33308 99
33318 99
33328 98
33338 99
33348 100
33358 99
33368 98
33378 98
33389 100
33399 100
33409 100
33419 100
33429 100
33439 100
33449 100
33459 99
33469 99
33479 100
33489 100
33499 100
33510 99
33521 98
33531 98
33539 99
33551 99
33562 98
33572 99
33581 99
33591 99
33601 99
33612 99
33622 99
33632 98
33642 99
33652 98
33662 98
33672 98
33683 98
33693 99
33703 99
33712 99
33722 100
33733 99
33743 100
33753 99
33763 100
33773 100
33783 99
33793 97
33803 98
33815 98
33825 98
33835 99
33845 99
33856 99
33866 99
33875 99
33885 99
33896 98
33906 99
33915 99
33926 97
33936 99
33946 98
33957 98
33967 98
33977 98
33987 98
33997 99
34007 98
34017 98
34027 99
34037 99
34047 98
34057 99
34068 99
34078 98
34089 97
34098 99
34108 99
34119 98
34128 99
34139 99
34149 99
34159 99
34169 97
34179 96
34189 99
34200 97
34210 98
34220 97
34229 98
34240 97
34250 98
34260 99
34270 98
34280 99
34291 98
34301 97
34310 99
34321 97
34330 98
34341 98
34352 99
34362 99
34372 99
34382 99
34392 99
34402 99
34412 99
34423 100
34433 100
34443 100
34453 98
34463 100
34473 100
34483 99
34494 100
34504 100
34514 100
34524 100
34535 99
34545 98
34555 99
34565 99
34575 100
34585 100
34595 99
34605 98
34615 99
34625 100
34635 100
34645 99
34655 99
34665 100
34676 98
34686 99
34697 97
34706 99
34716 98
34726 98
34736 99
34747 98
34757 98
34767 96
34777 98
34788 96
34798 98
34808 97
34818 98
34828 98
34838 97
34848 97
34859 94
34868 97
34878 97
34888 98
34898 98
34908 98
34919 96
34928 97
34939 98
34949 97
34959 97
34969 96
34979 96
34989 98
34999 98
35010 97
35019 98
35029 98
35040 96
35051 97
35059 98
35069 97
35080 97
35091 97
35101 97
35111 97
35120 97
35131 97
35141 97
35151 97
35160 97
35171 96
35182 95
35191 97
35201 96
35210 97
35221 97
35231 97
35241 96
35250 95
35261 97
35272 97
35282 98
35292 98
35302 98
35312 98
35322 98
35333 98
35343 99
35353 99
35363 99
35373 97
35383 99
35392 96
35403 98
35413 99
35424 100
35434 100
35444 99
35454 100
35464 100
35474 100
35485 99
35494 99
35505 99
35514 100
35524 99
35535 99
35544 99
35555 97
35565 99
35575 97
35585 97
35595 99
35606 97
35615 99
35625 98
35636 98
35647 96
35656 98
35666 98
35677 98
35687 98
35696 98
35707 97
35717 98
35727 99
35737 98
35747 99
35757 98
35767 97
35777 97
35787 99
35797 98
35808 98
35818 98
35828 99
35838 98
35848 98
35859 98
35870 98
35879 98
35889 98
35899 98
35909 98
35921 98
35930 98
35941 98
35950 97
35961 97
35971 97
35980 98
35991 98
36001 95
36011 98
36021 99
36031 98
36041 98
36052 98
36061 99
36072 99
36081 99
36092 99
36102 98
36112 99
36122 99
36133 97
36142 99
36152 99
36162 98
36173 98
36182 99
36192 97
36202 97
36213 96
36223 98
36232 98
36243 98
36254 98
36264 97
36274 97
36284 97
36294 98
36304 96
36314 98
36324 98
36333 98
36345 96
36354 96
36364 98
36375 98
36384 98
36394 97
36405 98
36416 97
36426 99
36436 99
36446 99
36456 99
36466 99
36476 98
36486 99
36497 100
36507 100
36516 99
36527 99
36537 100
36547 100
36557 100
36567 98
36577 99
36587 99
36597 100
36607 98
36617 97
36628 96
36637 96
36647 98
36658 97
36667 97
36678 97
36689 97
36699 97
36707 98
36718 97
36729 96
36739 97
36749 97
36760 100
36770 99
36780 100
36790 99
36800 100
36810 99
36820 100
36830 100
36840 98
36850 99
36860 100
36870 99
36880 100
36891 98
36901 97
36911 99
36921 98
36931 97
36941 98
36952 98
36962 97
36971 98
36982 98
36992 98
37002 99
37012 99
37023 97
37033 98
37042 98
37052 98
37062 100
37073 99
37083 99
37093 99
37103 98
37112 99
37123 99
37134 97
37143 97
37153 97
37164 95
37174 96
37184 97
37194 97
37205 97
37214 97
37226 97
37236 97
37245 97
37256 97
37267 99
37277 99
37287 99
37297 99
37307 99
37317 98
37327 100
37337 99
37347 100
37357 100
37367 100
37377 99
37387 100
37397 99
37407 99
37417 98
37427 98
37438 99
37449 98
37458 98
37468 99
37479 99
37489 99
37499 99
37510 99
37519 99
37530 99
37540 99
37550 99
37560 99
37570 97
37579 99
37590 99
37600 97
37610 98
37620 99
37630 99
37641 98
37651 99
37661 99
37671 99
37682 100
37692 100
37702 100
37712 99
37722 100
37732 100
37742 98
37752 98
37762 99
37773 98
37783 97
37794 97
37803 97
37814 97
37825 98
37834 97
37845 98
37855 98
37865 98
37875 98
37885 98
37895 98
37905 98
37915 98
37925 98
37935 97
37945 98
37955 96
37965 98
37975 97
37985 97
37995 98
38005 98
38015 98
38026 96
38036 97
38045 98
38055 97
38065 97
38076 96
38085 97
38095 97
38105 97
38117 97
38126 98
38136 98
38146 97
38156 98
38167 97
38177 97
38187 97
38197 96
38207 96
38217 95
38228 96
38238 96
38247 96
38258 97
38268 98
38278 97
38288 97
38298 97
38308 98
38318 98
38329 98
38338 97
38349 99
38359 99
38369 99
38379 99
38389 98
38399 99
38408 97
38419 98
38429 98
38439 98
38449 99
38459 99
38470 99
38480 99
38490 99
38500 98
38509 99
38520 99
38530 98
38540 99
38550 99
38560 98
38570 97
38580 99
38590 98
38600 97
38610 96
38620 97
38630 98
38640 97
38651 95
38661 96
38671 96
38681 97
38691 95
38701 97
38712 97
38721 97
38731 98
38742 97
38752 95
38762 97
38772 97
38782 97
38791 96
38802 95
38812 97
38823 97
38833 98
38843 96
38853 99
38863 97
38873 98
38883 99
38893 98
38903 98
38913 98
38923 99
38933 98
38943 99
38953 96
38963 99
38973 97
38983 96
38993 97
39003 98
39014 97
39024 97
39035 96
39046 96
39054 97
39066 96
39076 96
39086 97
39096 98
39106 98
39116 98
39126 98
39136 98
39146 97
39156 98
39166 97
39176 98
39186 98
39196 98
39206 98
39217 98
39227 99
39237 99
39247 99
39257 99
39266 97
39277 99
39287 98
39297 99
39307 100
39317 99
39327 100
39338 99
39347 100
39358 100
39367 99
39378 100
39388 99
39398 99
39408 99
39418 100
39428 99
39438 99
39448 99
39459 99
39468 100
39478 99
39489 99
39500 98
39509 99
39518 99
39529 98
39539 99
39550 97
39560 98
39570 97
39580 97
39590 97
39600 98
39611 97
39620 97
39630 97
39641 97
39651 97
39660 97
39671 97
39681 97
39691 97
39700 96
39711 96
39721 96
39731 96
39741 95
39751 96
39761 97
39771 96
39781 96
39792 96
39801 97
39813 96
39821 96
39832 95
39842 95
39853 97
39863 97
39873 97
39883 97
39893 97
39903 97
39913 97
39923 96
39933 96
39943 96
39953 97
39964 96
39973 96
39983 97
39994 96
40004 97
40014 97
40023 97
40034 98
40044 98
40053 98
40064 98
40073 98
40084 100
40094 99
40104 98
40115 99
40125 99
40134 100
40144 100
40155 100
40165 99
40175 98
40185 100
40195 100
40205 100
40215 100
40225 98
40235 99
40246 99
40256 100
40266 98
40276 99
40286 100
40297 98
40308 95
40317 97
40327 98
40336 98
40347 97
40358 97
40367 97
40377 99
40389 97
40398 98
40408 97
40418 98
40429 98
40439 98
40449 96
40459 97
40469 98
40479 95
40489 98
40500 96
40509 97
40520 96
40529 97
40540 95
40551 96
40561 96
40570 95
40580 96
40591 95
40601 96
40611 96
40621 95
40631 96
40641 97
40651 97
40662 97
40671 97
40682 97
40692 97
40702 97
40712 97
40722 96
40732 97
40742 96
40751 96
40761 95
40772 95
40781 97
40792 96
40803 97
40813 97
40823 96
40832 97
40842 97
40852 97
40863 97
40873 97
40883 97
40894 97
40904 98
40914 98
40924 98
40934 97
40944 98
40954 98
40964 98
40974 98
40984 96
40993 96
41004 95
41014 97
41024 97
41034 98
41044 98
41054 98
41065 98
41075 98
41084 98
41095 99
41104 98
41115 99
41125 98
41135 99
41146 98
41155 99
41165 99
41176 98
41185 99
41195 99
41206 99
41216 99
41226 99
41236 97
41245 98
41257 98
41266 99
41276 99
41287 99
41296 99
41307 97
41318 99
41326 99
41337 99
41347 99
41357 98
41368 99
41378 99
41389 99
41398 99
41409 98
41418 99
41429 96
41439 99
41449 97
41459 98
41469 99
41480 99
41490 99
41500 99
41511 98
41520 98
41530 98
41540 96
41551 98
41561 98
41572 99
41582 99
41591 99
41602 99
41611 99
41622 97
41632 99
41642 98
41652 98
41662 98
41672 99
41682 99
41693 98
41703 99
41713 98
41723 97
41733 99
41743 100
41754 99
41764 99
41773 99
41784 98
41794 98
41804 99
41813 98
41824 99
41834 98
41845 98
41855 97
41864 98
41875 97
41885 99
41896 97
41906 97
41915 98
41926 98
41936 99
41946 99
41956 99
41966 99
41977 100
41987 100
41996 100
42007 100
42016 100
42027 100
42037 100
42047 99
42057 100
42067 100
42078 97
42088 98
42097 98
42108 98
42118 98
42128 96
42139 97
42148 97
42158 97
42170 98
42180 98
42190 98
42200 99
42210 99
42220 99
42230 98
42240 98
42250 98
42260 99
42270 99
42281 98
42290 99
42300 99
42310 99
42320 98
42331 98
42341 99
42351 99
42360 98
42371 99
42382 97
42392 98
42403 98
42413 99
42423 98
42431 99
42443 99
42453 99
42463 99
42473 99
42483 98
42493 99
42503 99
42513 98
42523 99
42533 98
42543 99
42554 100
42564 100
42574 99
42584 100
42593 98
42604 100
42614 100
42624 99
42635 98
42644 99
42655 98
42665 98
42675 98
42684 99
42695 99
42705 97
42715 99
42725 96
42735 99
42745 97
42755 97
42765 98
42776 94
42787 96
42795 96
42806 96
42817 96
42827 97
42837 97
42848 96
42857 97
42867 97
42878 98
42888 97
42898 98
42908 98
42917 96
42928 98
42937 97
42948 96
42958 98
42968 97
42978 97
42988 98
42998 99
43009 98
43018 98
43029 97
43038 98
43049 99
43059 99
43069 99
43079 99
43089 98
43099 98
43109 100
43119 99
43129 98
43139 99
43150 98
43159 100
43169 99
43179 98
43190 98
43200 98
43210 97
43220 98
43231 99
43241 99
43252 99
43262 99
43272 99
43282 99
43292 99
43302 96
43312 99
43322 99
43332 98
43343 96
43352 99
43362 96
43372 98
43383 96
43393 97
43402 97
43413 97
43424 96
43434 97
43444 96
43454 97
43464 97
43474 97
43485 98
43495 98
43505 99
43515 98
43525 98
43535 99
43545 99
43555 99
43565 98
43576 97
43585 97
43595 99
43605 98
43615 98
43626 98
43636 98
43645 97
43656 98
43666 97
43676 98
43686 97
43696 97
43706 98
43716 95
43727 96
43738 97
43748 97
43758 97
43768 96
43778 97
43788 97
43798 96
43808 97
43818 98
43829 98
43838 98
43848 98
43858 98
43868 98
43878 98
43889 98
43899 99
43909 99
43919 99
43929 99
43939 100
43949 100
43959 100
43969 100
43980 100
43989 100
44000 99
44009 100
44020 100
44031 98
44041 98
44050 100
44060 100
44070 100
44081 99
44091 99
44101 99
44111 98
44122 98
44131 99
44142 98
44152 98
44161 98
44172 98
44182 97
44193 98
44203 98
44212 97
44223 98
44233 98
44243 97
44253 98
44263 96
44273 98
44284 98
44294 98
44304 98
44314 98
44324 95
44333 97
44343 98
44354 96
44364 98
44374 98
44384 97
44394 96
44404 94
44414 98
44424 98
44434 98
44445 96
44455 97
44464 97
44474 96
44484 97
44494 99
44506 96
44515 97
44526 97
44536 97
44545 96
44556 97
44565 97
44576 97
44586 97
44597 97
44607 96
44616 97
44627 96
44637 97
44646 97
44657 97
44666 96
44677 97
44687 97
44696 96
44708 97
44717 98
44728 98
44737 98
44748 98
44757 98
44768 98
44777 98
44788 98
44798 98
44808 98
44818 98
44828 97
44838 98
44848 98
44858 98
44868 97
44878 96
44888 97
44899 98
44908 98
44918 97
44929 98
44939 96
44948 97
44959 98
44970 97
44979 98
44989 98
44999 97
45010 96
45019 98
45029 96
45039 97
45051 96
45059 96
45069 97
45079 97
45089 97
45101 96
45111 97
45120 97
45130 97
45141 97
45151 98
45162 98
45171 98
45181 98
45191 98
45201 97
45212 100
45222 100
45232 100
45242 100
45252 100
45261 99
45272 99
45281 98
45292 100
45302 99
45312 99
45322 99
45332 100
45342 100
45352 100
45362 98
45372 99
45382 98
45392 99
45402 98
45413 98
45423 99
45434 99
45444 98
45453 99
45464 99
45473 99
45484 98
45494 99
45504 99
45514 99
45524 98
45534 99
45544 98
45555 97
45564 99
45575 98
45584 98
45595 99
45605 99
45615 98
45626 99
45636 98
45646 99
45656 98
45666 99
45676 99
45687 99
45697 98
45707 99
45717 99
45727 99
45737 96
45747 97
45757 98
45768 98
45778 98
45788 99
45798 98
45809 98
45819 98
45829 98
45838 99
45849 99
45858 100
45870 99
45880 99
45891 98
45901 99
45911 99
45921 98
45931 98
45941 98
45951 98
45961 97
45971 99
45982 98
45991 98
46002 99
46012 99
46022 98
46031 99
46043 99
46053 99
46063 99
46073 97
46083 98
46093 99
46103 98
46113 99
46123 98
46133 99
46143 99
46153 99
46163 98
46174 97
46184 96
46194 98
46205 94
46214 96
46224 98
46234 97
46244 98
46256 93
46264 97
46274 95
46284 97
46294 97
46304 97
46314 95
46324 96
46335 95
46346 95
46356 95
46365 95
46375 95
46385 96
46396 96
46406 96
46416 97
46426 96
46436 96
46446 97
46456 96
46466 97
46476 97
46487 98
46497 98
46507 98
46516 97
46527 99
46537 99
46547 97
46557 99
46567 98
46577 98
46587 99
46597 99
46607 98
46618 97
46627 99
46637 97
46647 97
46657 97
46667 97
46677 99
46687 98
46698 98
46708 98
46718 97
46728 98
46738 97
46748 98
46758 97
46767 96
46778 97
46788 97
46798 97
46808 97
46818 97
46829 96
46838 98
46848 97
46860 95
46870 96
46879 95
46889 96
46899 97
46909 95
46918 97
46921 96
46929 96
46940 96
46951 95
46961 97
46971 98
46981 99
46991 99
47001 99
47011 99
47021 99
47031 99
47042 99
47052 98
47061 99
47072 100
47082 100
47092 100
47102 100
47112 99
47122 100
47132 100
47142 100
47152 99
47162 100
47172 99
47183 98
47192 98
47202 98
47213 98
47223 99
47233 98
47243 98
47253 98
47263 99
47274 98
47284 98
47293 98
47304 96
47313 98
47323 98
47333 99
47344 98
47353 99
47365 99
47375 99
47385 98
47396 99
47405 99
47416 100
47426 99
47436 100
47445 100
47456 100
47466 100
47476 100
47486 100
47496 100
47506 98
47516 99
47527 100
47537 100
47548 99
47558 98
47568 99
47579 99
47589 99
47600 98
47609 99
47619 99
47629 99
47640 98
47651 99
47661 99
47671 97
47681 99
47691 98
47701 98
47711 99
47722 99
47731 99
47742 99
47752 99
47762 99
47772 98
47782 99
47792 98
47802 96
47812 97
47822 97
47832 98
47842 96
47852 96
47862 97
47872 97
47882 96
47892 95
47902 99
47912 98
47922 99
47933 96
47943 95
47953 96
47963 96
47975 97
47985 96
47995 97
48005 96
48015 97
48025 97
48035 96
48045 98
48055 98
48065 97
48075 98
48085 97
48095 98
48105 97
48115 98
48125 98
48136 98
48146 99
48156 99
48166 99
48176 97
48186 99
48196 99
48206 99
48216 99
48226 99
48236 99
48246 98
48256 99
48266 99
48276 99
48286 99
48296 99
48306 99
48317 98
48326 99
48336 99
48347 99
48357 99
48366 100
48377 98
48387 99
48396 99
48406 100
48416 100
48426 99
48437 99
48447 99
48457 99
48468 97
48478 99
48487 99
48498 99
48508 99
48518 96
48528 98
48538 99
48548 97
48558 99
48567 99
48578 98
48589 98
48598 98
48608 98
48619 99
48628 99
48639 99
48649 99
48660 98
48669 98
48680 98
48690 97
48701 98
48711 97
48720 98
48730 98
48740 97
48751 97
48761 98
48771 98
48781 98
48791 98
48802 97
48811 98
48822 96
48833 97
48842 98
48851 98
48861 98
48872 98
48883 98
48891 98
48903 98
48912 99
48923 98
48933 99
48943 99
48953 99
48962 99
48973 99
48984 98
48993 99
49004 99
49013 98
49024 99
49034 97
49044 99
49054 99
49064 99
49074 97
49084 97
49094 99
49105 97
49114 98
49126 97
49136 97
49146 97
49155 97
49164 98
49176 97
49186 97
49196 97
49206 97
49216 97
49226 97
49237 99
49247 98
49257 99
49267 99
49277 99
49287 98
49297 99
49307 99
49317 99
49327 99
49337 98
49347 96
49358 99
49368 99
49378 99
49388 99
49398 99
49409 98
49418 99
49428 98
49438 99
49448 99
49459 98
49469 97
49479 98
49490 98
49500 98
49510 98
49518 98
49530 98
49540 98
49550 98
49561 99
49571 100
49581 100
49591 99
49601 99
49611 100
49621 99
49631 100
49641 99
49651 99
49661 100
49671 100
49681 100
49692 99
49702 99
49711 98
49722 99
49731 99
49743 97
49752 99
49763 98
49773 98
49782 98
49793 98
49803 96
49813 95
49823 98
49833 99
49843 98
49853 99
49863 98
49874 97
49883 98
49893 98
49904 96
49913 99
49923 96
49933 98
49943 98
49953 97
49963 98
49974 96
49984 96
49994 96
50004 97
50014 97
50026 97
50036 98
50046 98
50056 98
50066 98
50076 98
50086 98
50096 99
50106 98
50116 99
50126 99
50136 98
50146 99
50157 99
50167 99
50177 99
50187 100
50197 100
50207 100
50217 99
50226 100
50237 98
50247 99
50257 98
50267 99
50277 99
50288 99
50298 99
50308 98
50318 99
50328 99
50338 98
50348 99
50359 97
50369 99
50378 99
50389 98
50398 99
50409 99
50419 98
50429 99
50438 99
50449 98
50459 98
50469 98
50480 96
50489 96
50501 97
50509 97
50521 96
50531 97
50542 99
50552 100
50562 98
50572 99
50582 99
50592 99
50602 100
50612 99
50622 100
50632 100
50643 99
50652 99
50663 99
50672 100
50682 99
50692 100
50703 98
50712 99
50723 98
50733 98
50744 98
50753 98
50764 96
50775 97
50785 98
50793 98
50804 97
50815 97
50824 98
50834 98
50844 98
50855 97
50865 98
50875 98
50885 97
50895 98
50905 96
50915 97
50925 97
50935 97
50946 96
50956 97
50965 97
50976 98
50986 97
50996 97
51005 98
51015 97
51026 98
51036 98
51047 98
51056 97
51067 98
51077 98
51087 98
51098 97
51107 98
51117 98
51127 98
51138 98
51149 99
51159 99
51169 99
51179 99
51189 100
51199 100
51209 100
51219 100
51229 99
51239 100
51249 100
51259 100
51269 98
51279 98
51289 100
51299 99
51310 97
51320 97
51330 97
51340 98
51350 98
51361 98
51371 98
51382 98
51392 99
51402 99
51412 99
51422 99
51432 99
51442 98
51452 99
51462 99
51472 99
51482 98
51492 98
51503 98
51513 98
51522 97
51533 98
51543 98
51553 97
51564 97
51573 98
51584 96
51594 98
51605 99
51615 99
51625 99
51635 99
51645 99
51655 99
51665 99
51674 96
51684 98
51695 99
51705 99
51715 98
51725 98
51735 98
51745 99
51755 98
51765 98
51776 98
51785 98
51796 98
51805 98
51817 97
51825 97
51837 97
51847 97
51856 97
51866 98
51876 99
51886 98
51896 98
51907 98
51917 98
51928 97
51936 98
51947 97
51958 97
51967 97
51977 98
51988 98
51997 98
52008 98
52018 97
52028 99
52038 98
52048 99
52059 98
52068 99
52078 98
52089 98
52098 98
52108 98
52118 98
52130 98
52140 98
52150 98
52160 98
52169 97
52180 98
52190 99
52200 98
52210 97
52220 98
52229 97
52241 97
52251 98
52260 98
52271 98
52281 97
52291 99
52301 99
52311 98
52321 96
52331 98
52342 98
52351 98
52361 98
52372 98
52382 98
52391 97
52402 98
52411 98
52421 98
52431 98
52442 98
52451 99
52463 98
52473 98
52483 99
52493 98
52503 98
52513 98
52523 98
52533 98
52543 97
52553 99
52564 97
52573 96
52583 96
52593 97
52604 98
52614 98
52624 98
52635 98
52645 98
52655 98
52666 100
52676 100
52686 100
52696 99
52706 99
52716 100
52726 99
52737 99
52746 99
52757 99
52767 99
52778 99
52787 99
52797 99
52808 99
52818 99
52827 99
52838 99
52847 99
52858 99
52868 98
52878 99
52888 98
52898 97
52908 98
52919 97
52928 98
52938 98
52949 98
52959 98
52969 98
52979 98
52990 97
53000 98
53009 99
53019 98
53030 98
53040 97
53050 98
53059 98
53070 98
53081 97
53090 99
53100 97
53111 98
53121 98
53131 97
53140 98
53150 99
53161 98
53171 98
53181 95
53191 98
53202 97
53211 97
53222 97
53231 96
53242 97
53251 97
53262 97
53272 97
53282 98
53293 97
53302 96
53312 98
53323 97
53333 97
53342 98
53353 98
53363 98
53373 96
53383 98
53393 96
53403 98
53413 97
53423 98
53434 96
53443 96
53453 97
53465 97
53475 96
53484 95
53495 97
53505 96
53513 97
53525 97
53535 97
53546 97
53556 98
53566 98
53576 99
53586 97
53596 98
53606 99
53616 98
53626 99
53636 99
53646 98
53656 99
53666 97
53676 99
53686 99
53696 98
53707 97
53717 97
53726 99
53737 99
53746 99
53757 98
53767 99
53778 98
53787 98
53798 99
53808 98
53818 97
53828 100
53838 100
53848 99
53858 100
53868 99
53878 100
53888 99
53900 99
53910 99
53920 98
53930 99
53940 98
53950 99
53961 100
53971 99
53981 100
53991 100
54001 99
54011 100
54022 100
54032 99
54042 98
54053 99
54063 99
54073 98
54083 97
54093 99
54103 98
54114 97
54123 98
54133 97
54143 98
54154 98
54163 97
54173 98
54184 98
54195 97
54205 98
54214 98
54225 98
54235 97
54246 99
54256 99
54265 98
54276 99
54286 98
54296 97
54306 99
54316 98
54326 98
54336 99
54346 96
54356 98
54366 99
54376 99
54386 98
54397 98
54407 98
54417 99
54426 98
54437 98
54448 99
54458 98
54467 98
54478 99
54488 99
54498 99
54508 98
54518 97
54528 98
54538 98
54549 98
54559 99
54569 98
54579 99
54589 99
54599 98
54609 99
54619 99
54629 99
54640 98
54649 99
54660 98
54669 98
54680 98
54689 99
54700 97
54710 97
54720 98
54729 97
54740 98
54751 98
54760 98
54770 98
54781 98
54791 99
54801 99
54811 98
54822 99
54832 99
54842 99
54852 100
54862 99
54872 99
54883 100
54893 98
54903 100
54913 100
54923 100
54933 100
54943 100
54954 98
54964 99
54974 99
54984 98
54994 97
55004 99
55015 98
55024 98
55036 98
55046 98
55056 98
55065 98
55075 98
55085 98
55096 98
55107 97
55116 98
55127 98
55137 98
55147 98
55157 98
55167 99
55178 99
55187 99
55198 99
55207 99
55217 99
55227 98
55238 99
55248 99
55258 98
55268 98
55278 98
55288 99
55298 98
55308 99
55319 98
55328 97
55340 98
55348 99
55360 98
55369 98
55379 98
55388 98
55398 98
55410 98
55419 97
55430 98
55440 98
55450 98
55460 98
55471 99
55481 99
55491 99
55501 99
55511 99
55521 98
55531 99
55541 99
55551 99
55562 99
55572 98
55582 98
55592 98
55602 99
55612 98
55623 99
55632 99
55643 98
55653 99
55663 98
55673 99
55683 99
55693 99
55704 97
55713 99
55723 99
55733 99
55744 99
55754 99
55764 99
55774 98
55783 99
55794 99
55804 98
55814 98
55823 98
55834 99
55844 99
55854 99
55865 99
55875 99
55886 98
55895 99
55905 98
55915 98
55926 96
55935 99
55946 98
55956 97
55967 98
55977 98
55987 98
55997 99
56007 98
56017 99
56028 97
56037 98
56047 98
56058 97
56067 99
56077 99
56088 99
56098 97
56108 98
56118 98
56129 96
56138 99
56149 97
56159 96
56168 98
56179 96
56188 97
56198 98
56209 97
56218 97
56228 98
56239 96
56249 97
56259 97
56269 97
56279 97
56290 96
56299 96
56310 96
56321 96
56329 95
56341 96
56349 95
56361 96
56372 96
56382 97
56391 95
56402 97
56412 96
56422 99
56432 99
56442 98
56452 98
56462 98
56472 98
56482 98
56492 98
56502 98
56512 96
56522 99
56532 99
56542 99
56552 99
56562 99
56573 98
56582 97
56592 98
56603 98
56613 98
56623 98
56633 98
56642 99
56652 98
56663 98
56674 97
56682 97
56693 98
56704 98
56713 98
56723 98
56733 98
56743 98
56754 98
56764 98
56774 97
56783 99
56794 96
56804 98
56814 98
56824 96
56835 97
56844 97
56854 97
56864 97
56875 97
56884 97
56896 96
56904 98
56916 97
56926 97
56936 97
56945 96
56956 97
56966 97
56977 97
56987 97
56996 97
57006 97
57016 97
57026 97
57036 97
57047 97
57057 98
57067 97
57077 97
57086 97
57096 96
57107 96
57117 98
57127 97
57137 99
57147 98
57157 99
57167 99
57177 99
57188 97
57197 99
57207 99
57218 100
57228 99
57238 99
57248 100
57258 99
57268 100
57278 100
57288 98
57299 98
57308 98
57319 99
57330 99
57340 99
57349 99
57359 99
57370 99
57381 100
57391 99
57401 100
57411 99
57421 99
57431 100
57441 99
57452 97
57462 99
57471 99
57481 99
57492 99
57501 98
57512 99
57523 98
57532 98
57542 98
57552 97
57563 98
57573 98
57583 98
57592 98
57603 99
57613 99
57623 99
57634 98
57644 97
57653 98
57664 98
57673 98
57684 98
57695 96
57703 98
57714 97
57724 98
57735 97
57744 96
57754 99
57766 96
57774 98
57786 97
57794 98
57806 97
57816 96
57827 98
57837 99
57847 99
57857 99
57867 98
57877 98
57887 99
57897 99
57907 99
57917 99
57927 97
57937 98
57946 98
57957 99
57967 98
57977 96
57987 98
57997 99
58007 98
58017 99
58027 97
58037 98
58048 97
58058 98
58069 97
58079 97
58089 98
58098 98
58109 98
58119 98
58129 98
58139 99
58150 99
58160 99
58170 99
58180 100
58190 98
58200 99
58210 99
58221 99
58231 98
58241 99
58251 98
58262 98
58271 98
58281 99
58291 99
58302 98
58312 98
58322 98
58332 98
58342 97
58353 97
58362 97
58374 97
58383 96
58394 97
58403 97
58413 97
58423 97
58433 97
58444 97
58454 97
58464 97
58473 96
58484 97
58494 97
58504 96
58514 97
58524 97
58534 97
58544 96
58554 96
58565 97
58574 97
58584 97
58596 97
58605 97
58616 97
58625 97
58636 98
58646 99
58656 99
58666 99
58676 97
58686 99
58696 98
58706 99
58716 99
58726 99
58736 99
58747 99
58756 99
58766 99
58777 98
58786 99
58797 98
58807 99
58817 99
58827 98
58837 99
58847 96
58857 99
58867 99
58877 99
58887 97
58897 98
58908 97
58917 99
58927 99
58938 98
58948 98
58957 98
58968 98
58979 96
58988 98
58998 94
59009 97
59018 98
59028 96
59038 97
59048 97
59059 95
59068 96
59079 97
59089 97
59099 97
59110 97
59120 97
59130 97
59140 97
59150 97
59160 96
59170 97
59180 97
59190 97
59200 96
59211 97
59220 96
59230 97
59241 98
59251 98
59261 98
59271 98
59281 98
59291 96
59301 96
59311 98
59321 98
59331 98
59341 97
59351 96
59361 98
59371 98
59381 97
59392 99
59402 98
59412 96
59422 99
59432 99
59442 99
59452 99
59462 99
59472 99
59482 99
59492 99
59503 99
59512 99
59522 99
59533 99
59543 99
59552 99
59563 98
59573 99
59583 99
59593 98
59603 96
59613 96
59624 96
59634 97
59644 96
59654 97
59664 98
59674 97
59685 98
59695 98
59705 97
59715 98
59725 98
59735 98
59745 98
59755 98
59765 97
59775 97
59785 98
59796 97
59806 97
59815 97
59826 97
59836 97
59845 98
59857 98
59866 97
59877 98
59887 98
59897 98
59907 98
59917 98
59927 96
59937 98
59947 97
59957 98
59967 98
59978 98
59987 98
59997 96
60007 98
60018 98
60027 98
60038 98
60048 98
60058 97
60069 97
60078 97
60088 99
60098 97
60108 98
60118 99
60128 99
60138 96
60148 98
60158 99
60168 97
60179 96
60189 97
60198 97
60209 96
60219 97
60229 97
60240 95
60250 96
60259 96
60269 96
60279 96
60290 95
60300 95
60309 96
60320 96
60331 97
60341 97
60350 97
60360 97
60371 97
60381 97
60390 97
60401 97
60411 97
60421 96
60431 97
60441 97
60451 97
60461 97
60471 98
60482 97
60491 97
60502 98
60512 98
60522 98
60532 97
60542 98
60552 96
60563 98
60573 98
60583 98
60592 98
60603 98
60613 98
60622 99
60632 99
60643 98
60653 98
60663 96
60673 97
60683 98
60692 97
60703 96
60713 97
60723 97
60734 97
60743 98
60754 97
60763 98
60775 99
60785 98
60795 99
60805 99
60815 98
60825 99
60835 99
60845 99
60855 98
60865 97
60876 98
60885 99
60896 99
60905 99
60916 99
60926 99
60935 99
60946 99
60956 98
60966 99
60976 98
60986 99
60997 97
61006 97
61016 98
61026 98
61038 97
61047 96
61058 98
61068 97
61078 98
61088 97
61098 98
61108 98
61118 98
61128 98
61138 97
61149 98
61158 98
61168 97
61179 98
61188 98
61199 98
61208 96
61219 98
61229 97
61239 97
61248 97
61259 98
61269 98
61279 98
61290 97
61299 96
61309 98
61320 97
61330 97
61339 97
61349 98
61360 96
61371 96
61380 97
61389 97
61400 97
61409 97
61421 97
61429 97
61440 96
61450 97
61462 95
61471 97
61479 98
61491 97
61501 96
61511 97
61521 97
61532 98
61542 96
61552 98
61562 98
61572 97
61582 98
61592 98
61602 98
61613 99
61623 99
61633 99
61643 100
61653 99
61663 99
61673 99
61683 99
61693 100
61703 100
61713 100
61723 100
61733 100
61743 100
61753 99
61763 100
61773 100
61783 100
61793 98
61803 100
61813 98
61823 99
61833 95
61843 99
61853 98
61863 100
61874 98
61885 97
61894 98
61904 98
61915 97
61925 98
61934 98
61945 98
61955 98
61965 97
61975 98
61986 97
61995 98
62006 97
62016 98
62026 98
62036 97
62045 98
62056 98
62066 97
62076 96
62086 96
62096 98
62106 96
62116 97
62126 97
62137 97
62147 97
62158 98
62168 98
62178 98
62188 97
62198 98
62207 97
62218 97
62228 98
62238 97
62248 97
62258 98
62268 97
62278 97
62289 98
62298 97
62309 97
62318 97
62328 98
62339 98
62348 96
62359 98
62369 99
62378 99
62389 97
62399 97
62409 99
62419 98
62429 98
62439 97
62450 96
62459 97
62470 96
62479 96
62491 97
62500 97
62511 96
62521 97
62531 97
62541 97
62550 96
62562 96
62571 97
62582 97
62592 98
62602 98
62612 97
62622 98
62632 98
62642 98
62652 98
62662 98
62672 98
62682 98
62692 98
62703 98
62712 96
62722 98
62733 98
62743 99
62753 99
62763 99
62773 98
62783 99
62793 98
62803 99
62813 99
62823 99
62833 98
62843 99
62853 99
62863 99
62874 97
62884 98
62893 99
62904 97
62914 98
62924 97
62934 98
62944 98
62955 98
62965 98
62974 97
62984 98
62995 97
63005 98
63015 96
63025 98
63035 98
63047 97
63056 97
63067 95
63077 97
63086 97
63097 98
63107 98
63117 98
63127 99
63137 99
63148 99
63158 97
63167 99
63178 98
63188 99
63198 98
63207 97
63218 99
63229 99
63239 98
63249 99
63258 99
63269 99
63279 99
63290 98
63299 98
63309 98
63319 98
63331 97
63340 99
63350 98
63360 99
63370 99
63380 99
63390 99
63401 99
63411 99
63421 99
63431 99
63440 99
63451 99
63460 99
63472 98
63482 99
63492 99
63502 97
63512 98
63522 98
63533 97
63542 98
63554 97
63564 97
63574 98
63583 98
63594 97
63604 98
63614 97
63623 98
63633 98
63644 98
63654 98
63665 97
63675 98
63684 98
63694 98
63705 98
63715 98
63726 99
63736 99
63746 100
63756 99
63766 99
63776 100
63786 99
63796 99
63806 100
63816 100
63826 100
63836 100
63846 100
63856 98
63866 99
63877 98
63887 98
63896 97
63906 99
63917 99
63926 100
63937 99
63947 97
63957 99
63968 95
63978 97
63988 97
63998 97
64008 96
64019 97
64028 97
64039 97
64049 96
64059 96
64069 97
64079 96
64089 97
64099 97
64109 97
64120 97
64130 97
64139 97
64149 96
64160 97
64170 97
64180 97
64191 97
64200 97
64210 97
64221 97
64231 98
64241 99
64252 98
64261 98
64271 98
64281 99
64291 99
64301 98
64312 98
64321 98
64331 98
64341 97
64352 97
64362 98
64373 97
64384 99
64393 98
64404 100
64414 100
64424 100
64434 100
64444 100
64454 99
64464 100
64474 100
64484 100
64494 100
64504 99
64514 99
64524 98
64534 99
64545 99
64555 99
64565 97
64574 99
64585 99
64595 98
64605 98
64615 97
64626 96
64636 97
64647 98
64657 98
64665 98
64677 98
64687 98
64697 98
64706 97
64717 98
64727 97
64737 98
64747 97
64757 98
64768 97
64778 97
64787 98
64797 97
64807 97
64817 96
64827 97
64838 98
64848 98
64859 98
64869 98
64878 98
64888 98
64898 98
64909 98
64919 97
64929 98
64939 98
64950 98
64959 97
64969 98
64979 98
64990 99
65000 99
65010 99
65020 98
65030 99
65040 99
65050 98
65060 98
65070 99
65080 99
65090 99
65100 99
65111 97
65120 97
65130 97
65141 97
65152 96
65160 97
65170 96
65181 97
65191 97
65202 97
65212 97
65221 97
65230 98
65242 97
65252 96
65262 97
65271 95
65281 97
65292 96
65301 96
65313 97
65323 97
65332 97
65343 98
65353 98
65363 97
65373 97
65383 98
65394 97
65404 99
65414 99
65423 99
65434 99
65444 98
65454 98
65464 99
65474 99
65484 98
65494 99
65504 98
65515 98
65524 98
65535 98
65545 99
65556 98
65565 99
65575 99
65586 99
65596 99
65606 99
65616 99
65625 99
65636 97
65646 97
65656 97
65666 98
65676 97
65686 97
65696 98
65705 98
65716 97
65727 96
65736 97
65746 96
65758 97
65768 98
65778 98
65788 98
65798 98
65808 97
65818 98
65828 97
65838 98
65848 98
65859 98
65869 99
65879 98
65889 99
65899 98
65909 98
65919 99
65929 98
65939 99
65949 98
65959 99
65969 100
65979 98
65989 100
65999 99
66009 99
66019 100
66029 99
66039 100
66050 99
66059 99
66070 99
66080 99
66090 99
66100 98
66110 99
66120 99
66130 98
66139 99
66150 97
66160 99
66171 96
66180 98
66190 99
66201 97
66210 98
66221 97
66230 97
66240 97
66252 96
66261 97
66271 96
66281 97
66291 97
66302 95
66311 96
66321 95
66332 95
66342 96
66351 96
66362 95
66372 96
66381 96
66392 96
66402 96
66413 97
66423 97
66433 97
66444 98
66454 98
66463 97
66474 98
66484 98
66494 98
66504 97
66514 98
66524 97
66534 98
66545 98
66554 98
66564 98
66575 99
66585 99
66595 99
66605 99
66616 99
66625 99
66635 99
66646 99
66655 99
66666 99
66675 98
66685 98
66696 99
66706 99
66716 99
66726 99
66736 100
66747 98
66756 100
66766 99
66777 99
66787 99
66796 100
66807 100
66817 100
66827 100
66837 99
66847 99
66857 100
66868 98
66877 100
66887 99
66897 98
66908 98
66917 98
66929 98
66938 99
66948 98
66958 99
66968 98
66979 99
66989 99
66999 99
67010 98
67020 99
67030 98
67041 99
67051 99
67060 98
67070 99
67081 99
67091 98
67102 98
67111 98
67121 99
67131 98
67141 97
67152 96
67161 98
67171 98
67182 97
67192 98
67202 97
67212 96
67222 98
67232 98
67242 96
67252 96
67262 96
67272 97
67282 97
67294 96
67304 97
67314 97
67324 96
67334 96
67344 97
67354 97
67364 96
67375 97
67384 95
67395 97
67404 96
67414 97
67424 96
67435 97
67445 97
67454 97
67465 98
67475 98
67485 98
67495 97
67505 98
67514 97
67525 97
67535 99
67545 98
67555 98
67565 98
67575 97
67587 98
67597 98
67607 98
67617 99
67627 99
67637 99
67647 99
67657 99
67667 98
67677 98
67687 99
67697 99
67707 98
67718 99
67727 99
67738 99
67747 99
67757 99
67768 98
67778 99
67788 98
67797 99
67808 99
67818 99
67828 99
67838 97
67848 99
67859 97
67869 97
67879 97
67890 97
67900 98
67910 98
67920 98
67930 97
67941 99
67951 100
67961 99
67971 99
67981 99
67991 100
68001 98
68011 100
68021 100
68031 100
68041 97
68051 99
68061 99
68071 100
68081 99
68091 99
68101 100
68112 99
68122 98
68132 99
68142 99
68153 98
68163 98
68173 99
68183 98
68193 98
68203 98
68213 98
68223 98
68233 98
68243 98
68254 97
68263 98
68273 97
68284 98
68293 99
68304 97
68314 95
68324 98
68334 98
68344 98
68354 98
68365 97
68375 97
68384 96
68394 97
68405 97
68415 97
68425 97
68437 97
68445 96
68457 97
68467 98
68476 97
68487 97
68497 98
68507 98
68518 98
68526 97
68538 99
68547 99
68558 98
68568 99
68578 98
68588 96
68598 98
68609 98
68618 98
68629 99
68638 99
68649 99
68659 99
68669 99
68679 99
68689 98
68699 99
68709 99
68720 97
68730 96
68740 97
68751 97
68760 98
68769 97
68780 97
68790 97
68801 97
68812 99
68822 99
68832 98
68842 98
68852 99
68862 98
68872 99
68882 98
68892 98
68902 98
68912 99
68922 97
68932 99
68942 98
68953 98
68963 98
68972 98
68983 98
68994 98
69003 99
69014 98
69024 99
69034 99
69044 99
69053 99
69064 98
69073 98
69084 99
69094 95
69104 97
69114 99
69124 99
69134 96
69144 99
69154 99
69164 98
69174 98
69184 97
69194 96
69204 99
69215 95
69224 97
69236 97
69246 97
69256 98
69266 98
69275 97
69285 97
69296 97
69307 97
69316 97
69326 98
69336 98
69346 98
69356 97
69366 98
69376 98
69386 97
69396 98
69406 96
69417 97
69426 97
69438 95
69447 96
69459 96
69469 97
69479 97
69489 95
69499 97
69507 97
69519 98
69529 98
69539 98
69549 98
69559 97
69569 97
69579 97
69589 97
69600 97
69609 98
69619 98
69629 98
69639 97
69650 97
69659 97
69670 97
69679 96
69690 97
69700 97
69709 98
69720 96
69729 98
69740 97
69750 97
69760 97
69770 97
69780 95
69789 96
69800 96
69810 97
69819 97
69831 95
69840 97
69851 97
69861 97
69870 97
69881 98
69891 97
69901 98
69911 98
69921 98
69931 99
69941 99
69951 97
69961 99
69971 99
69981 98
69992 100
70002 100
70012 100
70022 98
70031 99
70042 99
70052 99
70063 98
70073 97
70083 98
70093 96
70104 96
70113 97
70123 97
70134 97
70144 97
70153 98
70164 97
70174 96
70184 97
70195 97
70204 97
70214 97
70225 98
70235 99
70244 97
70255 99
70264 98
70275 99
70285 99
70294 98
70305 100
70316 99
70326 100
70336 100
70346 100
70356 100
70366 99
70376 100
70386 100
70397 97
70407 96
70417 99
70427 99
70437 99
70446 99
70458 98
70467 99
70478 98
70488 97
70498 98
70507 98
70518 97
70528 98
70538 97
70548 97
70559 97
70569 98
70579 97
70589 99
70599 98
70609 99
70619 98
70630 97
70639 97
70649 97
70659 99
70671 94
70679 97
70689 99
70699 98
70709 96
70721 96
70730 97
70741 96
70750 96
70760 96
70771 97
70781 96
70791 97
70801 97
70812 97
70821 95
70831 96
70843 97
70852 98
70862 98
70873 97
70882 98
70893 98
70903 97
70912 98
70922 98
70933 98
70942 98
70953 98
70962 98
70973 96
70983 97
70993 98
71003 98
71013 98
71023 98
71033 98
71043 97
71054 98
71063 98
71074 98
71083 98
71093 98
71104 98
71114 98
71125 98
71135 99
71145 99
71155 99
71164 99
71175 98
71185 98
71196 98
71205 98
71216 98
71226 98
71236 98
71246 96
71255 99
71265 96
71276 98
71285 98
71296 98
71305 98
71316 98
71326 97
71336 97
71346 97
71356 98
71366 96
71376 98
71386 97
71396 96
71406 96
71418 96
71427 96
71436 97
71448 97
71456 98
71468 97
71477 97
71487 97
71498 97
71508 96
71518 97
71528 97
71538 96
71548 96
71559 97
71569 98
71578 96
71589 98
71599 98
71609 98
71619 98
71629 98
71640 99
71650 99
71660 99
71670 99
71680 99
71690 99
71701 100
71711 100
71721 100
71731 100
71741 100
71751 100
71761 98
71771 100
71781 99
71791 99
71801 100
71811 100
71821 100
71831 99
71841 99
71852 99
71862 98
71872 100
71882 100
71892 99
71902 99
71913 99
71922 100
71933 99
71943 98
71953 98
71964 96
71972 97
71983 97
71993 98
72003 99
72013 98
72024 97
72034 98
72044 97
72054 98
72064 96
72074 97
72084 97
72096 98
72105 97
72116 98
72126 98
72136 98
72145 98
72156 98
72166 98
72177 99
72187 98
72196 98
72207 98
72217 97
72227 97
72237 99
72248 100
72258 100
72268 100
72278 99
72288 98
72298 99
72308 100
72319 99
72329 98
72338 99
72348 99
72359 99
72369 99
72379 98
72388 99
72398 99
72409 99
72419 99
72429 98
72439 98
72449 98
72459 98
72469 97
72479 98
72489 99
72500 97
72511 96
72519 99
72531 97
72541 97
72552 98
72562 98
72572 97
72582 99
72591 98
72602 98
72612 97
72622 97
72632 99
72642 98
72652 98
72662 99
72672 99
72682 97
72692 97
72702 98
72712 97
72722 98
72732 98
72742 97
72752 95
72762 96
72772 97
72783 97
72792 96
72802 97
72813 96
72823 98
72833 96
72843 95
72853 96
72863 98
72873 98
72883 96
72894 95
72904 97
72914 96
72925 97
72934 97
72945 97
72956 98
72966 98
72976 98
72986 99
72996 99
73006 98
73017 98
73027 99
73037 99
73047 99
73057 98
73067 99
73077 99
73087 98
73097 98
73106 99
73117 99
73126 98
73137 99
73147 99
73157 99
73168 98
73177 99
73188 99
73197 98
73208 99
73218 99
73227 99
73238 99
73248 98
73258 99
73268 99
73278 98
73288 99
73298 97
73308 98
73319 97
73329 95
73338 98
73349 97
73359 98
73368 97
73379 98
73389 98
73399 98
73409 97
73419 97
73429 97
73439 96
73450 95
73460 97
73470 95
73479 97
73490 97
73500 97
73511 96
73521 97
73532 98
73542 98
73551 98
73561 98
73572 99
73582 99
73592 99
73602 99
73612 99
73622 99
73632 99
73642 99
73652 98
73662 99
73672 98
73682 98
73692 99
73702 99
73712 99
73722 98
73732 99
73743 99
73753 98
73763 99
73773 98
73783 99
73793 98
73803 99
73813 97
73823 96
73833 98
73843 98
73853 99
73863 98
73873 98
73883 98
73893 99
73903 98
73913 99
73923 97
73934 96
73944 98
73954 98
73964 95
73974 96
73984 96
73994 96
74005 96
74015 95
74025 96
74035 94
74046 96
74056 97
74066 97
74076 97
74086 97
74097 98
74107 97
74117 98
74127 98
74137 98
74147 98
74157 98
74167 97
74177 98
74188 97
74198 97
74208 98
74217 98
74227 98
74238 98
74247 98
74258 98
74268 98
74278 98
74288 98
74298 98
74307 98
74318 98
74329 97
74339 97
74348 96
74358 98
74369 97
74378 98
74388 96
74398 96
74409 96
74419 98
74429 98
74438 98
74449 98
74458 97
74469 98
74478 98
74490 98
74499 97
74510 98
74519 97
74530 98
74541 98
74551 98
74560 98
74571 99
74580 98
74591 99
74601 99
74611 99
74621 99
74631 99
74641 99
74651 99
74661 99
74671 99
74681 99
74691 99
74701 99
74711 98
74721 98
74732 99
74741 99
74751 99
74762 99
74771 99
74781 98
74792 98
74802 98
74812 99
74822 98
74832 98
74842 99
74852 99
74863 98
74872 99
74881 99
74893 98
74902 98
74913 98
74923 98
74934 97
74943 98
74953 98
74963 98
74973 98
74983 98
74994 97
75004 97
75014 98
75024 98
75034 97
75043 98
75053 98
75064 97
75074 98
75085 99
75095 100
75105 100
75115 100
75125 99
75135 100
75145 100
75155 98
75165 100
75176 96
75186 96
75195 100
75206 99
75216 98
75226 99
75236 99
75247 96
75256 98
75266 98
75276 98
75287 97
75297 95
75308 97
75318 98
75327 98
75337 98
75348 99
75358 98
75368 99
75378 99
75388 99
75399 99
75409 100
75419 99
75428 99
75439 98
75449 100
75459 97
75469 100
75479 100
75489 100
75500 97
75509 99
75519 98
75530 97
75539 99
75550 99
75560 99
75570 100
75581 100
75591 100
75601 99
75611 100
75620 99
75631 100
75641 98
75651 98
75663 97
75672 97
75683 97
75692 97
75702 96
75713 97
75723 95
75732 97
75743 96
75753 97
75763 96
75773 96
75783 97
75794 97
75804 98
75814 97
75824 98
75835 98
75844 97
75855 99
75865 99
75875 98
75885 99
75895 100
75905 100
75915 100
75925 100
75935 100
75945 100
75955 98
75966 98
75976 98
75985 99
75997 99
76006 98
76016 99
76027 99
76037 99
76046 99
76057 98
76067 99
76077 99
76087 99
76097 99
76108 100
76118 100
76128 100
76138 100
76148 100
76158 98
76168 100
76178 95
76189 96
76198 99
76208 98
76219 98
76228 97
76238 98
76249 98
76259 99
76269 99
76279 99
76290 98
76301 98
76311 98
76321 98
76330 98
76342 98
76352 97
76361 98
76372 98
76381 98
76392 99
76402 98
76412 99
76423 97
76432 98
76442 98
76453 97
76463 98
76473 98
76483 97
76494 98
76504 99
76514 98
76524 99
76534 98
76544 98
76554 99
76564 99
76575 98
76584 99
76595 99
76605 98
76615 100
76625 100
76635 100
76645 99
76655 99
76665 100
76675 99
76685 99
76695 99
76705 99
76715 99
76726 99
76736 99
76746 99
76756 97
76766 98
76776 99
76787 96
76796 99
76806 99
76816 97
76826 98
76837 97
76846 97
76858 95
76867 95
76878 95
76887 97
76897 96
76907 96
76917 96
76927 96
76939 96
76949 96
76959 97
76969 97
76979 97
76989 97
76999 97
77009 96
77019 97
77029 97
77039 97
77050 97
77059 97
77069 97
77079 97
77090 98
77100 98
77110 97
77120 98
77130 98
77140 98
77150 99
77160 99
77170 98
77180 99
77191 99
77200 99
77211 99
77220 99
77230 99
77241 99
77250 99
77261 98
77271 99
77281 99
77291 97
77301 98
77312 98
77321 99
77331 98
77341 98
77352 98
77361 99
77371 97
77381 98
77392 97
77401 98
77412 96
77422 97
77432 98
77443 97
77452 98
77463 97
77473 97
77482 98
77493 97
77503 98
77513 97
77523 97
77533 98
77543 98
77553 98
77564 97
77574 96
77583 98
77594 97
77604 98
77615 99
77625 98
77635 99
77645 98
77656 100
77666 100
77676 100
77686 100
77696 100
77706 100
77716 100
77726 100
77736 99
77746 100
77756 98
77766 99
77776 100
77786 100
77796 98
77807 98
77816 99
77826 99
77836 100
77847 98
77857 96
77867 98
77877 98
77888 97
77897 98
77907 96
77917 97
77927 97
77937 98
77949 98
77959 98
77969 97
77979 98
77989 98
77999 98
78009 98
78019 98
78029 97
78039 98
78049 98
78059 98
78069 97
78079 98
78089 98
78099 98
78110 98
78120 98
78130 98
78140 97
78150 98
78160 98
78170 98
78180 96
78190 97
78200 97
78210 98
78220 97
78230 97
78240 96
78250 94
78260 96
78270 95
78281 95
78291 96
78300 95
78303 95
78312 96
78322 96
78333 98
78343 96
78353 97
78363 98
78373 97
78383 98
78393 98
78403 96
78413 97
78423 99
78433 99
78443 98
78453 99
78463 99
78473 99
78483 99
78494 99
78504 99
78514 100
78524 100
78534 100
78544 100
78554 100
78564 100
78574 100
78584 99
78594 100
78604 100
78614 100
78624 100
78635 99
78644 99
78654 99
78664 99
78674 100
78684 99
78695 98
78705 100
78715 100
78725 100
78735 99
78745 100
78755 98
78765 98
78775 96
78785 99
78795 98
78805 96
78815 98
78825 98
78835 100
78845 96
78855 96
78866 95
78877 94
78885 95
78897 94
78906 95
78916 96
78926 97
78937 96
78947 96
78956 96
78966 96
78977 96
78986 95
78997 96
79008 96
79017 96
79028 96
79038 95
79048 96
79059 97
79069 98
79079 99
79089 99
79099 98
79109 99
79119 98
79129 99
79139 99
79149 98
79159 100
79169 100
79180 99
79190 99
79200 99
79209 98
79220 98
79231 98
79240 98
79250 98
79260 99
79271 99
79281 99
79291 99
79301 99
79311 98
79321 96
79331 97
79341 99
79351 97
79362 96
79371 97
79381 96
79393 96
79403 96
79411 98
79422 96
79434 97
79442 96
79454 96
79464 99
79474 97
79484 99
79494 100
79504 99
79514 98
79524 100
79534 100
79544 98
79554 98
79564 98
79574 99
79584 100
79594 99
79604 100
79614 100
79624 100
79634 100
79644 100
79654 99
79665 98
79674 97
79685 98
79695 98
79705 98
79715 98
79724 97
79735 98
79746 97
79755 97
79765 98
79776 98
79786 98
79795 97
79806 98
79816 98
79826 98
79836 98
79846 97
79856 98
79866 97
79876 97
79887 96
79896 99
79906 97
79916 98
79926 96
79936 98
79947 97
79956 97
79966 97
79977 97
79987 97
79997 96
80007 95
80018 95
80027 96
80039 96
80049 96
80059 97
80067 95
80079 97
80089 97
80099 96
80109 97
80119 96
80129 97
80139 97
80149 97
80159 97
80169 96
80179 96
80189 96
80199 97
80210 95
80220 96
80229 96
80239 97
80250 97
80259 97
80269 97
80279 97
80289 97
80300 97
80310 97
80320 96
80330 96
80340 97
80349 97
80360 97
80370 97
80380 95
80390 96
80399 95
80411 97
80421 97
80431 98
80441 97
80451 99
80461 99
80471 98
80481 99
80491 99
80501 99
80511 99
80521 98
80531 98
80542 100
80552 100
80562 100
80572 99
80582 100
80592 100
80602 98
80612 99
80623 99
80633 100
80643 100
80653 100
80663 99
80673 99
80683 99
80693 100
80704 98
80715 97
80725 98
80735 99
80745 99
80755 99
80765 99
80775 99
80785 98
80796 98
80805 99
80816 99
80826 98
80836 99
80846 100
80856 100
80866 99
80876 99
80887 98
80896 99
80907 99
80917 97
80928 97
80937 99
80949 98
80959 98
80969 98
80979 97
80989 97
80999 98
81009 98
81019 98
81029 98
81039 97
81050 98
81060 99
81070 99
81080 100
81090 99
81100 99
81110 100
81120 99
81130 98
81140 100
81150 100
81160 99
81171 99
81180 99
81190 100
81201 99
81211 99
81220 99
81231 99
81241 99
81251 99
81261 98
81271 98
81282 97
81292 98
81302 98
81312 97
81322 97
81333 97
81343 98
81353 98
81364 100
81374 100
81384 100
81394 100
81404 100
81414 99
81424 100
81434 98
81444 100
81454 99
81465 99
81475 100
81485 100
81495 98
81505 100
81515 97
81525 97
81536 98
81546 98
81556 96
81566 98
81575 99
81586 97
81597 97
81606 98
81616 98
81626 98
81636 97
81646 98
81657 96
81667 97
81678 96
81687 97
81698 98
81708 97
81719 98
81728 98
81739 98
81748 98
81759 99
81769 98
81778 97
81789 99
81798 98
81809 98
81819 98
81829 99
81839 96
81849 97
81859 96
81869 98
81879 97
81891 98
81900 97
81911 98
81921 98
81931 98
81941 98
81951 98
81962 98
81971 98
81982 99
81991 98
82002 99
82012 99
82022 99
82032 97
82042 100
82052 99
82062 100
82072 100
82082 100
82092 98
82103 99
82112 100
82122 100
82132 100
82143 99
82152 100
82162 99
82172 99
82183 99
82193 99
82203 98
82213 99
82224 98
82233 98
82244 98
82254 98
82264 99
82274 99
82284 99
82294 98
82304 98
82314 99
82325 99
82335 99
82345 99
82355 99
82365 98
82376 99
82386 98
82396 96
82406 99
82416 99
82426 98
82436 98
82446 100
82457 97
82466 98
82476 97
82487 98
82497 98
82507 96
82518 96
82527 97
82537 97
82547 96
82558 96
82568 97
82578 97
82587 97
82597 98
82608 97
82618 96
82628 97
82639 96
82648 96
82659 96
82668 96
82679 95
82690 96
82700 96
82711 97
82721 97
82731 97
82741 98
82751 99
82761 99
82771 98
82781 97
82791 99
82800 97
82811 98
82821 98
82831 99
82841 98
82851 99
82861 98
82872 98
82881 99
82892 99
82902 99
82911 99
82921 98
82932 99
82942 98
82952 99
82962 99
82972 98
82983 99
82993 99
83003 99
83012 98
83023 98
83033 98
83043 99
83053 99
83064 99
83074 99
83084 99
83094 99
83104 99
83114 99
83125 99
83135 98
83144 99
83155 96
83164 99
83175 99
83184 99
83195 99
83205 99
83215 99
83225 99
83235 98
83245 98
83256 98
83266 98
83276 99
83286 98
83296 98
83307 99
83317 99
83327 99
83338 99
83348 99
83358 98
83368 99
83378 99
83388 97
83398 98
83408 98
83418 99
83429 97
83438 98
83448 99
83459 97
83469 97
83478 96
83489 96
83500 98
83510 98
83519 98
83530 98
83540 99
83550 99
83560 99
83570 98
83580 99
83590 99
83600 98
83610 99
83620 98
83630 98
83641 98
83651 98
83661 99
83671 99
83681 99
83691 98
83701 96
83711 99
83721 97
83731 99
83741 98
83752 97
83763 98
83772 97
83781 97
83793 98
83803 98
83812 97
83823 98
83833 98
83843 97
83853 96
83863 98
83873 98
83883 97
83893 98
83903 98
83913 97
83923 97
83934 98
83943 98
83954 98
83964 98
83974 98
83984 98
83994 98
84004 97
84015 97
84024 97
84034 97
84044 97
84055 97
84064 97
84075 96
84085 97
84095 97
84105 97
84115 98
84125 98
84135 96
84145 97
84155 96
84165 95
84175 95
84185 95
84196 96
84205 98
84216 96
84227 96
84236 97
84247 97
84256 97
84267 96
84277 96
84286 98
84297 98
84307 98
84318 98
84327 98
84337 98
84347 98
84357 98
84368 99
84378 98
84388 98
84398 98
84408 98
84418 97
84428 99
84438 98
84448 99
84458 98
84468 99
84478 99
84488 98
84498 97
84508 97
84519 97
84528 98
84539 97
84549 98
84558 97
84569 98
84579 98
84589 97
84599 96
84611 97
84619 96
84630 97
84640 97
84650 97
84660 97
84671 97
84680 97
84690 96
84701 98
84711 97
84721 98
84731 95
84741 98
84751 97
84761 97
84771 98
84781 98
84792 98
84801 98
84812 98
84822 99
84832 97
84842 98
84852 99
84863 99
84872 98
84882 98
84893 99
84903 99
84913 99
84924 100
84934 100
84944 100
84954 100
84964 99
84974 100
84984 100
84995 99
85005 99
85014 99
85024 98
85035 98
85045 99
85056 98
85066 98
85075 97
85085 99
85096 98
85106 97
85116 98
85126 98
85137 96
85147 95
85157 97
85168 97
85177 97
85187 97
85198 98
85208 98
85218 98
85228 99
85238 98
85248 97
85258 99
85268 95
85278 99
85289 96
85299 97
85308 98
85318 99
85328 98
85339 97
85348 96
85359 97
85368 98
85380 96
85388 96
85400 97
85410 96
85420 97
85430 97
85440 97
85451 98
85460 97
85470 97
85481 98
85490 97
85501 98
85510 97
85520 97
85530 97
85541 97
85551 98
85561 98
85571 98
85581 98
85591 97
85601 98
85611 99
85621 98
85632 97
85641 97
85652 97
85661 98
85671 97
85681 97
85691 96
85702 96
85712 97
85722 98
85732 97
85743 96
85752 98
85762 98
85772 98
85783 98
85793 98
85803 96
85813 99
85823 97
85833 96
85843 96
85853 98
85863 98
85874 98
85884 98
85893 98
85904 98
85915 98
85925 98
85934 98
85945 98
85955 98
85965 98
85975 97
85984 97
85995 98
86005 97
86015 98
86024 96
86035 97
86045 98
86055 97
86065 97
86075 98
86086 97
86095 98
86105 98
86115 98
86125 97
86136 97
86146 97
86156 97
86165 97
86176 97
86186 97
86196 97
86206 97
86216 97
86227 96
86238 98
86248 99
86258 98
86268 99
86278 99
86288 99
86298 99
86308 97
86318 98
86329 98
86339 97
86348 98
86359 98
86369 99
86379 98
86389 99
86399 99
86409 100
86419 99
86429 100
86439 100
86449 100
86458 99
86469 100
86479 98
86489 99
86499 99
86509 97
86519 100
86529 100
86539 98
86550 99
86560 99
86570 97
86580 98
86590 98
86600 98
86610 97
86621 97
86630 99
86642 99
86652 99
86662 99
86671 98
86682 99
86692 99
86702 99
86712 98
86722 99
86732 99
86742 98
86752 99
86762 99
86772 98
86782 99
86792 99
86803 99
86813 98
86823 98
86833 98
86844 99
86854 100
86864 99
86874 99
86884 99
86894 97
86904 99
86915 99
86925 99
86935 98
86945 99
86956 97
86966 97
86975 97
86985 96
86995 99
87005 96
87015 98
87027 97
87036 97
87046 97
87057 97
87068 98
87078 98
87088 97
87098 98
87106 97
87118 98
87128 98
87138 98
87148 96
87158 98
87169 98
87179 97
87188 98
87199 98
87209 98
87219 97
87228 98
87239 98
87248 98
87258 98
87269 98
87279 99
87290 99
87300 100
87310 100
87319 98
87330 100
87340 100
87349 99
87360 99
87370 99
87380 97
87390 100
87400 100
87410 100
87420 99
87430 98
87440 100
87450 100
87460 100
87471 98
87481 99
87491 98
87501 97
87511 99
87521 98
87532 98
87542 98
87551 98
87561 96
87572 98
87582 97
87592 95
87602 98
87612 97
87622 99
87632 98
87642 99
87652 99
87662 98
87673 98
87683 98
87693 97
87703 98
87713 99
87723 99
87734 99
87744 99
87754 99
87764 98
87774 99
87785 99
87795 99
87805 96
87815 99
87825 99
87835 99
87845 98
87855 98
87865 99
87875 98
87886 97
87896 97
87906 98
87915 99
87926 98
87936 98
87946 99
87956 99
87966 96
87976 98
87986 98
87996 99
88007 97
88017 98
88026 98
88037 98
88046 98
88057 97
88068 96
88077 97
88087 96
88097 97
88109 96
88118 97
88128 97
88138 97
88149 98
88159 99
88169 99
88179 99
88189 98
88199 98
88209 99
88219 98
88229 99
88239 98
88250 99
88260 100
88270 99
88280 99
88290 100
88300 98
88310 99
88321 98
88330 100
88340 98
88351 98
88361 98
88371 99
88381 99
88391 99
88402 98
88411 99
88421 99
88432 97
88441 98
88452 98
88463 97
88472 96
88482 96
88492 98
88503 96
88512 97
88522 97
88533 98
88542 98
88554 98
88563 98
88574 99
88584 98
88594 99
88604 100
88614 99
88624 100
88634 100
88644 98
88654 100
88664 100
88674 99
88684 98
88694 99
88704 100
88714 99
88725 98
88735 99
88744 100
88755 98
88766 99
88775 98
88786 99
88796 97
88806 99
88817 99
88827 99
88837 98
88846 99
88856 98
88866 99
88876 99
88887 99
88897 99
88907 99
88917 99
88927 99
88936 99
88947 99
88956 99
88967 99
88977 98
88987 99
88997 98
89007 100
89017 100
89027 98
89038 99
89048 99
89058 97
89068 98
89077 99
89088 98
89098 98
89109 98
89119 98
89128 98
89138 97
89149 96
89159 98
89170 97
89179 98
89190 98
89200 98
89210 97
89220 97
89230 98
89239 98
89250 98
89260 98
89270 98
89280 98
89290 97
89300 96
89311 97
89320 97
89331 96
89340 98
89350 97
89360 97
89371 97
89381 95
89391 97
89402 96
89412 96
89422 97
89433 98
89443 97
89453 98
89463 98
89473 98
89483 98
89493 98
89503 98
89513 99
89523 98
89533 99
89543 99
89553 98
89564 98
89574 99
89583 99
89594 99
89604 99
89614 99
89624 99
89634 99
89644 99
89654 98
89665 97
89674 97
89685 98
89695 98
89705 97
89715 98
89725 98
89735 96
89745 98
89755 98
89767 98
89775 97
89787 97
89796 98
89806 98
89817 97
89827 98
89837 97
89847 98
89857 97
89867 98
89877 99
89888 100
89897 99
89908 100
89918 100
89928 100
89938 98
89948 99
89958 100
89968 98
89978 100
89989 98
89998 98
90009 97
90019 98
90028 98
90039 97
90049 96
90059 96
90069 98
90079 97
90090 96
90100 97
90110 96
90121 98
90131 96
90141 98
90150 97
90162 97
90172 98
90182 99
90192 99
90202 99
90212 99
90222 99
90232 99
90241 98
90252 99
90262 98
90272 99
90281 97
90291 99
90302 99
90312 99
90322 99
90332 97
90342 98
90352 99
90362 99
90372 99
90382 100
90392 98
90403 97
90412 98
90423 97
90432 97
90442 99
90453 95
90462 97
90474 96
90483 97
90493 96
90504 97
90514 97
90524 97
90534 96
90545 98
90555 97
90565 98
90575 99
90585 99
90595 98
90605 99
90615 100
90625 100
90635 98
90645 100
90655 100
90665 100
90675 100
90685 99
90695 99
90705 100
90715 99
90725 99
90735 100
90745 100
90755 100
90765 99
90775 100
90785 100
90796 99
90805 100
90815 100
90825 98
90836 99
90846 98
90856 99
90866 97
90876 99
90886 98
90897 97
90907 98
90917 98
90926 98
90937 97
90947 97
90956 99
90967 97
90977 97
90987 97
90997 98
91008 97
91018 98
91028 98
91038 98
91049 99
91059 99
91069 99
91079 99
91089 99
91099 99
91109 98
91120 100
91130 100
91140 98
91150 97
91160 100
91170 99
91180 98
91190 100
91200 99
91210 100
91220 97
91230 97
91240 100
91250 98
91261 98
91271 97
91281 98
91291 99
91302 98
91312 99
91322 99
91332 98
91342 96
91352 98
91362 99
91373 96
91382 98
91392 97
91402 98
91413 98
91423 98
91432 96
91443 98
91453 97
91463 95
91475 95
91483 96
91494 95
91505 96
91513 96
91525 96
91534 95
91544 96
91554 96
91566 96
91575 96
91585 96
91596 96
91605 96
91616 96
91625 97
91636 97
91645 97
91655 96
91665 98
91675 97
91686 98
91696 97
91706 98
91716 97
91726 98
91736 98
91746 97
91757 97
91767 99
91776 99
91786 99
91797 98
91807 99
91817 98
91827 99
91837 99
91847 99
91857 98
91867 99
91877 99
91888 99
91897 99
91908 99
91918 99
91929 99
91939 99
91949 99
91958 99
91969 99
91979 98
91989 99
91999 99
92009 98
92020 98
92030 98
92040 97
92051 97
92060 98
92070 98
92080 96
92091 97
92101 97
92112 98
92122 98
92132 98
92142 98
92152 98
92162 97
92172 98
92182 97
92192 98
92203 98
92213 98
92223 98
92233 99
92243 99
92253 100
92263 100
92273 100
92283 100
92293 100
92304 99
92314 99
92323 99
92334 98
92344 97
92354 99
92364 97
92374 99
92384 100
92394 100
92404 100
92414 100
92424 99
92434 98
92446 98
92455 99
92466 98
92475 98
92485 97
92496 98
92507 98
92517 99
92527 99
92537 99
92547 99
92557 99
92567 99
92577 97
92588 98
92598 99
92608 99
92619 99
92629 99
92639 99
92649 99
92659 99
92669 98
92679 99
92689 98
92699 99
92709 99
92720 98
92730 98
92740 99
92750 99
92760 99
92770 99
92780 99
92791 96
92800 100
92810 99
92820 98
92830 98
92841 98
92851 97
92861 96
92871 97
92880 98
92890 99
92900 97
92911 98
92922 97
92932 97
92943 98
92953 98
92963 98
92973 98
92983 98
92993 95
93003 99
93013 96
93023 99
93034 99
93043 99
93054 100
93064 100
93075 97
93084 98
93094 98
93105 97
93115 98
93125 96
93135 97
93145 98
93155 97
93165 97
93175 97
93185 97
93195 95
93205 94
93215 97
93226 95
93236 96
93246 96
93258 98
93268 98
93278 96
93288 99
93298 98
93308 99
93318 99
93328 98
93338 99
93348 97
93358 99
93368 97
93378 98
93388 97
93399 98
93408 98
93419 97
93429 99
93439 99
93449 99
93458 99
93469 99
93479 97
93488 99
93498 98
93509 99
93518 99
93528 99
93539 98
93549 98
93560 98
93569 98
93579 97
93590 98
93599 98
93610 99
93619 98
93630 99
93640 98
93650 98
93660 98
93670 97
93680 99
93690 98
93700 99
93710 97
93721 98
93731 99
93741 99
93751 99
93762 95
93770 97
93781 99
93791 98
93801 98
93811 99
93821 98
93831 98
93842 98
93852 96
93862 98
93872 98
93882 96
93892 97
93902 96
93912 98
93923 97
93934 98
93944 99
93954 98
93964 98
93974 99
93984 99
93994 99
94004 98
94014 97
94024 98
94034 98
94044 99
94054 99
94064 98
94075 99
94084 99
94095 99
94105 99
94115 99
94125 99
94135 99
94145 99
94155 98
94165 100
94175 98
94185 99
94195 98
94205 98
94215 98
94225 98
94235 96
94245 97
94256 97
94266 96
94276 97
94287 96
94296 96
94307 97
94316 97
94326 98
94338 97
94348 97
94357 98
94367 98
94378 98
94387 97
94398 97
94408 99
94418 99
94428 99
94438 99
94449 100
94458 99
94469 100
94479 100
94489 99
94499 99
94509 96
94519 98
94530 98
94540 100
94550 100
94560 100
94571 98
94581 99
94591 99
94601 100
94611 99
94621 99
94631 100
94641 100
94651 100
94661 96
94671 99
94681 97
94691 96
94701 98
94711 99
94722 97
94731 96
94742 97
94751 98
94762 97
94772 95
94784 96
94794 97
94804 97
94814 98
94824 98
94834 97
94843 96
94854 98
94864 99
94874 96
94884 98
94894 99
94905 99
94914 99
94924 99
94934 99
94945 98
94955 97
94965 99
94975 98
94985 98
94995 98
95005 99
95015 99
95025 99
95035 98
95045 99
95055 99
95066 98
95075 99
95086 98
95096 97
95104 97
95116 98
95126 98
95136 98
95147 98
95157 97
95167 98
95177 98
95187 98
95197 98
95207 97
95217 98
95227 97
95238 98
95248 98
95257 98
95268 98
95278 98
95288 97
95298 98
95308 98
95318 98
95328 98
95339 98
95349 98
95359 98
95369 98
95379 98
95389 98
95399 98
95409 98
95419 98
95429 98
95439 97
95449 98
95459 98
95469 98
95479 97
95489 97
95499 98
95510 97
95520 97
95529 98
95541 98
95551 96
95561 96
95571 98
95581 98
95591 98
95601 97
95611 96
95621 97
95632 97
95641 97
95651 97
95662 98
95672 98
95682 98
95692 98
95702 98
95711 98
95722 98
95731 98
95742 97
95752 97
95761 98
95772 98
95782 98
95792 98
95802 98
95813 98
95822 98
95833 98
95843 98
95853 97
95864 98
95873 98
95884 98
95894 98
95904 98
95913 98
95922 98
95934 97
95944 96
95954 97
95964 99
95974 98
95984 99
95994 99
96005 97
96014 98
96024 98
96034 98
96044 97
96054 97
96064 98
96075 98
96084 98
96095 99
96105 99
96115 98
96125 98
96135 99
96145 99
96156 99
96166 99
96176 99
96186 99
96196 99
96206 99
96216 98
96226 98
96237 99
96247 98
96257 97
96267 98
96277 100
96287 98
96298 98
96307 98
96318 97
96327 96
96338 98
96348 96
96358 98
96368 98
96378 98
96388 97
96398 97
96408 97
96419 97
96429 96
96440 98
96450 98
96460 98
96470 97
96480 99
96490 99
96500 99
96510 99
96520 99
96531 99
96541 99
96551 98
96561 99
96571 98
96581 99
96591 98
96601 99
96611 99
96621 99
96631 99
96641 98
96652 99
96662 99
96672 99
96682 99
96693 99
96702 98
96712 99
96723 99
96733 99
96742 98
96753 98
96763 99
96774 98
96784 98
96794 96
96804 97
96814 98
96824 97
96834 97
96844 96
96854 98
96864 99
96875 99
96885 98
96895 98
96905 97
96915 98
96925 96
96935 96
96945 98
96956 98
96966 98
96975 97
96986 97
96996 97
97007 97
97017 98
97028 95
97037 98
97046 98
97058 98
97068 98
97078 96
97088 98
97097 98
97107 98
97118 98
97128 97
97138 98
97148 98
97158 97
97169 98
97179 97
97188 98
97198 98
97210 99
97220 98
97230 99
97240 98
97251 99
97261 99
97271 100
97281 98
97291 100
97301 100
97311 99
97321 99
97331 98
97341 99
97351 99
97361 99
97371 99
97381 99
97391 100
97402 99
97411 98
97421 99
97432 99
97442 99
97452 99
97462 99
97472 99
97482 99
97493 99
97504 99
97514 99
97524 99
97533 98
97544 98
97553 99
97564 99
97574 98
97584 99
97595 95
97605 98
97615 97
97625 98
97635 97
97644 97
97655 98
97666 97
97675 97
97686 97
97696 97
97706 98
97715 98
97727 98
97736 98
97747 98
97757 98
97766 97
97777 97
97787 97
97797 100
97807 99
97817 99
97828 99
97838 100
97848 100
97858 100
97868 99
97878 100
97889 98
97899 99
97909 99
97919 98
97929 96
97939 98
97950 97
97959 98
97969 98
97980 98
97990 97
98000 96
98010 99
98021 98
98030 99
98041 98
98051 97
98061 97
98071 99
98081 99
98092 97
98102 97
98111 98
98122 98
98132 98
98142 99
98152 97
98162 98
98172 99
98182 99
98192 99
98203 99
98213 99
98223 99
98233 98
98243 98
98253 99
98264 98
98274 98
98284 99
98294 99
98304 98
98314 99
98324 99
98335 95
98345 98
98355 97
98365 98
98375 98
98385 99
98395 99
98405 99
98415 96
98425 98
98435 98
98445 97
98455 99
98465 96
98476 96
98487 96
98496 95
98508 96
98515 96
98518 96
98526 96
98536 96
98548 97
98558 96
98566 96
98578 98
98588 98
98598 97
98608 98
98618 97
98628 98
98638 98
98648 98
98658 96
98669 99
98679 99
98689 99
98699 99
98709 99
98719 99
98729 99
98739 98
98749 99
98759 99
98770 98
98779 99
98790 99
98800 99
98810 99
98820 99
98829 98
98839 98
98850 97
98860 98
98870 97
98880 97
98890 97
98902 97
98912 98
98922 97
98932 98
98941 97
98952 98
98962 98
98972 97
98983 99
98993 100
99003 99
99013 99
99023 100
99033 100
99043 100
99053 100
99063 100
99073 100
99083 99
99093 99
99103 99
99113 99
99123 99
99133 99
99143 100
99154 97
99163 99
99174 98
99184 98
99195 98
99205 98
99215 97
99226 98
99234 99
99245 99
99257 97
99266 100
99276 100
99286 98
99296 99
99307 99
99317 100
99327 98
99337 97
99348 100
99357 100
99368 100
99378 100
99388 99
99398 99
99408 99
99419 99
99429 98
99439 99
99449 98
99459 97
99469 98
99479 99
99490 96
99499 98
99509 98
99519 99
99530 97
99541 98
99551 98
99561 97
99572 96
99581 98
99591 98
99601 97
99611 98
99621 96
99631 98
99642 99
99651 98
99662 99
99672 99
99682 99
99692 99
99702 98
99712 98
99722 98
99732 99
99742 98
99752 98
99762 99
99772 98
99783 98
99792 98
99803 98
99813 99
99824 99
99833 99
99844 98
99853 99
99863 98
99873 99
99884 99
99894 99
99904 98
99914 99
99924 97
99934 99
99944 98
99954 99
99964 98
99975 97
99984 98
99995 98
