15 15
18 13
25 16
28 13
35 16
38 13
45 16
48 14
55 16
58 14
62 15
65 15
68 14
72 15
75 14
78 14
82 16
85 14
88 14
92 16
95 14
98 14
102 15
105 14
108 14
112 15
115 15
118 14
122 15
125 14
128 14
132 15
138 15
142 15
145 15
148 15
155 15
158 15
165 15
168 15
175 16
178 15
185 16
188 15
195 16
198 15
205 16
208 15
215 17
218 15
225 18
228 15
235 18
238 15
245 18
248 15
255 18
258 14
265 18
268 14
275 18
278 14
285 17
288 14
295 17
298 14
305 17
308 14
315 17
318 15
325 17
328 15
335 17
338 15
345 17
348 16
355 17
358 16
365 17
368 16
375 17
378 16
385 17
388 16
395 16
398 16
405 16
408 16
415 16
418 16
425 16
428 16
435 16
438 16
445 16
448 16
455 16
458 16
465 16
468 16
475 16
478 16
488 16
492 14
498 16
502 14
508 16
512 14
518 17
522 14
528 17
532 14
538 17
548 17
558 17
568 17
578 16
588 15
592 14
598 15
602 14
608 15
612 14
618 15
622 14
628 15
632 14
638 15
642 14
648 15
658 15
665 16
668 16
672 15
678 15
682 14
686 15
692 14
696 15
702 14
708 15
712 15
718 15
722 15
728 15
732 16
738 15
742 16
748 14
752 16
758 14
762 16
768 14
772 16
778 14
782 18
788 14
792 17
798 14
802 17
808 14
812 17
816 14
822 17
826 15
832 16
836 15
842 16
846 15
852 16
856 15
862 16
866 15
872 16
876 15
882 16
886 15
892 16
896 15
902 15
906 15
912 15
916 16
922 15
926 17
932 15
936 17
942 16
946 17
952 16
956 17
962 16
966 16
972 16
976 16
982 16
986 16
992 16
996 16
998 15
1006 16
1008 15
1016 16
1018 15
1026 16
1028 15
1036 16
1038 15
1046 16
1048 15
1056 16
1062 15
1066 16
1072 15
1076 16
1082 15
1086 17
1092 15
1096 18
1102 14
1106 18
1112 14
1116 18
1122 14
1126 18
1132 14
1136 18
1142 14
1146 18
1152 14
1156 18
1162 14
1166 18
1172 14
1176 18
1182 14
1186 18
1192 14
1196 17
1202 14
1206 18
1212 14
1216 18
1222 14
1226 18
1232 12
1236 18
1242 12
1246 18
1252 11
1256 19
1262 11
1266 19
1272 11
1276 19
1282 12
1286 17
1292 12
1296 17
1302 12
1306 17
1312 12
1316 17
1322 12
1326 16
1332 12
1336 15
1342 12
1346 15
1352 12
1356 15
1358 12
1366 15
1368 12
1376 15
1379 11
1386 15
1389 11
1396 14
1399 11
1406 14
1412 12
1416 14
1419 11
1426 14
1429 11
1436 14
1439 11
1446 14
1456 14
1466 14
1476 14
1486 14
1496 13
1506 13
1516 13
1526 13
1538 13
1548 13
1558 13
1568 13
1573 11
1578 14
1583 11
1588 13
1593 11
1598 14
1600 11
1608 15
1618 15
1628 15
1630 11
1638 14
1640 11
1648 14
1650 11
1658 14
1660 11
1668 14
1673 11
1678 14
1683 11
1688 14
1693 12
1698 14
1703 11
1708 14
1713 11
1718 14
1723 11
1728 13
1738 13
1748 14
1759 14
1769 14
1779 14
1789 14
1799 14
1809 14
1819 14
1829 14
1839 14
1849 14
1853 10
1859 14
1862 10
1869 15
1872 10
1879 15
1882 10
1889 15
1892 10
1899 15
1902 11
1909 15
1912 11
1919 15
1922 11
1929 15
1932 11
1939 16
1942 12
1949 16
1952 12
1959 16
1962 12
1969 17
1972 12
1979 17
1982 12
1989 17
1992 11
1999 17
2004 11
2009 17
2010 11
2019 17
2020 11
2029 17
2030 11
2039 17
2040 11
2049 17
2050 11
2059 17
2060 11
2069 18
2074 11
2079 19
2080 11
2089 18
2090 11
2099 18
2100 11
2109 18
2110 11
2119 18
2120 11
2129 18
2134 11
2139 17
2140 11
2149 17
2150 11
2159 17
2160 11
2169 17
2174 11
2179 16
2184 11
2189 16
2194 11
2199 16
2204 11
2209 16
2214 11
2219 16
2224 11
2229 17
2234 11
2239 17
2244 11
2249 18
2254 11
2259 18
2264 11
2269 18
2274 11
2279 18
2284 11
2289 18
2290 12
2299 18
2300 12
2309 18
2310 12
2319 18
2320 12
2329 17
2330 12
2339 16
2344 12
2349 16
2354 12
2359 16
2360 13
2369 16
2374 13
2379 16
2384 13
2389 15
2394 13
2399 15
2404 13
2409 15
2414 13
2419 17
2424 13
2429 17
2434 13
2439 17
2444 13
2449 17
2450 13
2459 17
2460 13
2469 17
2470 13
2479 18
2480 13
2489 17
2494 13
2499 16
2500 15
2509 15
2510 14
2519 15
2520 14
2529 16
2530 14
2539 16
2540 14
2549 16
2550 14
2559 16
2564 14
2569 16
2574 14
2579 17
2584 14
2589 17
2594 14
2599 17
2604 14
2609 17
2614 14
2619 17
2624 14
2629 17
2634 14
2639 17
2644 14
2649 15
2654 14
2659 15
2664 14
2669 15
2674 14
2679 17
2684 14
2689 17
2694 14
2699 15
2700 14
2709 15
2710 14
2719 15
2720 14
2729 15
2734 15
2739 15
2744 14
2749 15
2754 14
2759 15
2764 14
2769 14
2770 14
2779 14
2784 14
2789 14
2794 14
2799 14
2804 14
2809 13
2814 15
2819 14
2824 15
2834 15
2844 15
2854 15
2864 15
2869 13
2874 15
2879 13
2884 15
2889 13
2894 15
2899 14
2904 15
2909 14
2911 14
2919 14
2922 14
2932 15
2942 15
2952 15
2962 15
2972 15
2982 15
2989 14
2992 14
2999 14
3002 14
3009 14
3014 15
3019 15
3024 15
3029 14
3034 15
3039 14
3044 15
3049 14
3054 15
3059 14
3064 15
3069 14
3074 15
3079 14
3084 15
3089 14
3094 15
3099 14
3104 15
3109 14
3114 15
3119 14
3124 15
3129 14
3134 15
3139 14
3144 15
3149 14
3154 15
3159 14
3164 15
3169 14
3174 15
3179 14
3184 15
3189 14
3194 15
3199 14
3204 15
3209 14
3214 15
3219 14
3224 15
3229 14
3234 15
3239 14
3244 15
3249 13
3254 15
3259 13
3264 15
3269 13
3274 15
3279 13
3284 15
3289 13
3294 15
3300 13
3304 15
3310 13
3314 15
3320 13
3324 15
3330 13
3334 15
3344 15
3354 15
3364 15
3374 15
3384 15
3394 15
3404 15
3413 15
3423 15
3434 16
3444 16
3454 16
3464 16
3474 17
3484 17
3494 17
3504 17
3514 17
3524 17
3534 17
3544 17
3554 17
3564 17
3573 17
3583 17
3593 18
3603 18
3613 18
3623 18
3633 18
3643 18
3653 18
3663 18
3673 18
3683 18
3693 18
3703 18
3713 18
3724 20
3734 20
3744 20
3754 20
3764 20
3774 20
3784 22
3794 22
3804 22
3814 22
3824 22
3834 22
3844 22
3854 22
3864 21
3874 22
3884 22
3894 23
3904 23
3914 23
3924 24
3934 24
3944 22
3954 23
3964 22
3974 22
3984 23
3994 25
4004 26
4014 26
4024 26
4034 27
4044 26
4054 25
4064 25
4074 26
4084 26
4094 27
4104 27
4114 26
4124 27
4134 27
4144 28
4154 27
4164 27
4174 27
4184 26
4194 25
4204 24
4214 23
4224 24
4234 24
4244 24
4254 24
4264 25
4274 24
4284 24
4294 24
4304 24
4314 25
4324 25
4334 24
4344 24
4354 26
4364 26
4374 26
4384 26
4394 26
4404 26
4414 26
4424 26
4434 26
4444 26
4454 27
4464 26
4474 26
4484 26
4494 26
4504 26
4514 26
4524 26
4534 27
4544 28
4554 28
4564 28
4574 30
4584 30
4594 29
4604 28
4614 28
4624 27
4634 29
4644 29
4654 28
4664 29
4674 28
4684 29
4694 29
4704 29
4714 29
4724 28
4734 28
4744 28
4754 27
4764 27
4774 26
4784 26
4794 26
4804 26
4814 26
4824 25
4834 25
4844 25
4854 25
4864 25
4874 24
4884 24
4894 24
4904 25
4916 24
4926 24
4936 24
4946 25
4956 26
4966 26
4968 8
4976 25
4978 8
4986 25
4988 8
4996 25
5006 25
5016 25
5026 25
5036 25
5046 25
5056 25
5066 25
5076 24
5086 25
5096 25
5106 25
5116 26
5126 25
5136 25
5146 25
5156 25
5166 25
5176 25
5186 25
5196 25
5206 25
5216 24
5226 25
5236 24
5246 25
5256 26
5266 27
5276 28
5286 28
5296 27
5306 27
5316 26
5326 27
5336 27
5346 26
5356 25
5366 24
5376 23
5386 23
5396 22
5406 22
5416 22
5426 21
5436 21
5446 22
5456 21
5466 22
5476 23
5486 22
5497 22
5507 23
5517 23
5526 22
5536 24
5546 23
5557 24
5567 25
5577 26
5587 26
5597 28
5607 27
5617 27
5627 26
5637 25
5639 6
5647 25
5649 6
5657 25
5659 6
5667 25
5677 27
5687 28
5689 6
5697 29
5707 28
5717 27
5727 28
5737 28
5747 28
5757 27
5767 27
5777 28
5787 27
5797 28
5808 28
5818 29
5828 30
5838 32
5848 32
5858 33
5868 32
5878 33
5888 33
5898 36
5908 35
5918 35
5928 36
5938 36
5948 36
5958 38
5968 35
5978 36
5988 34
5998 35
6008 35
6018 34
6028 35
6038 36
6048 35
6059 33
6069 34
6079 35
6089 38
6099 39
6109 39
6119 38
6129 39
6139 45
6149 44
6159 43
6169 42
6179 42
6189 43
6199 42
6209 42
6219 40
6229 40
6239 40
6249 42
6259 38
6269 35
6279 38
6289 36
6300 35
6310 35
6320 36
6330 39
6340 37
6350 33
6360 34
6370 37
6380 36
6391 38
6401 41
6411 45
6421 46
6431 47
6441 50
6451 54
6461 50
6471 52
6481 54
6491 55
6501 56
6511 56
6521 54
6531 51
6541 46
6551 45
6561 43
6571 43
6581 41
6592 48
6602 51
6612 50
6622 49
6632 54
6642 51
6652 47
6662 42
6673 43
6683 45
6693 48
6703 46
6713 48
6723 49
6733 51
6743 54
6753 56
6763 51
6773 50
6783 49
6793 43
6803 37
6813 38
6817 3
6824 40
6827 3
6834 43
6844 46
6854 48
6864 47
6874 47
6884 40
6894 41
6905 48
6915 50
6925 50
6935 56
6945 59
6955 58
6965 57
6975 52
6985 52
6995 50
7005 40
7016 36
7026 37
7036 39
7046 46
7056 51
7066 59
7076 56
7086 52
7096 46
7106 47
7117 41
7127 43
7137 52
7139 2
7147 50
7157 56
7167 57
7177 53
7187 55
7197 53
7207 48
7218 47
7228 55
7238 61
7248 65
7258 59
7268 46
7279 47
7289 51
7299 58
7309 58
7319 59
7329 63
7339 46
7350 50
7360 52
7370 52
7380 51
7390 51
7400 44
7410 44
7421 45
7431 54
7441 55
7451 59
7461 60
7471 56
7481 58
7491 54
7501 49
7511 47
7522 53
7532 46
7542 53
7552 54
7562 55
7572 50
7582 45
7592 43
7603 45
7613 53
7623 52
7633 53
7643 50
7653 49
7663 46
7673 43
7684 46
7694 56
7696 2
7704 47
7714 46
7725 47
7735 52
7745 54
7755 55
7765 48
7775 48
7785 45
7795 46
7805 45
7816 41
7826 45
7829 3
7836 48
7839 3
7846 44
7856 46
7866 42
7877 44
7887 44
7897 48
7907 48
7917 52
7927 57
7937 61
7947 61
7957 58
7967 51
7977 45
7988 40
7998 42
8008 52
8018 52
8028 47
8038 48
8048 51
8058 46
8068 45
8078 44
8089 48
8099 50
8109 50
8119 49
8129 48
8139 48
8149 49
8160 45
8170 53
8180 58
8190 60
8200 59
8210 51
8220 48
8231 45
8241 46
8251 52
8261 55
8271 53
8281 49
8291 48
8301 48
8311 47
8321 44
8331 42
8341 41
8351 39
8361 37
8372 42
8382 39
8392 38
8402 40
8413 43
8423 43
8433 44
8443 50
8453 48
8463 54
8473 51
8483 50
8493 51
8503 49
8513 46
8523 44
8533 38
8543 40
8554 41
8564 44
8574 47
8584 49
8594 49
8604 50
8614 45
8624 46
8635 53
8645 59
8655 59
8665 54
8675 51
8685 53
8696 47
8706 45
8716 50
8726 51
8736 56
8746 60
8756 62
8766 58
8776 52
8786 47
8797 46
8807 59
8817 62
8827 63
8837 54
8848 48
8851 1
8858 54
8868 56
8878 54
8888 50
8898 41
8909 41
8919 44
8929 50
8939 53
8949 52
8959 53
8969 52
8979 53
8989 52
8999 50
9009 47
9020 61
9030 57
9040 55
9050 59
9060 58
9070 48
9081 44
9091 50
9101 54
9111 53
9121 59
9131 56
9141 61
9143 2
9151 48
9161 47
9171 47
9182 50
9184 2
9192 48
9202 55
9212 55
9222 54
9232 50
9242 47
9252 42
9263 51
9273 50
9283 55
9293 52
9304 43
9314 47
9324 51
9334 49
9344 46
9355 45
9365 46
9375 48
9385 50
9395 52
9405 56
9415 54
9425 55
9435 52
9445 48
9456 39
9466 41
9476 38
9486 40
9496 39
9506 44
9516 42
9526 40
9536 44
9546 41
9556 42
9566 43
9577 43
9587 51
9597 51
9607 53
9617 44
9627 40
9638 50
9648 52
9658 53
9668 48
9678 47
9688 49
9698 44
9708 41
9719 45
9729 45
9739 47
9749 50
9759 57
9769 59
9771 2
9779 50
9781 2
9789 46
9799 44
9809 45
9819 40
9830 38
9840 41
9850 40
9860 43
9870 44
9880 44
9890 47
9900 47
9910 48
9920 51
9930 50
9940 44
9950 39
9961 39
9971 41
9981 46
9991 41
10001 39
10011 37
10021 41
10031 41
10041 43
10051 44
10061 41
10071 38
10082 40
10092 42
10102 45
10112 48
10122 50
10132 48
10142 47
10152 49
10162 48
10172 48
10182 41
10192 41
10202 41
10213 39
10223 39
10233 39
10243 43
10253 43
10263 45
10273 47
10283 51
10293 54
10303 49
10313 45
10323 44
10333 42
10343 39
10354 39
10364 40
10374 39
10384 44
10395 35
10405 36
10415 39
10425 42
10435 45
10445 47
10455 47
10465 49
10475 47
10485 49
10495 52
10505 52
10515 54
10525 47
10535 46
10545 47
10555 47
10565 47
10575 46
10585 47
10595 46
10605 45
10615 41
10626 42
10636 43
10639 3
10646 45
10656 47
10666 51
10676 53
10686 56
10696 55
10706 53
10716 51
10726 46
10736 44
10747 43
10757 50
10767 48
10777 49
10787 53
10797 53
10807 52
10817 51
10827 51
10838 44
10848 49
10858 50
10868 49
10878 50
10888 49
10898 51
10908 47
10918 39
10929 39
10939 45
10949 46
10959 50
10969 45
10979 43
10989 46
10999 45
11009 43
11019 41
11030 42
11040 45
11050 50
11060 48
11070 49
11080 49
11090 50
11100 52
11110 51
11120 51
11130 51
11140 53
11150 50
11160 49
11170 50
11180 49
11190 46
11201 42
11211 49
11221 55
11231 58
11241 57
11251 57
11261 46
11272 52
11282 55
11292 58
11302 56
11312 63
11322 63
11332 57
11342 52
11352 47
11363 49
11373 54
11383 51
11393 52
11403 52
11413 50
11423 48
11433 44
11443 44
11453 44
11464 45
11474 47
11484 45
11494 46
11504 43
11514 41
11524 42
11535 43
11545 50
11555 46
11565 49
11575 49
11585 49
11595 46
11605 47
11615 48
11625 46
11635 42
11646 43
11656 49
11666 49
11668 3
11676 47
11686 47
11696 42
11706 43
11716 45
11726 44
11736 39
11747 36
11757 40
11767 43
11777 45
11787 45
11797 49
11807 51
11817 51
11827 50
11837 49
11848 43
11858 47
11868 48
11878 52
11888 49
11898 53
11908 55
11918 55
11928 56
11938 54
11948 51
11958 45
11969 47
11979 47
11989 51
11999 55
12009 52
12019 50
12029 44
12039 44
12050 41
12060 40
12070 40
12080 44
12090 46
12100 50
12110 51
12120 52
12130 46
12141 49
12151 57
12161 57
12171 56
12181 58
12191 57
12201 54
12211 54
12221 50
12231 47
12241 43
12252 41
12262 42
12272 46
12282 49
12292 52
12302 49
12312 49
12322 44
12332 41
12343 44
12353 44
12363 51
12373 52
12383 53
12393 50
12403 51
12414 51
12424 55
12434 61
12444 56
12454 55
12464 52
12474 45
12484 44
12495 46
12505 45
12515 49
12525 51
12535 49
12545 57
12555 44
12566 49
12576 56
12586 60
12596 56
12606 58
12616 48
12627 48
12637 54
12647 61
12657 61
12667 62
12677 59
12687 55
12697 44
12708 44
12718 49
12728 51
12738 51
12748 53
12758 58
12768 58
12778 51
12788 45
12799 44
12809 49
12819 59
12829 52
12839 55
12849 52
12859 50
12869 43
12879 44
12890 44
12900 47
12910 49
12920 52
12930 45
12940 42
12950 45
12960 44
12970 42
12980 42
12990 39
13000 38
13011 38
13021 43
13031 41
13041 43
13051 49
13061 49
13071 53
13081 57
13091 54
13101 54
13104 2
13111 53
13114 2
13121 51
13124 2
13131 42
13142 40
13152 44
13162 48
13172 49
13182 56
13184 2
13192 58
13194 2
13202 57
13212 55
13222 52
13232 49
13242 46
13253 46
13263 50
13273 51
13283 47
13293 47
13303 47
13313 47
13323 47
13333 44
13343 42
13353 41
13363 39
13373 37
13384 34
13394 36
13404 39
13414 41
13424 44
13434 46
13444 49
13454 45
13465 49
13475 58
13485 58
13495 59
13505 55
13515 56
13525 55
13536 42
13546 43
13548 2
13556 48
13558 2
13566 56
13576 51
13586 49
13596 47
13607 53
13617 57
13619 2
13627 65
13629 2
13637 55
13647 48
13657 46
13668 42
13672 2
13678 47
13688 53
13698 56
13708 49
13718 46
13728 45
13739 43
13749 59
13759 60
13769 64
13779 50
13790 48
13800 51
13810 58
13820 64
13830 65
13840 66
13850 54
13860 47
13863 1
13871 50
13873 1
13881 51
13891 53
13901 51
13911 44
13922 47
13932 51
13942 49
13952 59
13962 61
13972 61
13982 54
13992 51
14002 48
14012 42
14022 40
14033 39
14043 46
14053 51
14063 44
14073 44
14084 43
14094 44
14104 48
14114 53
14124 56
14134 55
14144 55
14154 60
14164 56
14174 47
14184 44
14195 47
14205 54
14215 61
14225 62
14235 54
14245 50
14255 48
14265 50
14275 48
14285 47
14295 45
14305 43
14316 42
14326 42
14336 44
14346 46
14356 47
14366 48
14376 53
14386 53
14396 51
14406 50
14416 50
14426 51
14436 50
14446 50
14456 48
14466 49
14476 49
14486 48
14496 46
14502 3
14506 41
14512 3
14517 36
14522 3
14527 40
14532 3
14537 40
14539 3
14547 41
14549 3
14557 43
14567 44
14577 44
14587 45
14597 46
14607 47
14617 49
14627 48
14637 45
14647 44
14657 44
14667 40
14678 40
14688 44
14698 47
14708 48
14718 45
14728 49
14738 51
14748 48
14758 47
14768 45
14778 48
14788 43
14799 39
14809 43
14819 49
14829 48
14839 48
14849 45
14859 43
14869 42
14879 41
14889 39
14899 39
14909 35
14919 40
14930 40
14940 54
14950 51
14960 50
14970 48
14980 45
14990 44
15000 44
15010 42
15021 38
15031 43
15041 49
15051 50
15061 49
15071 51
15081 42
15092 41
15102 41
15112 48
15122 52
15132 48
15142 46
15152 47
15162 46
15172 47
15182 44
15192 39
15203 42
15213 44
15223 47
15233 50
15243 44
15253 43
15263 39
15274 47
15284 57
15294 55
15304 57
15314 51
15324 56
15334 52
15344 47
15355 43
15365 45
15375 52
15385 55
15395 53
15405 45
15416 49
15418 1
15426 52
15428 1
15436 53
15446 51
15456 53
15466 47
15476 45
15487 43
15497 46
15507 52
15517 55
15527 55
15537 55
15547 48
15558 45
15568 56
15578 53
15588 53
15598 53
15608 54
15618 43
15628 45
15639 50
15649 58
15659 62
15669 66
15679 67
15689 68
15699 63
15705 3
15709 53
15715 3
15720 46
15730 47
15740 58
15750 59
15760 60
15770 51
15781 44
15791 45
15801 47
15803 3
15811 49
15821 49
15831 51
15841 47
15851 44
15862 53
15872 61
15882 60
15892 58
15902 53
15912 46
15923 42
15933 44
15943 49
15953 54
15963 57
15973 56
15983 49
15993 49
16003 44
16014 54
16024 55
16034 55
16044 57
16054 54
16064 53
16074 52
16085 41
16095 43
16105 47
16115 45
16125 48
16135 48
16145 46
16155 44
16166 41
16176 43
16186 46
16196 56
16206 58
16216 62
16226 62
16229 3
16236 60
16239 3
16246 54
16249 3
16256 55
16259 3
16266 52
16269 3
16276 51
16278 3
16286 48
16296 42
16306 39
16317 47
16327 54
16329 3
16337 52
16347 51
16357 49
16367 50
16377 51
16387 52
16397 51
16407 47
16417 45
16427 44
16437 42
16447 42
16458 41
16468 45
16478 48
16488 47
16498 48
16508 51
16512 3
16518 51
16522 3
16528 50
16538 57
16548 55
16558 55
16568 51
16578 46
16588 42
16598 40
16609 43
16619 46
16629 47
16639 49
16649 50
16659 46
16669 47
16679 48
16690 43
16700 43
16710 50
16720 52
16730 53
16740 54
16750 50
16760 49
16770 47
16780 46
16790 46
16800 48
16811 48
16821 50
16831 51
16841 44
16851 41
16862 43
16872 49
16882 56
16892 57
16902 48
16912 46
16923 57
16933 63
16943 58
16953 52
16963 54
16974 43
16984 43
16994 48
17004 51
17014 46
17024 41
17034 40
17044 37
17055 38
17065 40
17075 38
17085 38
17095 38
17105 39
17115 41
17125 44
17135 46
17145 43
17155 41
17165 38
17176 43
17186 45
17196 50
17206 56
17216 52
17226 48
17236 45
17246 46
17256 43
17266 43
17277 51
17287 49
17297 52
17307 56
17317 51
17327 48
17338 50
17348 52
17358 54
17368 57
17378 55
17389 42
17399 47
17409 49
17419 55
17429 58
17439 55
17449 54
17459 54
17469 54
17479 50
17489 48
17500 42
17510 46
17520 49
17530 52
17540 51
17550 48
17560 45
17570 43
17581 40
17591 47
17601 50
17611 49
17621 49
17631 49
17641 49
17651 46
17661 48
17671 48
17681 50
17691 46
17701 41
17712 44
17722 47
17732 51
17742 52
17752 54
17762 50
17772 48
17782 45
17793 42
17803 49
17813 58
17823 60
17833 61
17843 58
17853 51
17863 47
17874 48
17884 52
17894 53
17904 56
17914 61
17924 61
17934 50
17944 46
17954 43
17964 41
17974 38
17985 43
17995 44
18005 48
18015 54
18025 56
18035 56
18045 57
18055 51
18065 50
18075 45
18078 2
18086 45
18096 42
18106 44
18116 45
18126 47
18136 48
18146 50
18156 46
18166 46
18176 41
18186 40
18197 42
18207 42
18217 46
18227 50
18237 48
18247 49
18257 48
18267 49
18277 50
18287 48
18297 43
18307 38
18318 40
18328 44
18338 49
18348 52
18358 50
18368 47
18378 46
18388 46
18398 46
18409 43
18419 47
18429 51
18439 55
18449 55
18459 59
18461 3
18469 54
18479 54
18489 46
18499 42
18510 43
18520 48
18530 52
18540 53
18550 57
18560 56
18570 56
18580 50
18590 48
18600 46
18610 39
18621 45
18631 50
18641 52
18651 55
18661 55
18671 59
18681 61
18691 51
18701 47
18711 42
18722 43
18732 52
18742 53
18752 54
18762 55
18772 48
18782 43
18793 45
18803 48
18813 50
18823 46
18833 48
18843 46
18853 51
18863 53
18873 51
18883 47
18894 49
18904 61
18914 61
18924 58
18934 57
18944 55
18954 55
18964 49
18974 42
18985 44
18995 51
19005 54
19009 2
19015 55
19017 2
19025 54
19035 51
19045 48
19055 48
19065 44
19075 40
19086 42
19096 43
19106 47
19116 45
19126 53
19136 52
19146 52
19156 49
19166 44
19176 40
19186 43
19197 45
19207 47
19217 49
19227 53
19237 51
19247 50
19257 51
19267 50
19277 48
19287 47
19297 47
19307 41
19318 38
19328 41
19338 39
19348 43
19358 50
19368 45
19378 43
19388 38
19398 41
19408 40
19418 39
19429 39
19439 40
19449 39
19459 42
19469 43
19479 46
19489 48
19499 55
19509 52
19519 53
19529 54
19539 47
19549 44
19559 47
19570 40
19580 44
19590 45
19600 46
19610 49
19620 46
19630 50
19640 53
19650 54
19660 56
19670 57
19680 52
19690 44
19700 43
19710 38
19721 36
19731 37
19741 37
19751 36
19761 35
19771 35
19781 36
19791 36
19802 33
19812 34
19822 34
19831 35
19842 41
19852 40
19862 42
19872 45
19882 47
19892 49
19902 49
19912 46
19922 46
19932 45
19942 43
19952 41
19963 45
19973 44
19983 48
19993 53
20003 51
20013 51
20023 51
20033 53
20043 53
20053 52
20063 51
20073 52
20083 46
20093 43
20104 42
20114 45
20124 50
20134 52
20144 53
20146 2
20154 50
20157 2
20164 52
20167 2
20174 54
20176 2
20184 54
20186 2
20194 52
20204 48
20215 48
20225 54
20235 61
20245 54
20255 58
20265 48
20275 42
20285 37
20295 37
20306 36
20316 36
20326 39
20336 41
20346 43
20356 47
20366 44
20376 42
20387 43
20397 48
20407 45
20417 47
20427 44
20437 46
20447 45
20457 45
20467 47
20477 49
20487 46
20497 48
20507 47
20517 42
20528 42
20538 45
20548 44
20558 45
20568 45
20578 43
20588 43
20598 43
20608 43
20619 43
20629 49
20639 53
20649 55
20659 59
20669 59
20680 44
20690 49
20700 58
20710 59
20720 58
20730 58
20740 55
20750 56
20760 54
20770 52
20780 51
20790 47
20800 42
20810 39
20821 41
20831 43
20841 47
20851 43
20861 39
20871 37
20881 36
20891 38
20901 36
20911 34
20921 35
20931 34
20941 36
20951 37
20962 39
20972 42
20982 44
20992 48
21002 48
21012 49
21022 50
21032 47
21042 45
21052 46
21062 45
21064 3
21072 46
21082 42
21093 45
21103 45
21113 45
21123 47
21133 50
21138 3
21143 49
21148 3
21153 45
21158 3
21163 46
21168 3
21173 47
21178 3
21183 45
21188 3
21193 47
21195 3
21203 44
21214 44
21224 49
21234 55
21244 56
21254 58
21258 3
21264 62
21274 60
21284 55
21294 51
21304 47
21315 53
21325 49
21335 51
21345 45
21355 46
21366 48
21376 48
21386 50
21396 49
21406 48
21416 50
21426 46
21436 42
21447 44
21457 45
21467 43
21477 44
21487 43
21497 38
21507 37
21517 38
21528 40
21538 40
21548 42
21558 48
21568 48
21578 52
21588 52
21598 51
21608 50
21618 52
21628 48
21638 41
21649 48
21654 2
21659 61
21664 2
21669 65
21674 2
21679 63
21681 2
21689 50
21700 45
21710 50
21714 2
21720 53
21724 2
21730 56
21740 54
21742 2
21750 60
21752 2
21760 60
21762 2
21770 51
21780 48
21783 2
21791 47
21793 2
21801 51
21803 2
21811 58
21821 54
21831 51
21841 50
21851 45
21861 40
21872 39
21882 45
21892 49
21902 47
21912 47
21922 48
21933 41
21943 50
21953 56
21963 58
21973 58
21983 57
21993 51
22003 49
22013 47
22024 50
22034 50
22044 53
22054 57
22064 54
22074 53
22084 53
22094 51
22104 51
22114 46
22125 43
22135 42
22145 46
22155 49
22165 49
22170 2
22175 47
22177 2
22185 41
22188 2
22195 43
22198 2
22205 49
22208 2
22215 45
22218 2
22225 48
22227 2
22235 47
22245 44
22256 42
22266 46
22276 51
22286 59
22296 60
22306 61
22316 55
22326 51
22336 50
22346 49
22357 41
22367 43
22377 45
22387 48
22397 50
22407 50
22417 56
22427 58
22437 54
22447 56
22457 52
22467 48
22477 44
22488 43
22498 44
22500 2
22508 54
22510 2
22518 59
22528 55
22538 56
22548 59
22558 48
22568 47
22579 50
22589 54
22599 56
22609 55
22619 56
22629 51
22639 53
22649 52
22654 3
22659 47
22664 2
22670 54
22674 2
22680 58
22684 2
22690 63
22700 64
22710 59
22720 47
22731 46
22741 45
22751 54
22761 49
22771 49
22781 47
22791 45
22802 40
22812 44
22822 46
22832 52
22842 57
22852 55
22862 52
22872 46
22882 46
22893 47
22903 51
22913 55
22923 55
22933 53
22943 54
22953 53
22963 50
22973 40
22984 44
22994 47
23004 50
23014 48
23024 47
23034 46
23044 44
23055 50
23065 55
23075 53
23085 50
23095 42
23105 39
23116 46
23126 46
23136 47
23146 50
23156 51
23166 46
23176 43
23186 44
23197 43
23207 45
23217 58
23227 59
23237 67
23247 63
23249 2
23257 65
23267 56
23277 54
23287 49
23297 44
23303 2
23308 49
23310 2
23318 55
23320 2
23328 58
23330 2
23338 57
23348 52
23358 48
23368 41
23379 41
23389 46
23399 50
23409 56
23419 61
23429 54
23439 54
23441 2
23449 52
23459 52
23469 50
23473 2
23479 44
23483 2
23490 48
23493 2
23500 51
23510 50
23520 52
23530 53
23540 47
23551 43
23561 50
23571 50
23581 56
23591 57
23601 53
23611 52
23621 48
23631 43
23642 40
23652 40
23662 45
23672 44
23682 43
23692 46
23702 42
23712 40
23723 39
23733 40
23743 42
23753 47
23763 48
23773 46
23783 41
23794 41
23804 40
23814 43
23824 44
23834 50
23844 52
23854 54
23864 46
23874 45
23884 46
23894 44
23904 40
23915 38
23925 38
23935 40
23945 40
23955 43
23965 42
23975 47
23985 49
23995 48
24005 44
24015 44
24026 43
24036 44
24046 44
24056 47
24066 44
24076 47
24086 50
24096 52
24106 54
24116 45
24126 45
24137 45
24147 51
24157 54
24167 51
24177 51
24187 52
24197 43
24208 51
24218 53
24228 59
24238 57
24248 47
24258 40
24269 44
24279 44
24289 45
24299 55
24309 54
24319 51
24329 53
24340 48
24350 52
24360 53
24370 54
24380 48
24390 49
24400 44
24411 48
24421 58
24431 52
24441 51
24451 52
24461 50
24471 45
24482 51
24492 54
24502 57
24512 61
24522 62
24533 51
24543 58
24553 61
24563 62
24565 2
24573 63
24583 51
24593 52
24603 44
24606 2
24614 45
24624 56
24634 60
24644 62
24654 57
24664 52
24670 2
24674 48
24680 2
24685 44
24687 2
24695 59
24705 55
24715 55
24725 51
24735 44
24746 43
24756 51
24766 55
24776 50
24786 52
24796 51
24806 56
24816 45
24827 45
24837 48
24847 49
24857 52
24867 51
24877 55
24887 53
24897 47
24907 46
24918 39
24928 45
24938 44
24948 50
24958 54
24968 54
24978 56
24988 51
24998 45
25008 41
25019 42
25029 51
25039 55
25049 48
25059 44
25069 44
25080 51
25090 59
25100 63
25110 65
25120 62
25130 50
25141 44
25151 48
25161 52
25171 55
25181 61
25191 64
25201 51
25212 47
25222 59
25224 1
25232 58
25242 58
25252 51
25262 43
25273 57
25283 60
25293 61
25303 57
25313 54
25323 47
25334 51
25344 52
25354 55
25364 57
25374 46
25385 43
25395 47
25405 52
25415 44
25425 51
25435 53
25446 49
25456 53
25466 53
25476 51
25486 50
25496 58
25506 54
25516 42
25527 45
25537 50
25547 55
25557 57
25567 56
25577 56
25587 49
25598 51
25608 47
25618 51
25628 55
25638 52
25649 42
25659 48
25669 50
25679 59
25689 57
25699 52
25709 50
25719 49
25729 43
25740 49
25750 50
25760 53
25770 52
25780 45
25790 44
25800 41
25810 41
25821 42
25831 47
25841 50
25851 56
25861 54
25871 53
25881 51
25891 43
25901 38
25912 41
25922 41
25932 43
25942 45
25952 45
25962 44
25972 46
25982 42
25992 39
26002 45
26012 43
26022 42
26032 41
26043 41
26053 44
26063 52
26073 55
26076 3
26083 53
26086 3
26093 55
26103 50
26113 49
26123 49
26133 48
26143 46
26153 47
26163 41
26174 43
26184 45
26194 45
26204 41
26214 38
26224 39
26234 38
26244 40
26255 41
26265 51
26275 54
26285 59
26295 55
26305 55
26315 55
26325 52
26335 48
26345 45
26355 42
26361 2
26366 50
26371 2
26376 56
26386 61
26388 2
26396 62
26406 61
26416 59
26426 61
26436 56
26446 53
26456 44
26466 43
26477 42
26487 42
26497 45
26507 46
26517 51
26527 53
26537 55
26547 54
26557 56
26567 57
26577 57
26587 54
26597 53
26607 49
26617 46
26627 45
26638 40
26648 48
26658 53
26668 54
26678 55
26688 54
26698 53
26708 47
26718 46
26728 43
26738 41
26749 46
26759 52
26769 52
26779 58
26789 48
26799 49
26809 45
26819 44
26829 40
26840 45
26850 51
26860 47
26870 50
26880 57
26890 50
26900 42
26911 44
26921 46
26931 51
26941 51
26951 52
26961 55
26971 56
26981 54
26991 56
27001 51
27011 45
27021 44
27031 43
27041 42
27052 45
27062 45
27072 46
27082 46
27092 47
27102 48
27112 55
27122 51
27132 46
27143 42
27153 46
27163 49
27173 53
27183 54
27193 54
27203 54
27213 55
27223 49
27233 53
27243 42
27253 43
27263 43
27274 43
27284 51
27294 52
27304 52
27314 55
27324 57
27334 60
27344 55
27354 57
27364 54
27374 54
27384 48
27395 46
27405 50
27415 48
27417 3
27425 46
27427 3
27435 50
27437 3
27445 55
27447 3
27455 55
27465 46
27475 45
27485 45
27495 43
27506 44
27516 48
27526 53
27536 53
27541 3
27546 56
27556 57
27566 59
27576 61
27586 60
27596 60
27606 54
27616 51
27619 3
27626 44
27629 3
27636 42
27639 3
27647 48
27649 3
27657 48
27659 3
27667 52
27677 53
27679 3
27687 55
27697 54
27707 50
27717 50
27727 45
27737 39
27748 37
27758 39
27768 39
27771 3
27778 43
27788 44
27798 44
27808 50
27818 50
27828 50
27838 46
27848 46
27858 46
27868 43
27879 41
27889 44
27899 44
27909 46
27919 45
27929 49
27939 48
27949 47
27959 46
27969 45
27979 42
27989 40
27999 37
28009 34
28020 36
28030 37
28040 41
28050 40
28060 38
28070 37
28080 39
28090 39
28100 37
28110 37
28121 37
28131 43
28141 42
28151 43
28161 45
28171 46
28181 45
28191 46
28201 42
28211 42
28221 43
28232 42
28242 47
28252 46
28262 48
28272 51
28282 55
28292 59
28302 58
28312 58
28322 54
28332 49
28342 44
28353 46
28363 52
28373 56
28383 55
28393 56
28403 54
28413 44
28423 42
28433 42
28443 41
28454 45
28458 2
28464 46
28468 2
28474 47
28478 2
28484 47
28488 2
28494 48
28496 2
28504 49
28506 2
28514 47
28516 2
28524 47
28526 2
28534 46
28544 43
28555 44
28565 49
28575 56
28585 61
28595 61
28605 64
28615 58
28625 55
28635 50
28645 46
28656 41
28666 40
28676 41
28686 44
28696 49
28706 53
28716 51
28726 52
28736 54
28746 54
28756 50
28767 47
28777 45
28787 50
28797 52
28807 51
28817 48
28827 48
28837 42
28847 40
28858 40
28868 40
28878 45
28888 47
28898 52
28908 51
28918 48
28928 48
28938 42
28949 43
28959 43
28969 52
28979 50
28989 47
28999 44
29009 41
29019 42
29029 43
29040 43
29050 48
29060 55
29070 54
29080 53
29090 52
29100 52
29111 52
29121 56
29131 54
29141 56
29151 55
29161 48
29171 45
29182 49
29192 51
29202 55
29212 52
29222 53
29232 47
29243 44
29253 46
29263 49
29273 58
29283 60
29293 62
29303 60
29313 62
29323 59
29333 58
29343 54
29353 49
29363 44
29367 3
29373 43
29377 3
29384 46
29387 3
29394 50
29397 3
29404 51
29407 3
29414 52
29424 52
29434 51
29444 51
29454 47
29464 41
29474 40
29485 43
29495 44
29505 42
29515 45
29525 45
29535 47
29545 47
29555 48
29565 46
29575 45
29585 43
29595 39
29605 38
29616 40
29626 45
29636 51
29646 53
29656 52
29666 51
29676 51
29686 43
29697 42
29707 43
29717 48
29727 48
29737 51
29747 52
29757 49
29767 50
29777 54
29787 52
29797 47
29807 49
29817 44
29827 43
29837 43
29848 44
29858 46
29868 50
29878 53
29888 53
29898 53
29908 52
29911 2
29918 52
29921 2
29928 52
29931 2
29938 51
29948 47
29958 47
29969 43
29979 47
29989 49
29999 54
30009 57
30019 61
30029 58
30039 63
30049 52
30059 48
30069 44
30079 39
30090 45
30100 46
30110 46
30120 51
30130 54
30140 55
30150 52
30160 48
30171 46
30181 44
30191 45
30201 46
30211 49
30221 53
30231 56
30241 55
30251 54
30261 55
30271 56
30281 47
30292 43
30302 56
30312 50
30322 52
30332 50
30343 44
30353 49
30363 55
30373 59
30383 55
30393 48
30404 51
30414 56
30424 60
30434 63
30444 66
30454 52
30465 52
30475 54
30477 4
30485 57
30487 4
30495 62
30497 4
30505 64
30515 66
30525 62
30535 61
30541 4
30545 56
30551 4
30555 50
30561 4
30566 48
30571 4
30576 55
30581 4
30586 54
30591 4
30596 49
30601 4
30606 48
30617 44
30627 46
30637 46
30647 47
30657 50
30667 49
30669 4
30677 45
30687 42
30697 38
30708 41
30718 45
30728 45
30738 45
30748 46
30758 46
30768 48
30778 49
30788 52
30798 50
30808 43
30818 39
30828 37
30838 37
30849 40
30859 44
30869 44
30879 44
30889 44
30899 43
30909 48
30919 48
30929 47
30939 47
30949 47
30959 46
30969 46
30979 47
30989 42
30999 41
31010 38
31020 39
31030 40
31040 44
31050 43
31060 43
31070 43
31080 42
31090 48
31100 41
31110 38
31121 39
31131 41
31141 46
31151 45
31161 44
31171 46
31181 53
31191 51
31201 50
31211 48
31221 47
31231 45
31242 58
31252 59
31262 55
31272 47
31282 40
31293 40
31303 48
31313 46
31323 47
31333 45
31343 49
31353 48
31363 46
31373 46
31383 46
31393 43
31403 42
31413 42
31423 39
31434 43
31444 41
31454 43
31464 50
31474 49
31484 54
31494 53
31504 48
31514 47
31524 45
31534 44
31544 42
31554 40
31564 39
31575 37
31585 39
31595 41
31605 45
31615 48
31625 47
31635 51
31645 51
31655 52
31665 51
31675 45
31685 42
31696 41
31706 49
31716 51
31726 54
31736 53
31746 61
31756 62
31766 57
31776 53
31786 51
31796 45
31807 44
31817 48
31827 48
31837 51
31847 53
31857 56
31867 58
31877 55
31887 53
31897 52
31907 44
31911 2
31918 51
31928 52
31938 53
31948 51
31958 51
31968 52
31978 54
31988 48
31999 47
32009 47
32019 53
32029 50
32039 51
32049 47
32059 43
32069 43
32079 39
32090 44
32100 43
32110 43
32120 40
32130 41
32140 44
32150 48
32160 49
32170 41
32181 39
32191 47
32201 45
32211 44
32221 51
32231 48
32241 45
32251 41
32261 42
32271 41
32281 43
32291 40
32302 40
32312 42
32322 44
32332 47
32342 49
32352 45
32362 43
32372 46
32382 46
32392 42
32402 39
32413 44
32423 44
32433 49
32443 49
32453 50
32463 54
32473 55
32483 53
32493 50
32503 49
32513 48
32523 43
32533 41
32544 46
32554 49
32564 52
32574 55
32584 52
32586 2
32594 50
32596 2
32604 56
32606 2
32614 50
32625 48
32635 49
32645 54
32655 59
32665 57
32675 49
32685 44
32696 46
32706 52
32716 54
32726 54
32736 50
32746 49
32756 50
32766 47
32776 47
32786 39
32797 41
32807 42
32817 47
32827 50
32837 48
32847 45
32857 43
32867 40
32877 43
32887 38
32898 38
32908 40
32918 44
32928 45
32938 45
32948 51
32950 3
32958 50
32968 44
32978 43
32988 46
32998 41
33009 41
33019 46
33029 48
33039 49
33049 51
33059 51
33069 53
33079 53
33089 51
33099 51
33109 49
33119 48
33129 45
33139 41
33149 42
33155 3
33159 39
33165 3
33170 41
33175 3
33180 44
33185 3
33190 47
33195 3
33200 53
33205 3
33210 48
33215 3
33220 46
33230 54
33240 50
33250 49
33260 46
33270 43
33281 42
33291 47
33301 54
33305 4
33311 52
33315 4
33321 57
33331 48
33341 48
33351 42
33361 37
33372 37
33382 39
33392 43
33402 39
33412 42
33422 41
33432 41
33442 43
33452 42
33462 39
33472 43
33482 41
33493 47
33503 50
33513 62
33523 54
33533 51
33543 53
33554 51
33564 55
33574 56
33584 45
33594 39
33605 46
33615 53
33625 51
33635 54
33645 57
33655 52
33665 45
33676 46
33686 59
33696 58
33706 58
33716 60
33726 61
33736 57
33746 52
33757 42
33767 52
33777 61
33787 63
33797 66
33807 66
33817 65
33828 54
33838 57
33848 58
33858 57
33868 51
33879 49
33889 55
33899 65
33909 62
33919 63
33929 59
33939 56
33949 49
33960 42
33970 54
33980 53
33990 57
34000 53
34010 52
34020 50
34030 44
34041 41
34051 48
34061 51
34071 60
34081 65
34091 51
34101 45
34111 44
34122 53
34132 57
34142 56
34152 54
34162 52
34172 45
34183 45
34193 52
34203 54
34213 53
34223 55
34233 58
34243 51
34253 51
34263 53
34273 44
34283 40
34294 41
34304 50
34314 48
34324 53
34334 52
34344 48
34354 53
34365 48
34375 43
34385 47
34395 54
34405 52
34415 56
34425 55
34436 47
34446 45
34456 46
34466 55
34476 53
34486 58
34496 59
34500 1
34507 48
34509 1
34517 50
34519 1
34527 57
34537 50
34547 47
34558 44
34568 46
34578 47
34588 51
34598 51
34608 57
34618 47
34628 45
34638 42
34648 38
34659 43
34669 45
34679 48
34689 50
34699 39
34709 39
34720 40
34730 43
34740 49
34750 58
34760 57
34770 50
34780 45
34790 42
34801 44
34811 51
34821 51
34831 53
34841 51
34851 47
34861 44
34871 42
34881 43
34892 42
34902 43
34912 45
34922 48
34932 51
34942 51
34952 52
34962 47
34972 46
34982 41
34992 38
35003 42
35013 42
35023 45
35033 45
35043 52
35053 51
35063 60
35073 59
35083 48
35093 51
35103 50
35113 50
35124 44
35134 44
35144 45
35154 48
35164 50
35174 52
35184 47
35194 44
35204 41
35214 39
35224 38
35234 37
35245 42
35255 41
35265 47
35275 49
35285 54
35295 54
35305 55
35315 54
35325 56
35335 52
35345 46
35355 46
35366 51
35376 49
35386 51
35388 2
35396 60
35406 52
35416 55
35426 48
35436 47
35447 45
35457 47
35467 49
35477 52
35487 47
35497 43
35507 41
35518 42
35528 50
35538 53
35548 50
35558 51
35568 52
35578 47
35588 40
35599 48
35609 51
35619 51
35629 56
35639 61
35649 52
35659 45
35670 43
35680 49
35690 51
35700 52
35710 54
35720 57
35730 54
35740 50
35750 49
35760 48
35770 47
35780 45
35790 45
35801 50
35811 55
35821 54
35831 51
35841 50
35852 56
35862 61
35872 61
35882 57
35892 53
35902 48
35912 47
35923 53
35933 58
35943 58
35953 58
35963 58
35973 51
35984 49
35994 50
36004 50
36014 52
36024 50
36034 51
36044 51
36054 47
36064 46
36074 43
36085 41
36095 45
36105 48
36115 48
36125 46
36135 48
36146 46
36156 49
36166 51
36176 56
36186 61
36196 60
36206 55
36216 52
36226 47
36236 48
36246 47
36256 44
36267 40
36277 42
36287 45
36297 47
36307 47
36317 49
36327 49
36337 48
36347 46
36357 41
36368 40
36378 47
36388 50
36398 56
36408 56
36410 1
36418 56
36428 53
36438 52
36448 45
36459 46
36469 51
36479 54
36489 55
36499 57
36509 54
36519 53
36529 50
36539 46
36550 45
36560 51
36570 51
36580 45
36590 50
36600 51
36610 48
36621 47
36631 50
36641 52
36651 54
36661 56
36671 52
36681 47
36692 43
36702 45
36712 46
36722 48
36732 54
36742 58
36752 60
36762 67
36772 62
36782 58
36792 51
36798 3
36803 50
36808 3
36813 49
36818 3
36823 48
36828 3
36833 53
36838 3
36843 54
36853 46
36863 47
36873 45
36884 47
36894 50
36904 50
36908 2
36914 59
36916 2
36924 49
36935 48
36945 61
36955 62
36965 63
36975 61
36985 60
36995 57
37005 52
37015 42
37026 43
37036 41
37046 42
37056 42
37066 40
37076 40
37087 42
37097 48
37107 59
37117 62
37127 70
37137 66
37147 62
37157 65
37167 60
37177 50
37187 46
37198 51
37208 59
37218 63
37228 69
37238 59
37248 58
37259 57
37269 60
37271 2
37279 56
37281 2
37289 57
37299 56
37309 49
37319 47
37329 45
37339 41
37350 45
37360 50
37370 52
37380 50
37390 50
37400 48
37410 50
37420 47
37431 49
37441 51
37451 55
37461 55
37471 58
37481 51
37491 44
37501 43
37512 52
37522 46
37532 44
37542 40
37553 44
37563 47
37573 46
37583 46
37593 54
37603 44
37613 43
37623 43
37634 43
37644 41
37654 44
37664 46
37674 48
37684 40
37694 40
37705 50
37715 60
37725 62
37735 61
37745 46
37755 42
37766 58
37776 58
37786 57
37788 2
37796 57
37806 51
37817 50
37827 52
37837 51
37847 51
37857 47
37867 47
37877 46
37887 43
37898 36
37908 40
37918 42
37928 45
37938 49
37948 49
37958 47
37968 47
37978 46
37988 46
37998 45
38008 45
38019 42
38028 38
38039 40
38049 43
38059 44
38069 45
38079 46
38089 51
38099 49
38109 50
38119 49
38129 49
38139 45
38150 46
38160 49
38170 53
38180 56
38190 52
38200 50
38210 49
38220 47
38230 44
38240 42
38250 41
38260 41
38271 44
38281 43
38291 41
38301 42
38311 45
38321 47
38331 50
38341 52
38351 51
38361 44
38371 41
38381 39
38391 37
38402 39
38412 43
38422 42
38432 42
38442 44
38452 45
38462 46
38472 47
38482 47
38493 43
38503 47
38513 52
38523 53
38533 57
38543 51
38553 46
38563 43
38573 40
38584 40
38594 46
38596 3
38604 51
38606 3
38614 50
38624 51
38634 51
38644 50
38654 51
38664 47
38674 41
38684 41
38695 44
38705 45
38715 46
38725 47
38735 49
38745 47
38755 48
38765 47
38775 46
38785 43
38795 41
38805 38
38816 43
38826 43
38836 50
38846 49
38856 50
38866 45
38876 44
38886 41
38896 42
38907 43
38917 50
38927 54
38937 57
38947 57
38957 58
38967 59
38977 64
38987 60
38997 59
39007 60
39017 56
39027 53
39037 45
39041 2
39048 47
39051 2
39058 47
39061 2
39068 48
39070 2
39078 50
39088 52
39098 54
39108 51
39118 50
39128 48
39138 48
39148 42
39158 40
39169 43
39179 47
39189 49
39199 49
39209 49
39219 49
39229 46
39239 43
39249 41
39259 39
39269 35
39279 35
39290 38
39300 43
39310 49
39312 2
39320 48
39322 2
39330 54
39340 47
39351 47
39361 47
39371 46
39381 51
39391 54
39401 52
39411 54
39421 52
39431 51
39441 51
39451 46
39462 41
39472 47
39482 49
39492 55
39502 48
39512 42
39522 43
39532 38
39543 40
39553 44
39563 42
39573 42
39583 39
39593 40
39604 40
39614 46
39624 52
39634 50
39644 52
39654 52
39664 50
39674 48
39684 50
39694 48
39704 47
39714 40
39725 42
39735 43
39745 45
39755 50
39765 52
39775 57
39785 57
39795 58
39805 59
39815 54
39825 57
39835 55
39845 49
39855 43
39866 47
39876 50
39886 53
39896 52
39906 48
39916 51
39926 49
39936 46
39946 44
39956 43
39966 40
39977 40
39987 41
39997 43
40007 42
40017 44
40027 45
40037 44
40047 45
40057 44
40067 46
40077 46
40087 46
40097 46
40107 41
40117 42
40128 41
40138 44
40148 46
40158 47
40168 51
40178 53
40188 53
40198 52
40208 52
40218 50
40229 44
40239 54
40249 59
40259 56
40269 51
40280 43
40290 61
40300 58
40310 59
40320 49
40330 47
40340 48
40351 44
40361 51
40371 52
40381 56
40391 53
40401 52
40411 43
40421 43
40432 47
40442 66
40452 54
40462 51
40472 47
40482 44
40493 42
40503 45
40513 49
40523 51
40533 52
40543 54
40553 47
40564 45
40574 49
40584 53
40594 52
40604 56
40614 55
40624 54
40634 55
40644 48
40654 48
40664 43
40674 45
40684 43
40695 40
40705 40
40715 39
40725 41
40735 43
40745 42
40755 43
40765 45
40775 48
40785 50
40795 44
40805 42
40815 42
40825 38
40836 36
40846 39
40856 40
40866 45
40876 47
40886 49
40896 47
40906 48
40916 48
40926 47
40936 50
40946 47
40956 42
40967 38
40977 37
40987 39
40997 41
41007 40
41017 40
41027 40
41037 41
41047 41
41057 42
41067 39
41077 37
41088 35
41098 40
41108 41
41118 43
41120 2
41128 47
41138 46
41148 47
41158 46
41168 44
41178 39
41189 43
41199 46
41209 49
41219 56
41229 58
41239 55
41249 56
41259 52
41269 48
41279 46
41289 43
41300 48
41310 53
41320 56
41330 62
41340 58
41351 47
41361 59
41371 61
41381 61
41391 56
41401 41
41412 41
41422 46
41432 43
41442 48
41452 48
41462 47
41472 48
41482 42
41493 45
41503 59
41505 1
41513 60
41523 50
41533 50
41544 51
41554 55
41564 53
41574 52
41584 53
41595 47
41605 44
41615 46
41625 48
41635 52
41645 49
41655 52
41665 53
41675 52
41685 48
41696 47
41706 44
41716 49
41726 47
41736 45
41746 41
41756 44
41767 40
41777 43
41787 49
41797 55
41807 55
41817 55
41827 47
41838 44
41848 56
41858 61
41868 62
41878 60
41888 54
41899 44
41909 51
41919 57
41929 55
41939 55
41949 55
41959 53
41969 51
41979 46
41989 46
41999 48
42009 43
42019 35
42030 39
42040 41
42051 39
42061 44
42071 52
42081 57
42091 56
42101 53
42111 52
42121 53
42131 42
42142 47
42152 49
42162 55
42172 51
42182 55
42192 51
42202 48
42212 46
42215 2
42222 43
42225 2
42233 39
42235 2
42243 48
42253 50
42263 47
42273 43
42283 41
42294 47
42304 50
42314 56
42324 58
42334 59
42336 2
42344 61
42346 2
42354 55
42356 2
42364 60
42366 2
42374 60
42376 2
42385 46
42395 56
42405 57
42415 62
42425 57
42435 53
42445 54
42455 50
42465 45
42475 44
42485 38
42496 41
42506 39
42516 40
42526 45
42536 48
42546 39
42557 43
42567 43
42577 45
42587 48
42597 49
42607 51
42617 53
42627 55
42637 45
42648 41
42658 46
42668 37
42678 37
42688 37
42698 37
42708 36
42719 37
42729 42
42739 43
42749 44
42759 43
42769 45
42779 47
42789 45
42799 49
42809 46
42819 44
42829 38
42840 39
42842 3
42850 39
42860 42
42870 50
42880 53
42890 48
42900 44
42910 43
42920 42
42931 42
42941 47
42951 46
42961 50
42971 56
42981 56
42991 60
43001 60
43011 59
43021 48
43032 49
43042 52
43052 52
43062 51
43072 47
43082 50
43092 47
43103 39
43113 42
43123 48
43133 49
43143 47
43153 47
43163 52
43173 53
43183 49
43193 47
43203 48
43213 46
43224 44
43234 52
43244 55
43254 49
43265 54
43275 47
43285 48
43295 53
43306 47
43316 51
43326 56
43336 64
43346 62
43356 62
43366 60
43376 59
43386 55
43396 55
43406 51
43417 51
43427 48
43437 46
43447 46
43449 3
43457 46
43459 3
43467 43
43469 3
43477 43
43488 44
43498 51
43508 50
43518 51
43528 53
43538 53
43548 53
43550 3
43558 49
43560 3
43568 50
43578 41
43589 43
43599 45
43609 51
43619 52
43629 50
43639 53
43643 3
43649 51
43653 3
43659 50
43663 3
43669 44
43680 44
43690 46
43700 46
43710 48
43713 3
43720 55
43723 3
43730 55
43733 3
43740 55
43742 3
43750 53
43760 57
43770 52
43780 46
43790 44
43800 42
43810 40
43821 44
43831 45
43841 51
43851 53
43861 52
43871 55
43881 56
43891 56
43901 48
43911 45
43921 41
43924 2
43932 45
43934 2
43942 46
43952 48
43962 42
43973 45
43983 50
43993 57
44003 59
44013 59
44023 61
44033 52
44044 42
44054 44
44064 50
44074 52
44084 53
44094 57
44104 55
44114 53
44124 47
44134 46
44144 44
44155 49
44165 47
44175 51
44185 50
44195 45
44206 48
44216 51
44226 57
44236 57
44246 55
44256 53
44266 48
44276 41
44287 50
44297 46
44307 48
44317 52
44327 49
44337 50
44347 51
44357 42
44367 40
44378 48
44388 51
44398 56
44408 53
44418 53
44428 53
44438 48
44448 44
44458 41
44468 41
44478 38
44489 40
44499 40
44509 42
44519 46
44529 43
44539 44
44549 47
44559 47
44569 49
44579 49
44589 50
44599 53
44609 48
44619 47
44629 42
44639 43
44649 40
44655 3
44659 36
44665 3
44670 40
44675 3
44680 39
44685 3
44690 40
44692 3
44700 43
44702 3
44710 43
44712 3
44720 44
44722 3
44730 42
44732 3
44740 44
44742 3
44751 42
44752 3
44761 47
44762 3
44771 47
44781 52
44791 54
44801 57
44811 57
44821 56
44831 57
44841 55
44851 50
44861 50
44871 49
44875 3
44881 46
44885 3
44892 45
44902 48
44912 51
44922 50
44932 52
44942 53
44952 48
44962 46
44972 49
44982 51
44992 49
45002 44
45013 43
45023 52
45033 56
45043 56
45053 54
45063 52
45073 52
45083 59
45093 59
45103 57
45113 55
45123 52
45133 50
45143 48
45154 42
45164 45
45174 48
45184 39
45194 39
45204 38
45215 39
45225 39
45235 38
45245 38
45255 41
45265 43
45275 47
45285 49
45295 49
45305 49
45315 48
45325 45
45335 46
45345 47
45355 47
45365 41
45376 47
45386 49
45396 53
45406 56
45416 56
45426 52
45436 48
45446 45
45457 45
45467 52
45477 56
45487 60
45497 62
45507 60
45517 59
45527 58
45537 54
45547 50
45557 41
45568 39
45578 45
45588 48
45598 49
45608 52
45618 51
45629 52
45639 51
45649 54
45659 54
45669 59
45679 58
45689 54
45699 51
45710 46
45720 48
45730 54
45740 61
45750 58
45760 53
45770 44
45781 41
45791 50
45801 41
45812 39
45822 41
45832 42
45842 42
45852 47
45862 58
45872 57
45882 49
45893 63
45903 74
45909 1
45913 57
45919 1
45924 51
45926 1
45934 56
45944 62
45954 57
45964 50
45974 47
45985 50
45995 51
46005 51
46015 57
46025 57
46035 57
46045 43
46056 44
46066 47
46076 45
46086 47
46096 43
46106 45
46116 46
46127 42
46137 50
46147 52
46157 57
46167 58
46177 57
46187 55
46197 56
46207 49
46217 44
46228 40
46238 48
46248 50
46258 46
46268 50
46278 51
46288 50
46298 51
46308 49
46318 50
46328 50
46338 49
46348 44
46358 41
46369 43
46379 49
46389 47
46399 48
46409 53
46419 49
46429 51
46439 52
46449 51
46459 51
46469 52
46479 54
46489 45
46499 41
46510 46
46520 49
46530 50
46540 50
46550 51
46560 51
46570 49
46580 49
46590 48
46600 45
46610 46
46620 41
46630 38
46641 38
46651 41
46661 43
46663 3
46671 42
46681 42
46691 48
46701 49
46711 48
46721 45
46731 44
46741 44
46751 47
46761 42
46772 42
46782 42
46792 50
46802 48
46812 50
46822 49
46832 48
46842 46
46852 51
46862 45
46872 42
46883 38
46893 38
46903 38
46913 39
46923 44
46933 47
46943 48
46953 54
46963 54
46973 51
46983 51
46993 43
47003 44
47013 42
47019 3
47023 38
47029 3
47034 41
47039 3
47044 43
47049 3
47054 41
47057 3
47064 45
47074 44
47084 44
47094 44
47104 41
47115 49
47125 58
47135 63
47145 60
47155 60
47165 58
47175 55
47186 47
47196 55
47206 53
47216 55
47226 54
47236 55
47246 50
47256 48
47266 43
47277 45
47287 50
47297 53
47307 53
47317 52
47327 51
47337 52
47347 50
47357 47
47367 43
47377 42
47388 42
47398 42
47408 44
47418 49
47428 50
47438 48
47448 43
47459 44
47469 48
47479 56
47489 57
47499 54
47509 45
47520 49
47530 63
47540 70
47551 52
47561 58
47571 61
47582 58
47592 56
47602 56
47612 57
47622 52
47633 60
47643 60
47653 58
47663 50
47674 43
47684 50
47694 48
47704 45
47714 45
47724 41
47735 42
47745 48
47755 52
47765 51
47775 45
47786 43
47796 42
47806 42
47816 45
47826 51
47836 53
47846 57
47856 59
47866 61
47876 58
47886 57
47896 56
47906 54
47916 51
47926 47
47936 45
47947 49
47957 49
47967 59
47977 54
47987 54
47997 56
48007 51
48017 47
48019 4
48027 48
48037 45
48043 4
48047 46
48053 4
48057 46
48063 4
48068 42
48073 4
48078 48
48083 4
48088 48
48093 4
48098 49
48103 4
48108 52
48113 4
48118 51
48123 4
48128 53
48133 4
48138 56
48140 4
48148 52
48158 51
48168 52
48178 51
48188 53
48198 51
48208 45
48218 45
48228 40
48239 41
48249 42
48253 4
48259 46
48263 4
48269 49
48279 52
48289 54
48299 56
48309 58
48319 58
48329 57
48339 56
48349 53
48359 52
48369 51
48379 42
48390 43
48400 44
48410 44
48420 46
48430 51
48440 45
48450 45
48460 44
48471 41
48481 46
48491 48
48501 46
48511 49
48521 46
48531 46
48541 46
48551 48
48561 47
48571 51
48581 46
48591 39
48602 35
48612 40
48622 44
48632 44
48642 44
48653 41
48663 53
48673 61
48683 63
48693 68
48703 54
48713 44
48723 42
48734 44
48744 46
48754 48
48764 53
48774 54
48784 55
48794 57
48804 55
48814 47
48824 44
48835 45
48845 45
48855 47
48865 50
48875 51
48885 56
48895 57
48905 58
48915 56
48925 52
48935 42
48946 45
48956 49
48966 53
48976 61
48986 49
48997 53
49007 59
49017 63
49027 65
49037 60
49047 58
49057 58
49067 56
49077 48
49088 43
49098 47
49108 49
49118 49
49128 46
49138 47
49148 39
49159 38
49169 40
49179 46
49189 46
49199 45
49209 47
49219 46
49221 3
49229 45
49231 3
49239 46
49249 51
49259 47
49269 45
49280 42
49290 47
49300 49
49310 50
49315 3
49320 53
49325 3
49330 52
49335 3
49340 50
49350 46
49361 48
49371 50
49375 3
49381 61
49385 3
49391 54
49401 50
49411 50
49421 50
49431 45
49442 46
49452 54
49462 56
49472 59
49482 68
49492 58
49502 46
49512 43
49523 43
49533 54
49543 54
49553 52
49563 51
49573 51
49583 50
49593 45
49603 44
49614 45
49624 44
49634 49
49644 49
49655 44
49665 44
49675 48
49685 51
49695 51
49705 52
49715 52
49725 51
49735 50
49745 43
49756 44
49766 45
49776 47
49786 47
49796 50
49806 52
49816 45
49826 45
49836 43
49847 39
49857 42
49867 46
49877 50
49887 54
49897 55
49907 53
49917 54
49927 54
49937 52
49947 52
49957 50
49967 50
49977 43
49987 40
49998 40
50008 43
50018 46
50028 54
50030 3
50038 58
50048 55
50058 53
50068 50
50078 48
50084 4
50088 44
50094 3
50099 43
50104 3
50109 48
50114 3
50119 49
50124 3
50129 62
50134 3
50139 56
50141 3
50149 52
50159 48
50169 46
50179 42
50190 44
50200 53
50210 56
50220 53
50230 54
50240 53
50250 49
50260 47
50271 42
50281 49
50291 48
50301 51
50311 49
50321 52
50331 46
50341 42
50351 42
50362 44
50372 48
50382 48
50392 47
50402 45
50412 49
50422 42
50432 42
50442 39
50453 42
50463 46
50473 48
50483 50
50493 53
50503 45
50513 46
50524 47
50534 47
50544 51
50554 54
50564 53
50566 3
50574 54
50576 3
50584 54
50590 3
50595 55
50600 3
50605 63
50610 3
50615 65
50620 3
50625 62
50630 3
50635 63
50640 3
50645 55
50656 50
50666 52
50676 55
50686 56
50696 57
50706 55
50716 51
50726 47
50736 43
50747 50
50757 51
50767 53
50777 49
50787 47
50797 44
50807 42
50817 41
50828 39
50838 43
50848 43
50858 46
50868 50
50878 48
50888 45
50898 47
50908 43
50919 39
50929 42
50939 42
50949 41
50959 43
50969 45
50979 45
50989 48
50999 41
51009 40
51019 41
51030 42
51040 48
51050 52
51060 58
51070 59
51080 63
51090 59
51100 59
51110 56
51120 50
51131 49
51141 52
51151 56
51161 52
51171 51
51181 52
51192 40
51202 45
51212 54
51222 55
51232 59
51242 61
51252 58
51262 58
51272 56
51282 46
51293 50
51303 56
51313 58
51323 57
51333 53
51343 50
51353 50
51363 41
51374 46
51384 51
51386 2
51394 55
51404 51
51414 49
51425 52
51435 56
51437 2
51445 52
51455 54
51465 53
51475 47
51486 47
51496 48
51506 50
51516 61
51526 59
51536 58
51546 55
51556 52
51566 46
51577 44
51587 47
51597 49
51607 50
51617 53
51627 60
51637 61
51647 55
51657 53
51667 51
51678 43
51688 48
51698 52
51708 54
51718 57
51728 55
51738 55
51748 52
51759 44
51769 48
51772 2
51779 50
51782 2
51789 52
51792 2
51799 53
51802 2
51809 55
51812 2
51819 53
51829 50
51839 46
51849 45
51859 45
51869 42
51879 42
51889 39
51900 40
51910 46
51920 49
51930 49
51940 47
51950 48
51960 46
51970 41
51981 41
51991 53
52001 51
52011 52
52021 55
52031 52
52041 51
52051 47
52061 41
52072 43
52082 47
52092 51
52102 52
52112 53
52122 50
52132 50
52142 47
52152 47
52162 45
52172 41
52183 50
52193 48
52203 48
52213 48
52223 48
52233 46
52243 37
52254 45
52264 49
52274 49
52284 51
52294 51
52304 52
52314 49
52324 45
52334 43
52345 40
52355 40
52365 42
52375 47
52385 47
52395 42
52405 45
52415 44
52425 45
52435 46
52445 48
52455 48
52465 47
52476 42
52486 52
52496 53
52506 58
52516 55
52526 56
52536 45
52546 45
52557 47
52567 50
52577 51
52587 53
52597 52
52607 45
52617 40
52628 41
52638 43
52648 50
52658 57
52668 65
52678 61
52680 2
52688 50
52699 54
52709 63
52711 2
52719 68
52721 2
52729 67
52739 63
52749 45
52760 47
52770 48
52780 48
52790 49
52800 48
52810 46
52820 43
52831 51
52841 54
52851 58
52861 60
52871 58
52881 58
52891 59
52901 55
52911 50
52921 43
52932 48
52942 55
52952 55
52962 50
52972 49
52982 51
52992 47
53003 42
53013 41
53023 45
53033 51
53043 50
53053 48
53063 53
53073 52
53084 50
53094 57
53104 58
53114 54
53124 58
53134 54
53144 53
53154 52
53164 47
53174 45
53185 45
53195 48
53205 50
53215 48
53225 47
53235 46
53245 42
53255 41
53265 43
53276 43
53286 52
53296 51
53306 55
53316 55
53326 59
53336 56
53346 53
53356 50
53366 48
53376 48
53386 43
53396 39
53407 40
53417 42
53427 44
53437 45
53447 51
53457 54
53467 53
53477 50
53479 3
53487 50
53490 3
53497 50
53507 48
53517 46
53520 3
53527 44
53530 3
53538 42
53540 3
53548 43
53558 47
53568 46
53578 47
53588 45
53598 42
53608 40
53618 45
53628 41
53639 41
53649 44
53659 46
53669 51
53679 51
53689 51
53699 50
53709 47
53719 45
53729 42
53740 39
53750 43
53760 48
53770 51
53780 57
53790 55
53800 44
53811 45
53821 49
53831 56
53841 48
53851 48
53861 46
53871 42
53882 52
53892 65
53902 61
53912 55
53922 45
53933 44
53943 51
53953 55
53963 53
53974 47
53984 61
53994 60
54004 64
54014 60
54025 57
54035 59
54045 51
54056 49
54066 57
54076 52
54086 47
54096 43
54106 39
54117 43
54127 44
54137 47
54147 51
54157 51
54167 55
54177 53
54187 56
54197 52
54207 45
54218 47
54228 49
54238 59
54248 50
54258 55
54268 50
54278 44
54289 46
54299 55
54309 60
54319 62
54329 58
54339 58
54349 55
54359 54
54369 53
54379 51
54389 44
54400 47
54410 52
54420 51
54430 53
54440 54
54450 60
54460 53
54470 49
54481 41
54491 43
54501 45
54511 46
54521 39
54531 38
54541 39
54552 39
54562 49
54572 46
54582 48
54592 49
54602 47
54612 46
54622 45
54632 43
54643 43
54653 50
54663 53
54673 57
54683 53
54693 53
54703 55
54713 48
54723 47
54733 48
54743 44
54754 42
54764 42
54774 43
54784 54
54794 48
54804 57
54814 54
54824 51
54835 47
54845 45
54855 48
54865 44
54875 48
54886 48
54896 46
54906 46
54916 46
54926 46
54936 45
54946 42
54956 40
54967 53
54977 53
54987 52
54997 51
55007 48
55018 52
55028 54
55038 49
55048 42
55059 45
55069 51
55079 59
55089 63
55099 72
55109 64
55119 58
55129 52
55140 45
55150 47
55152 1
55160 47
55162 1
55170 49
55172 1
55180 50
55182 1
55190 51
55192 1
55200 50
55210 50
55220 43
55231 50
55241 51
55251 56
55261 59
55271 49
55281 45
55291 48
55302 48
55312 50
55322 55
55332 54
55342 56
55352 55
55362 47
55372 48
55382 46
55392 45
55402 42
55413 45
55423 46
55433 47
55443 47
55453 50
55463 53
55473 52
55483 53
55493 44
55504 44
55514 43
55524 49
55534 57
55544 58
55554 50
55564 48
55575 54
55585 51
55595 55
55605 57
55615 53
55625 49
55635 50
55645 45
55655 43
55666 43
55676 45
55686 46
55696 46
55706 41
55716 39
55726 40
55737 38
55747 39
55757 44
55767 43
55777 46
55787 49
55797 50
55807 45
55817 47
55827 44
55837 43
55847 39
55858 45
55868 57
55878 53
55888 49
55898 50
55909 45
55919 50
55929 51
55939 48
55949 52
55959 50
55969 47
55980 52
55990 50
56000 60
56010 58
56020 54
56030 45
56041 41
56051 45
56061 44
56071 45
56081 52
56091 52
56101 55
56111 55
56121 49
56131 42
56141 40
56152 37
56162 36
56172 33
56182 38
56192 37
56202 38
56213 39
56223 39
56233 40
56243 45
56253 50
56263 54
56273 60
56283 58
56293 61
56303 61
56313 59
56323 60
56333 54
56335 3
56343 49
56345 3
56353 48
56355 3
56363 43
56369 3
56374 45
56379 3
56384 48
56389 3
56394 52
56396 3
56404 53
56406 3
56414 57
56416 3
56424 56
56426 3
56434 55
56436 3
56444 54
56446 3
56454 54
56464 55
56474 52
56484 48
56494 45
56504 42
56510 3
56514 41
56525 44
56535 45
56545 45
56555 51
56565 53
56575 52
56585 52
56595 51
56605 43
56615 41
56626 39
56636 37
56646 40
56656 44
56666 44
56676 42
56686 42
56696 47
56706 42
56717 40
56727 39
56737 43
56747 44
56757 44
56767 44
56777 46
56787 42
56797 44
56807 40
56817 38
56827 36
56838 40
56848 42
56858 45
56868 45
56878 49
56888 48
56898 46
56908 41
56918 39
56929 40
56939 39
56949 43
56951 2
56959 42
56961 2
56969 49
56979 47
56989 45
56999 45
57009 45
57019 40
57029 41
57040 44
57050 47
57060 45
57070 46
57080 48
57090 47
57100 49
57110 47
57120 44
57130 45
57140 44
57150 45
57160 40
57171 40
57181 43
57191 41
57201 42
57211 48
57221 52
57231 55
57241 54
57251 54
57261 50
57271 48
57281 48
57291 45
57302 59
57312 61
57322 53
57332 48
57342 47
57353 40
57363 42
57373 44
57383 48
57393 52
57404 49
57414 56
57424 62
57434 58
57444 57
57454 46
57464 42
57475 42
57485 49
57495 51
57505 49
57515 54
57525 45
57535 43
57545 43
57556 44
57566 47
57576 47
57586 52
57596 51
57606 45
57616 41
57627 48
57637 49
57647 56
57657 54
57667 56
57677 53
57687 58
57697 50
57707 49
57717 48
57727 44
57738 45
57748 48
57758 52
57768 57
57778 58
57788 58
57798 56
57808 46
57818 51
57829 45
57831 2
57839 52
57841 2
57849 47
57851 2
57859 49
57869 45
57880 49
57890 53
57900 54
57910 54
57920 55
57930 56
57940 57
57950 62
57960 58
57970 56
57980 49
57990 47
58000 43
58011 46
58021 53
58031 56
58041 57
58051 52
58061 51
58071 48
58081 46
58091 44
58102 53
58112 53
58122 52
58132 56
58142 61
58152 58
58163 53
58173 67
58183 69
58193 66
58203 55
58213 46
58224 47
58234 45
58244 48
58254 52
58264 41
58275 43
58285 44
58295 48
58305 58
58315 59
58325 58
58335 60
58345 57
58356 45
58366 48
58376 50
58386 51
58396 47
58406 43
58416 43
58427 40
58437 41
58447 46
58457 51
58467 52
58477 54
58487 57
58497 54
58507 61
58517 57
58519 2
58527 53
58529 2
58537 54
58539 2
58547 50
58553 2
58558 50
58563 2
58568 48
58573 2
58578 55
58583 2
58588 57
58593 2
58598 57
58600 2
58608 55
58610 2
58618 55
58628 53
58638 48
58648 48
58658 42
58669 43
58679 42
58689 45
58699 44
58709 44
58719 47
58729 50
58739 53
58749 52
58760 46
58770 49
58780 52
58790 51
58800 51
58810 49
58820 51
58830 51
58840 55
58850 48
58860 47
58870 45
58880 44
58890 43
58900 40
58911 39
58921 42
58931 47
58941 50
58951 47
58961 51
58971 51
58982 42
58992 43
59002 45
59012 46
59022 47
59032 45
59042 49
59052 49
59062 48
59072 51
59082 50
59092 46
59102 48
59113 41
59123 42
59133 42
59143 47
59153 53
59163 49
59173 48
59183 47
59193 47
59203 47
59213 46
59223 38
59234 42
59244 47
59254 49
59264 49
59274 48
59284 50
59294 55
59304 54
59314 51
59324 50
59334 46
59344 48
59354 46
59364 48
59374 45
59384 45
59394 39
59405 40
59415 38
59425 38
59435 41
59445 40
59455 43
59465 45
59475 44
59485 47
59495 44
59505 40
59515 39
59526 37
59536 44
59546 48
59556 56
59566 61
59576 59
59586 55
59596 55
59606 46
59617 42
59627 47
59637 46
59647 46
59657 42
59668 41
59678 41
59688 44
59698 45
59708 44
59718 46
59728 42
59738 48
59748 44
59758 40
59768 38
59779 39
59789 41
59799 44
59809 52
59819 53
59829 53
59839 50
59849 49
59859 48
59869 47
59880 41
59890 43
59900 46
59910 50
59920 56
59930 58
59940 55
59950 52
59960 50
59970 52
59980 46
59990 46
60001 51
60011 50
60021 54
60031 59
60041 60
60051 59
60061 55
60071 55
60081 52
60091 46
60101 44
60112 38
60114 3
60122 41
60132 44
60142 48
60152 52
60162 55
60172 54
60182 56
60192 52
60202 51
60212 46
60222 41
60232 40
60243 41
60253 43
60263 47
60273 48
60283 48
60293 47
60303 48
60313 48
60323 51
60333 46
60343 44
60354 41
60364 44
60374 43
60384 44
60394 48
60404 52
60414 54
60424 49
60434 50
60444 51
60454 53
60464 51
60474 52
60484 48
60494 43
60504 40
60515 42
60519 2
60525 45
60535 46
60545 46
60555 54
60560 2
60565 47
60575 41
60585 43
60596 43
60606 43
60616 47
60626 48
60636 57
60646 57
60656 58
60666 59
60676 58
60686 57
60696 57
60706 55
60716 47
60726 44
60736 40
60747 42
60757 45
60767 47
60777 52
60787 55
60797 52
60807 47
60817 44
60827 41
60838 43
60848 47
60858 51
60868 47
60878 46
60888 47
60898 48
60908 45
60919 44
60929 49
60939 52
60949 53
60959 57
60969 62
60979 44
60990 50
60992 2
61000 56
61010 58
61020 57
61030 60
61040 53
61050 52
61060 43
61070 40
61080 39
61091 37
61101 40
61111 46
61121 50
61131 46
61141 43
61151 46
61161 42
61172 42
61182 43
61192 49
61202 51
61212 55
61222 53
61232 56
61242 53
61252 51
61262 51
61272 49
61282 46
61292 43
61303 43
61313 45
61323 47
61333 52
61343 54
61353 56
61363 56
61373 53
61383 55
61393 54
61403 49
61413 49
61423 46
61433 46
61443 45
61453 42
61464 42
61474 41
61484 48
61494 44
61504 47
61514 47
61524 47
61534 45
61544 48
61554 48
61564 44
61574 47
61584 41
61594 38
61605 44
61615 45
61625 45
61635 39
61645 38
61655 39
61665 35
61675 35
61686 35
61696 37
61706 43
61716 48
61726 48
61736 47
61746 48
61756 48
61766 48
61776 49
61786 45
61796 45
61806 51
61816 46
61827 44
61837 41
61847 43
61857 45
61867 46
61877 52
61887 52
61897 46
61907 44
61917 39
61927 39
61937 36
61948 40
61958 38
61968 35
61978 40
61988 36
61998 39
62009 42
62019 42
62029 48
62039 45
62049 45
62059 47
62069 46
62079 42
62089 40
62100 42
62110 47
62120 48
62130 48
62140 50
62150 52
62160 48
62170 42
62181 39
62191 44
62201 40
62211 42
62221 44
62231 46
62241 50
62251 48
62261 47
62271 46
62281 44
62291 41
62302 42
62312 41
62322 44
62332 46
62342 49
62352 50
62362 46
62372 47
62382 44
62392 40
62402 39
62413 40
62423 45
62433 50
62443 50
62453 53
62463 53
62473 51
62483 57
62493 52
62503 47
62514 44
62524 45
62534 49
62544 48
62554 53
62564 57
62574 55
62584 55
62594 53
62604 54
62614 46
62625 38
62635 39
62645 40
62655 44
62665 42
62675 45
62685 49
62695 50
62706 40
62716 43
62726 42
62736 44
62746 44
62756 45
62766 45
62776 44
62786 45
62796 46
62806 42
62816 42
62827 41
62837 45
62847 46
62857 48
62867 57
62877 54
62879 2
62887 52
62889 2
62897 53
62899 2
62907 55
62917 50
62927 49
62938 50
62948 48
62958 57
62968 58
62978 60
62988 61
62998 60
63008 57
63018 49
63029 41
63039 46
63049 51
63059 53
63069 51
63079 49
63089 46
63099 46
63110 46
63120 55
63130 56
63140 54
63150 47
63160 43
63171 43
63181 42
63191 43
63201 53
63211 53
63221 52
63231 49
63242 45
63252 46
63262 51
63272 58
63282 57
63292 55
63302 53
63312 42
63323 46
63333 45
63343 53
63353 49
63363 50
63373 48
63383 41
63394 38
63404 37
63414 41
63424 44
63434 48
63444 54
63454 49
63464 51
63475 46
63485 61
63495 60
63505 61
63515 60
63525 46
63536 43
63546 50
63556 57
63566 49
63576 48
63586 47
63596 44
63607 43
63617 44
63627 45
63637 45
63647 45
63657 48
63667 50
63677 48
63687 45
63697 44
63708 47
63718 48
63728 43
63738 45
63748 47
63758 44
63768 41
63779 41
63789 45
63799 47
63809 48
63819 47
63829 47
63839 46
63849 48
63859 40
63870 38
63880 38
63890 40
63900 38
63910 39
63920 43
63930 44
63940 43
63950 41
63961 46
63971 53
63981 53
63991 51
64001 54
64011 54
64021 51
64031 50
64041 41
64052 47
64062 47
64072 47
64082 47
64092 45
64102 40
64112 38
64122 38
64133 44
64143 48
64153 50
64163 52
64173 52
64178 2
64183 53
64188 2
64193 48
64198 2
64203 45
64208 2
64213 43
64215 2
64224 54
64234 60
64244 58
64248 2
64254 63
64256 2
64264 61
64274 54
64284 51
64294 51
64305 44
64315 44
64325 49
64335 51
64345 56
64355 63
64365 62
64375 55
64385 50
64395 41
64406 42
64416 51
64426 48
64436 42
64446 40
64457 39
64467 43
64477 46
64487 44
64497 49
64507 52
64517 52
64527 47
64537 46
64548 50
64558 61
64568 58
64578 60
64588 59
64598 47
64608 41
64619 46
64629 44
64639 45
64649 46
64659 42
64669 47
64679 47
64689 47
64700 46
64710 51
64720 51
64730 57
64740 57
64750 56
64760 60
64770 57
64780 51
64790 41
64801 40
64811 40
64821 49
64831 49
64833 2
64841 51
64843 2
64851 55
64861 51
64871 52
64881 49
64891 46
64902 47
64912 53
64922 51
64932 51
64942 51
64944 2
64952 51
64962 52
64972 51
64982 51
64992 45
65002 43
65012 42
65022 44
65033 48
65043 50
65053 53
65063 52
65073 50
65083 47
65093 45
65103 42
65114 48
65116 2
65124 47
65126 2
65134 51
65136 2
65144 52
65146 2
65154 49
65164 49
65174 49
65184 51
65194 48
65204 41
65215 43
65225 48
65235 47
65245 47
65255 48
65265 48
65275 46
65285 47
65295 45
65305 43
65315 38
65326 38
65336 39
65346 46
65356 50
65366 50
65376 49
65386 59
65396 52
65406 50
65417 39
65421 2
65427 42
65437 45
65447 48
65457 49
65467 50
65477 53
65488 44
65498 47
65508 52
65518 57
65528 64
65538 59
65548 61
65558 52
65568 52
65579 46
65589 46
65599 50
65609 52
65619 48
65629 48
65639 47
65641 2
65649 50
65659 49
65669 48
65679 45
65689 41
65700 48
65710 52
65720 53
65730 50
65732 2
65740 53
65750 56
65760 52
65770 50
65780 52
65790 50
65800 45
65811 46
65821 49
65831 49
65841 51
65851 51
65861 49
65871 44
65881 44
65891 43
65901 42
65911 40
65922 36
65932 36
65942 36
65952 40
65962 43
65972 44
65982 45
65992 46
66002 48
66012 47
66022 46
66032 47
66042 43
66052 38
66063 35
66073 39
66083 41
66093 40
66103 41
66113 43
66123 44
66133 42
66143 40
66154 40
66164 42
66174 44
66184 43
66194 45
66204 47
66214 50
66224 50
66234 47
66244 49
66254 46
66265 41
66275 47
66285 43
66295 45
66305 49
66315 51
66325 49
66335 47
66345 46
66355 47
66365 43
66375 40
66385 40
66395 42
66405 40
66416 42
66418 2
66426 43
66428 2
66436 45
66438 2
66446 49
66448 2
66456 49
66458 2
66466 48
66476 48
66486 48
66496 44
66506 41
66511 2
66517 44
66521 2
66527 50
66531 2
66537 56
66541 2
66547 55
66549 2
66557 61
66559 2
66567 65
66569 2
66577 58
66579 2
66587 54
66597 50
66607 45
66618 44
66628 44
66638 44
66648 42
66658 43
66668 51
66678 48
66688 41
66698 39
66709 39
66719 44
66729 46
66739 49
66749 52
66759 50
66769 48
66779 46
66790 40
66800 44
66810 48
66820 57
66830 52
66840 49
66850 48
66860 47
66870 45
66881 46
66883 2
66891 47
66893 2
66901 51
66911 49
66921 49
66931 46
66941 44
66951 41
66961 38
66972 47
66982 53
66992 61
67002 60
67012 51
67022 46
67033 47
67043 50
67053 47
67063 50
67073 47
67084 45
67094 48
67104 51
67114 48
67124 44
67134 39
67145 43
67155 48
67165 46
67175 47
67185 48
67195 46
67205 45
67215 42
67226 41
67236 49
67246 51
67256 56
67266 59
67276 58
67286 56
67296 50
67306 47
67317 47
67327 50
67337 49
67347 52
67357 55
67367 53
67377 54
67387 58
67389 3
67397 55
67407 54
67417 52
67427 48
67437 47
67447 43
67458 43
67468 45
67478 45
67488 47
67498 53
67508 48
67518 52
67528 52
67538 48
67548 50
67559 43
67569 49
67572 2
67579 58
67581 2
67589 59
67591 2
67599 66
67609 65
67619 59
67629 55
67639 52
67649 46
67659 43
67670 41
67680 43
67690 46
67700 50
67710 55
67720 53
67730 50
67740 49
67750 45
67760 42
67771 46
67781 48
67791 48
67801 52
67811 47
67821 49
67831 52
67841 49
67851 49
67862 53
67872 58
67882 65
67885 2
67892 61
67894 2
67902 58
67913 45
67923 48
67933 54
67943 58
67953 59
67963 58
67973 49
67983 43
67994 42
68004 43
68014 42
68024 42
68034 50
68044 48
68054 48
68064 49
68074 49
68084 47
68095 42
68105 51
68115 55
68125 56
68135 58
68145 55
68156 42
68166 46
68176 50
68186 49
68196 51
68206 45
68216 43
68227 50
68237 50
68247 52
68257 48
68267 49
68277 49
68287 49
68297 52
68307 51
68317 50
68327 46
68337 42
68348 45
68358 49
68368 54
68378 60
68388 50
68398 47
68408 44
68419 48
68429 60
68439 58
68449 61
68459 60
68469 53
68479 54
68489 41
68500 54
68510 57
68520 58
68530 67
68540 61
68550 49
68561 43
68571 44
68581 55
68591 58
68601 54
68611 52
68621 46
68632 46
68642 50
68652 56
68662 56
68672 57
68682 59
68692 57
68702 51
68712 50
68723 45
68733 47
68743 49
68753 53
68763 51
68773 49
68783 49
68793 50
68803 42
68814 59
68824 51
68834 49
68844 43
68854 42
68865 43
68875 45
68885 46
68895 47
68905 53
68915 51
68925 52
68935 58
68945 52
68955 46
68966 45
68976 50
68986 52
68990 2
68996 52
69006 46
69017 44
69027 44
69037 50
69047 56
69057 53
69067 53
69077 52
69087 54
69097 48
69107 43
69117 43
69127 45
69137 41
69147 36
69158 40
69168 39
69178 46
69188 45
69198 43
69208 47
69218 42
69228 45
69238 41
69249 46
69259 47
69269 48
69279 50
69289 51
69299 53
69309 49
69319 51
69329 48
69339 48
69349 47
69359 44
69369 42
69380 41
69390 42
69400 50
69410 54
69420 53
69430 56
69440 54
69450 49
69461 44
69471 48
69481 52
69491 53
69493 3
69501 54
69503 3
69511 55
69513 3
69521 59
69523 3
69531 58
69541 54
69551 53
69561 46
69572 43
69577 3
69582 46
69584 3
69592 52
69595 3
69602 55
69612 58
69622 54
69632 53
69642 52
69652 48
69662 45
69672 36
69683 39
69693 41
69703 42
69713 44
69723 44
69733 44
69743 45
69753 44
69763 43
69773 45
69783 46
69793 44
69803 42
69813 43
69816 3
69823 41
69834 37
69844 41
69854 44
69864 42
69874 44
69884 43
69894 42
69904 43
69914 44
69924 41
69935 41
69945 44
69955 48
69965 55
69975 58
69985 62
69995 66
70005 60
70015 51
70025 42
70035 42
70046 42
70056 52
70066 52
70076 53
70086 54
70096 45
70106 44
70117 43
70127 45
70137 47
70147 48
70157 54
70167 54
70177 55
70187 47
70197 46
70207 41
70218 45
70228 46
70238 51
70248 50
70258 52
70268 53
70278 55
70288 50
70298 51
70308 43
70318 43
70329 44
70339 44
70349 47
70359 47
70369 50
70379 45
70389 43
70400 44
70410 48
70420 50
70430 50
70440 50
70450 58
70460 44
70471 51
70481 57
70491 56
70501 55
70511 49
70521 44
70532 46
70542 47
70552 55
70562 60
70572 66
70582 64
70592 65
70602 63
70612 62
70622 57
70632 45
70642 43
70653 48
70663 47
70673 47
70683 45
70693 46
70703 44
70713 44
70723 41
70734 45
70744 46
70754 49
70764 51
70767 2
70774 57
70777 2
70784 53
70794 51
70804 51
70814 50
70825 46
70835 49
70845 53
70855 57
70865 59
70875 50
70885 48
70895 49
70905 48
70915 38
70926 37
70936 43
70946 44
70956 44
70966 46
70976 53
70986 49
70996 50
71006 51
71016 48
71026 46
71037 43
71047 45
71057 46
71067 48
71077 49
71087 50
71097 54
71107 55
71117 54
71127 47
71137 46
71148 44
71158 45
71168 45
71178 45
71188 45
71198 37
71209 37
71219 44
71229 48
71239 46
71249 45
71259 44
71269 43
71279 45
71289 45
71299 47
71309 48
71319 47
71329 45
71339 41
71350 41
71360 43
71370 47
71380 49
71390 52
71400 55
71410 57
71420 54
71430 49
71440 51
71450 51
71460 48
71470 42
71481 43
71491 45
71501 46
71511 45
71521 46
71531 48
71541 46
71551 46
71561 45
71572 43
71582 46
71592 49
71602 51
71612 57
71622 56
71632 56
71642 52
71652 47
71663 43
71673 45
71683 52
71685 2
71693 55
71703 56
71713 52
71723 45
71734 40
71744 42
71754 46
71764 53
71774 52
71784 55
71794 54
71804 53
71814 55
71824 49
71834 44
71845 45
71855 55
71865 57
71875 57
71885 60
71895 51
71906 43
71916 47
71926 49
71936 51
71946 56
71956 57
71966 52
71977 45
71987 51
71997 54
72007 56
72017 57
72027 56
72037 53
72047 50
72057 50
72068 44
72078 55
72088 67
72098 63
72108 60
72118 51
72128 46
72139 51
72149 59
72159 65
72169 62
72179 64
72189 59
72199 54
72210 49
72220 50
72230 50
72240 51
72250 55
72260 54
72270 50
72281 48
72291 55
72301 56
72311 50
72321 45
72331 39
72342 40
72352 46
72362 48
72372 56
72382 55
72392 51
72402 52
72412 51
72422 46
72432 41
72443 44
72453 47
72456 2
72463 52
72473 52
72483 57
72493 61
72503 60
72513 56
72523 56
72533 47
72544 47
72554 50
72564 58
72574 61
72584 56
72594 53
72604 41
72615 42
72625 41
72635 45
72645 49
72655 48
72665 49
72675 48
72685 46
72695 42
72705 41
72716 40
72726 44
72736 46
72746 44
72756 48
72766 49
72776 51
72786 50
72796 50
72800 3
72806 52
72816 43
72826 41
72836 46
72847 42
72857 51
72867 50
72877 55
72887 57
72897 57
72907 55
72917 50
72928 43
72938 52
72948 54
72958 57
72968 62
72978 61
72988 55
72998 44
73009 42
73019 47
73029 48
73039 48
73049 50
73059 52
73069 48
73079 50
73089 43
73099 40
73109 40
73119 38
73130 41
73140 43
73150 48
73160 45
73170 44
73180 46
73190 42
73201 43
73211 47
73221 53
73231 51
73241 52
73251 50
73261 49
73271 47
73281 43
73292 48
73302 52
73312 53
73322 50
73332 49
73342 50
73352 48
73362 45
73372 45
73382 45
73393 45
73403 51
73413 51
73423 51
73433 52
73443 57
73453 61
73463 67
73473 61
73483 62
73493 58
73503 52
73507 2
73513 48
73517 2
73524 44
73527 2
73534 49
73544 52
73554 52
73564 51
73574 49
73584 52
73594 44
73604 41
73615 44
73625 50
73635 51
73645 45
73655 48
73665 51
73675 51
73685 51
73695 48
73705 43
73715 45
73725 43
73735 42
73746 41
73756 46
73766 44
73776 45
73786 47
73796 48
73806 47
73816 46
73826 40
73836 37
73847 39
73857 44
73867 43
73877 45
73887 47
73897 48
73907 47
73917 46
73927 42
73937 40
73948 45
73958 49
73968 52
73978 56
73988 56
73998 54
74008 53
74018 49
74028 51
74038 46
74049 46
74059 49
74069 48
74071 2
74079 55
74081 2
74089 53
74091 2
74099 57
74109 49
74119 46
74129 39
74140 42
74150 48
74160 49
74170 49
74180 51
74182 2
74190 52
74200 49
74210 45
74220 45
74230 43
74240 41
74250 41
74261 42
74271 47
74281 50
74291 49
74301 48
74311 50
74321 52
74324 2
74331 52
74341 50
74351 49
74361 49
74371 46
74381 44
74391 42
74401 39
74412 40
74422 43
74432 45
74442 45
74452 45
74462 45
74472 42
74482 44
74492 46
74502 45
74512 39
74523 44
74533 46
74543 55
74553 54
74563 51
74573 48
74583 52
74593 54
74603 49
74613 45
74623 42
74633 38
74644 43
74654 41
74664 40
74674 35
74684 35
74694 35
74704 37
74714 41
74724 41
74734 41
74744 42
74754 38
74765 41
74775 43
74785 45
74795 47
74805 49
74815 49
74825 51
74835 46
74845 42
74855 39
74865 40
74875 39
74886 45
74896 45
74906 48
74916 53
74926 56
74936 60
74946 56
74956 54
74966 53
74976 47
74986 42
74997 44
75007 41
75017 43
75027 46
75037 41
75047 43
75057 48
75067 42
75077 48
75087 43
75097 41
75107 38
75118 40
75128 44
75138 44
75148 46
75158 47
75169 48
75179 48
75189 50
75199 55
75209 58
75219 55
75229 55
75240 51
75250 52
75260 58
75262 2
75270 58
75272 2
75280 60
75290 58
75300 54
75310 44
75321 42
75331 44
75341 48
75351 56
75361 53
75371 55
75381 51
75391 47
75401 51
75412 41
75422 46
75432 56
75442 48
75452 47
75462 47
75472 47
75482 42
75493 46
75503 52
75513 51
75523 59
75533 56
75543 57
75553 54
75563 55
75574 44
75584 57
75594 54
75604 52
75614 55
75624 54
75635 49
75645 57
75655 61
75666 46
75676 50
75686 54
75696 63
75706 61
75716 58
75726 50
75736 45
75747 40
75757 43
75767 42
75777 42
75787 45
75797 49
75807 52
75817 56
75827 58
75837 58
75847 57
75857 55
75867 50
75878 42
75888 45
75898 48
75908 52
75912 2
75918 54
75922 2
75928 57
75932 2
75938 62
75942 2
75948 63
75950 2
75958 64
75969 53
75979 59
75989 60
75999 58
76009 53
76019 48
76029 44
76040 46
76050 54
76060 58
76070 63
76080 63
76090 60
76101 48
76111 54
76121 58
76131 60
76141 59
76151 59
76161 53
76171 50
76181 44
76192 46
76202 49
76212 49
76222 50
76232 48
76242 48
76252 49
76263 51
76273 61
76283 65
76293 70
76303 54
76313 49
76316 1
76324 46
76326 1
76334 51
76344 55
76354 55
76364 51
76374 46
76385 49
76395 64
76405 64
76415 65
76425 55
76435 50
76446 44
76456 54
76466 57
76476 54
76486 51
76496 50
76506 43
76517 44
76527 46
76537 46
76547 48
76557 51
76567 51
76577 52
76587 52
76597 53
76607 50
76617 44
76628 51
76638 56
76648 51
76658 48
76668 50
76678 44
76688 43
76699 44
76709 50
76719 52
76729 50
76739 48
76749 50
76759 51
76769 44
76779 44
76790 42
76800 45
76810 51
76820 58
76830 60
76840 68
76850 58
76860 60
76870 53
76880 42
76890 40
76901 40
76911 46
76921 52
76931 53
76941 51
76951 50
76961 50
76971 52
76981 52
76991 46
77001 45
77012 43
77022 46
77032 43
77042 48
77052 45
77062 46
77072 46
77082 47
77092 44
77102 44
77112 41
77122 41
77132 39
77143 40
77153 42
77163 42
77168 3
77173 41
77178 3
77183 42
77188 3
77193 43
77198 3
77203 43
77208 3
77213 46
77218 3
77223 44
77225 3
77233 44
77244 48
77254 48
77264 50
77274 51
77284 50
77294 53
77304 54
77314 48
77324 43
77334 42
77344 37
77355 42
77365 46
77375 52
77385 51
77395 49
77405 48
77415 40
77425 37
77436 44
77446 49
77456 52
77466 53
77476 61
77486 61
77496 54
77506 55
77516 53
77526 49
77536 47
77547 41
77557 47
77567 53
77577 56
77587 57
77592 2
77597 58
77599 2
77607 60
77610 2
77617 56
77627 49
77638 43
77648 47
77658 53
77668 58
77678 56
77688 55
77698 51
77708 46
77718 45
77729 40
77739 52
77749 48
77759 45
77769 41
77779 39
77789 41
77800 45
77810 46
77820 51
77830 50
77840 53
77850 50
77860 49
77870 49
77880 44
77891 38
77901 43
77911 46
77921 46
77931 47
77941 49
77951 45
77961 43
77971 44
77981 44
77991 41
78001 38
78012 42
78022 49
78032 51
78042 52
78052 55
78062 49
78072 42
78083 41
78093 40
78103 43
78113 47
78123 52
78133 55
78143 56
78153 46
78164 43
78167 2
78174 44
78184 45
78194 50
78204 49
78214 52
78224 56
78234 62
78244 64
78254 60
78257 3
78264 59
78267 3
78274 57
78277 3
78284 54
78286 3
78294 53
78296 3
78304 48
78314 44
78316 3
78325 50
78335 54
78345 60
78355 51
78365 55
78375 57
78385 57
78395 58
78405 54
78415 50
78425 46
78435 46
78445 44
78455 43
78465 41
78476 39
78486 41
78496 48
78506 48
78516 48
78526 50
78536 44
78546 42
78556 41
78567 40
78577 46
78587 45
78597 46
78607 45
78617 48
78627 50
78637 52
78647 52
78657 50
78667 44
78678 43
78688 46
78698 45
78708 46
78718 46
78728 50
78738 44
78748 43
78758 43
78769 40
78779 41
78789 48
78799 48
78809 46
78819 48
78829 49
78839 50
78849 46
78859 45
78869 50
78879 41
78890 39
78900 41
78910 48
78920 45
78930 46
78940 42
78950 43
78960 45
78970 44
78980 44
78990 43
79001 48
79011 50
79021 52
79031 57
79041 58
79051 50
79061 49
79071 48
79081 43
79091 41
79102 40
79112 39
79122 47
79126 2
79132 58
79134 2
79142 54
79144 2
79152 50
79154 2
79162 52
79164 2
79172 49
79174 2
79183 54
79193 61
79203 59
79213 60
79223 60
79233 53
79243 54
79253 46
79263 42
79274 42
79284 50
79294 56
79304 53
79314 47
79324 41
79335 46
79345 49
79355 52
79365 57
79375 55
79385 64
79395 60
79405 55
79415 56
79425 48
79436 43
79446 44
79456 48
79466 51
79476 52
79478 4
79486 50
79496 45
79506 42
79517 40
79527 40
79537 44
79547 46
79552 4
79557 48
79567 45
79577 52
79587 49
79597 50
79607 48
79617 48
79627 47
79637 47
79647 42
79658 42
79668 44
79678 41
79688 43
79698 41
79708 43
79718 41
79728 43
79738 44
79748 45
79758 41
79769 43
79779 41
79789 46
79799 46
79809 46
79819 45
79829 48
79839 48
79849 43
79859 44
79869 43
79879 44
79890 43
79900 44
79910 48
79920 49
79930 47
79940 48
79950 46
79960 43
79970 41
79980 39
79990 40
80000 42
80011 39
80021 43
80031 39
80041 39
80051 42
80061 46
80071 46
80081 44
80091 41
80093 3
80101 42
80112 41
80122 43
80132 46
80142 44
80152 48
80162 45
80172 47
80182 48
80192 45
80202 47
80212 44
80222 41
80232 39
80242 41
80252 40
80262 41
80272 40
80282 39
80293 38
80303 36
80313 40
80323 42
80333 44
80343 43
80353 43
80363 44
80373 44
80383 41
80393 41
80403 40
80414 41
80424 46
80434 45
80444 44
80454 47
80464 47
80474 52
80484 51
80494 47
80504 46
80514 43
80524 43
80534 40
80544 38
80554 38
80565 44
80575 47
80585 52
80595 51
80605 48
80615 40
80626 46
80636 47
80646 52
80656 57
80666 57
80676 58
80686 54
80697 52
80707 61
80717 53
80727 48
80737 43
80748 41
80758 44
80768 46
80778 47
80788 44
80799 45
80809 46
80819 49
80829 56
80839 57
80849 54
80859 52
80869 46
80880 56
80890 64
80900 67
80910 67
80920 66
80930 54
80940 49
80951 55
80961 56
80971 54
80981 51
80991 55
81001 49
81011 45
81022 47
81032 46
81042 50
81052 56
81062 50
81072 46
81082 42
81092 42
81103 45
81113 51
81123 52
81133 53
81143 53
81153 59
81163 63
81173 62
81183 53
81193 43
81204 52
81214 51
81224 55
81234 50
81244 49
81254 43
81265 45
81275 49
81285 52
81295 55
81305 57
81315 57
81325 54
81335 50
81346 44
81356 46
81366 51
81376 49
81386 46
81396 44
81407 46
81417 51
81427 59
81437 55
81447 48
81457 46
81467 43
81478 47
81488 56
81498 58
81508 62
81518 50
81529 51
81539 54
81549 56
81559 57
81569 51
81579 48
81589 47
81599 44
81610 44
81620 50
81630 57
81640 55
81650 61
81660 56
81670 57
81680 46
81690 43
81701 46
81711 60
81716 2
81721 67
81723 2
81731 56
81741 54
81751 51
81761 46
81771 47
81782 56
81792 60
81802 62
81812 60
81822 60
81832 58
81842 50
81852 45
81863 48
81873 49
81883 55
81893 55
81903 54
81913 57
81923 56
81933 49
81943 46
81953 45
81956 2
81964 48
81974 52
81984 54
81994 56
82004 57
82014 60
82024 56
82034 55
82044 52
82054 45
82064 42
82075 41
82085 45
82095 52
82105 50
82115 51
82125 52
82135 50
82145 48
82155 43
82165 40
82176 42
82186 46
82196 51
82206 53
82217 44
82227 42
82237 46
82247 54
82257 48
82267 51
82277 50
82287 46
82297 50
82307 45
82318 47
82328 49
82338 57
82348 54
82358 59
82368 60
82378 46
82389 53
82399 65
82409 51
82419 47
82430 50
82440 55
82450 51
82452 2
82460 47
82470 46
82480 50
82491 44
82501 48
82511 49
82521 53
82531 55
82541 60
82551 57
82561 54
82571 52
82581 50
82591 47
82601 50
82611 46
82621 46
82631 45
82642 51
82652 54
82662 57
82672 57
82682 63
82692 56
82702 50
82713 46
82723 49
82733 46
82735 3
82743 50
82745 3
82753 60
82755 3
82763 58
82765 3
82773 56
82783 54
82793 53
82803 53
82813 47
82824 42
82829 3
82834 44
82839 3
82844 47
82849 3
82854 49
82859 3
82864 49
82869 3
82874 50
82876 3
82884 50
82886 3
82894 48
82896 3
82904 49
82914 49
82924 42
82927 3
82935 48
82937 3
82945 50
82955 53
82965 51
82975 53
82985 45
82996 45
83006 53
83016 57
83026 62
83036 62
83046 59
83056 60
83066 54
83076 51
83086 45
83097 54
83107 55
83117 57
83127 57
83137 56
83147 47
83157 45
83167 40
83178 45
83188 45
83198 49
83208 53
83218 52
83228 54
83238 49
83248 43
83259 46
83269 51
83279 56
83289 56
83299 55
83310 46
83320 56
83330 57
83332 1
83340 61
83350 59
83360 47
83371 51
83381 58
83391 64
83401 62
83411 61
83421 55
83431 45
83442 41
83452 42
83462 43
83472 44
83474 2
83482 46
83492 48
83502 48
83512 43
83522 42
83532 40
83543 42
83553 45
83557 2
83563 50
83567 2
83573 49
83577 2
83583 56
83587 2
83593 64
83603 54
83613 53
83623 43
83634 42
83644 46
83654 53
83664 58
83674 58
83684 61
83694 55
83704 54
83714 52
83724 46
83734 43
83745 42
83755 44
83765 50
83775 52
83785 51
83795 50
83805 51
83815 47
83825 45
83835 42
83846 47
83856 52
83866 57
83876 60
83886 59
83896 56
83906 56
83916 54
83926 51
83936 42
83947 42
83949 2
83957 49
83959 2
83967 45
83969 2
83977 46
83979 2
83987 45
83989 2
83997 46
83999 2
84007 45
84009 2
84017 45
84019 2
84028 43
84029 2
84038 51
84048 51
84058 48
84068 51
84078 53
84088 53
84098 49
84108 49
84118 45
84128 41
84138 40
84149 40
84159 40
84169 45
84179 47
84189 47
84199 47
84209 47
84219 47
84229 44
84239 45
84249 41
84259 40
84269 41
84280 41
84290 44
84300 45
84310 48
84320 48
84330 49
84340 53
84350 46
84360 46
84370 39
84381 41
84391 44
84401 51
84411 53
84421 58
84431 58
84441 57
84451 54
84461 50
84471 48
84481 46
84492 41
84502 47
84512 53
84522 54
84532 57
84542 51
84552 44
84563 44
84573 45
84583 50
84593 53
84603 53
84606 2
84613 55
84615 2
84623 53
84633 54
84643 55
84653 55
84663 50
84673 48
84683 45
84693 43
84704 45
84714 48
84724 49
84734 44
84744 47
84754 46
84764 47
84774 44
84785 41
84795 40
84805 49
84815 43
84825 41
84836 36
84845 37
84856 39
84866 46
84876 53
84886 55
84896 57
84906 58
84916 64
84926 54
84937 47
84947 50
84957 51
84967 61
84977 58
84987 54
84998 49
85008 47
85018 50
85028 59
85038 61
85048 63
85058 47
85069 47
85079 57
85089 53
85099 53
85109 52
85119 46
85130 42
85140 48
85150 51
85160 54
85170 51
85180 52
85190 55
85200 45
85210 41
85220 39
85231 43
85241 49
85251 46
85261 44
85271 45
85281 45
85291 39
85301 39
85312 45
85322 44
85332 47
85342 42
85352 48
85362 41
85372 48
85383 41
85393 41
85403 41
85413 41
85423 44
85433 45
85443 43
85453 39
85463 41
85473 41
85483 41
85493 39
85503 40
85513 43
85524 44
85534 49
85544 49
85549 3
85554 53
85559 3
85564 52
85569 3
85574 48
85579 3
85584 49
85594 48
85596 3
85604 50
85614 49
85624 52
85634 47
85644 43
85655 43
85659 3
85665 45
85669 3
85675 44
85679 3
85685 49
85689 3
85695 55
85699 3
85705 55
85715 56
85725 57
85735 53
85745 41
85756 42
85766 48
85776 50
85786 49
85796 44
85806 40
85816 39
85827 42
85837 42
85847 43
85857 45
85867 47
85877 47
85887 44
85897 45
85907 50
85917 47
85927 47
85937 45
85947 41
85957 39
85968 43
85978 41
85988 46
85998 47
86008 48
86018 50
86028 53
86038 46
86048 45
86058 42
86068 44
86078 41
86089 41
86099 45
86109 49
86119 49
86129 52
86139 58
86149 58
86159 54
86169 52
86179 53
86189 50
86199 48
86209 47
86219 42
86230 45
86232 2
86240 52
86242 2
86250 56
86252 2
86260 58
86262 2
86270 61
86272 2
86280 56
86282 2
86290 55
86300 46
86311 44
86313 2
86321 50
86323 2
86331 48
86333 2
86341 53
86351 56
86361 56
86371 51
86381 50
86391 48
86401 46
86411 47
86421 45
86431 41
86442 45
86452 44
86462 54
86472 49
86482 44
86492 46
86502 43
86513 44
86523 46
86533 52
86543 55
86553 56
86563 55
86573 55
86583 56
86593 49
86603 45
86613 44
86624 41
86634 47
86644 50
86654 52
86664 53
86674 49
86684 46
86695 44
86705 45
86715 47
86725 51
86735 52
86745 52
86755 54
86765 51
86775 54
86785 53
86795 48
86798 1
86806 48
86808 1
86816 50
86826 47
86837 40
86847 54
86857 60
86867 67
86877 60
86887 52
86897 53
86908 51
86918 56
86928 53
86938 47
86948 46
86958 45
86969 44
86979 49
86989 51
86999 52
87009 44
87020 48
87030 49
87040 51
87050 52
87052 2
87060 52
87062 2
87070 59
87072 2
87080 57
87082 2
87090 54
87092 2
87100 51
87102 2
87110 51
87112 2
87120 54
87130 48
87140 43
87151 46
87156 2
87161 51
87166 2
87171 53
87173 2
87181 53
87191 52
87201 50
87211 53
87221 50
87231 50
87241 46
87252 44
87262 47
87272 47
87274 2
87282 52
87292 57
87302 61
87312 62
87322 55
87332 51
87342 45
87352 45
87363 40
87373 37
87383 47
87393 53
87403 49
87413 48
87423 41
87434 40
87444 45
87454 47
87464 51
87474 51
87484 54
87494 52
87504 52
87514 49
87524 45
87535 44
87545 50
87555 60
87565 57
87575 54
87585 55
87595 46
87605 46
87615 44
87625 44
87635 41
87646 42
87656 47
87666 47
87676 44
87686 47
87696 47
87706 44
87716 41
87727 48
87737 50
87747 55
87757 57
87767 54
87777 53
87787 48
87797 48
87807 38
87818 39
87828 45
87838 45
87849 43
87859 48
87869 50
87879 53
87889 54
87899 54
87909 56
87919 58
87929 55
87939 52
87949 49
87959 46
87969 39
87979 39
87990 44
88000 48
88010 48
88020 46
88030 49
88040 53
88050 53
88060 52
88070 48
88080 42
88091 42
88101 46
88111 50
88113 2
88121 50
88123 2
88131 54
88133 2
88141 52
88143 2
88151 55
88153 2
88161 48
88172 46
88182 50
88192 52
88202 53
88212 58
88217 2
88222 60
88227 2
88232 53
88242 44
88253 48
88263 52
88273 56
88283 60
88285 2
88293 62
88303 53
88313 47
88323 46
88334 44
88344 56
88354 61
88364 60
88374 53
88384 47
88394 43
88405 46
88415 52
88425 55
88435 57
88445 55
88455 61
88465 57
88475 55
88485 48
88495 44
88506 37
88516 41
88526 43
88536 40
88546 48
88556 46
88566 42
88576 42
88586 38
88596 40
88607 42
88617 44
88627 48
88637 51
88647 48
88657 48
88667 46
88677 46
88687 41
88698 45
88708 49
88718 54
88728 57
88738 63
88748 55
88758 50
88768 49
88779 44
88789 49
88799 50
88809 54
88819 56
88829 53
88839 54
88849 53
88859 47
88869 44
88879 43
88889 42
88900 41
88910 39
88920 38
88930 39
88940 43
88950 44
88960 44
88970 48
88980 45
88990 41
89001 43
89011 49
89021 55
89031 60
89041 66
89051 59
89061 52
89071 51
89081 46
89091 45
89102 44
89112 43
89122 43
89132 44
89142 48
89152 45
89162 45
89172 47
89182 47
89192 41
89202 42
89213 44
89223 50
89233 49
89243 57
89253 52
89263 50
89273 49
89283 45
89294 46
89304 43
89314 44
89324 43
89334 45
89344 47
89354 50
89364 47
89374 47
89385 50
89395 55
89405 59
89415 58
89425 58
89435 56
89437 2
89445 51
89455 45
89466 51
89476 51
89486 51
89496 55
89506 55
89516 52
89526 49
89536 48
89546 46
89556 47
89567 43
89577 48
89587 49
89597 53
89607 57
89617 62
89621 2
89627 62
89637 58
89647 46
89658 51
89668 54
89678 57
89688 63
89698 64
89708 63
89718 59
89728 50
89739 45
89749 54
89759 51
89769 60
89779 62
89789 56
89799 51
89809 49
89819 43
89829 42
89840 44
89850 47
89860 48
89870 49
89880 45
89890 43
89900 43
89911 49
89921 51
89931 54
89941 56
89951 52
89961 50
89971 48
89981 44
89992 42
90002 57
90012 52
90022 52
90032 46
90042 43
90052 39
90063 39
90073 46
90083 47
90093 50
90103 46
90113 47
90123 51
90133 52
90143 52
90153 49
90164 39
90174 40
90184 39
90194 40
90204 39
90214 42
90224 40
90234 42
90244 39
90254 38
90265 40
90275 43
90285 45
90295 49
90305 51
90315 56
90325 61
90335 57
90345 57
90355 48
90366 43
90376 45
90386 55
90396 56
90406 60
90416 62
90426 58
90436 59
90446 58
90456 51
90466 49
90477 41
90487 44
90497 51
90499 3
90507 55
90509 3
90517 57
90519 3
90527 58
90529 3
90537 56
90547 58
90557 56
90567 55
90577 53
90587 53
90597 46
90607 40
90618 43
90628 42
90638 41
90648 43
90658 43
90668 43
90678 42
90688 41
90698 38
90708 40
90718 40
90728 37
90738 37
90749 38
90759 39
90769 44
90779 45
90789 47
90799 50
90809 49
90819 55
90829 52
90839 53
90849 50
90859 46
90869 42
90880 43
90890 45
90900 48
90910 45
90920 45
90930 45
90940 44
90950 42
90960 45
90970 41
90981 40
90991 44
91001 44
91011 46
91021 47
91031 47
91041 48
91051 48
91061 44
91072 44
91082 49
91092 56
91102 63
91106 1
91112 60
91116 1
91122 48
91133 55
91143 64
91153 59
91163 56
91173 56
91183 42
91193 40
91204 42
91214 43
91224 45
91234 44
91244 45
91254 46
91264 47
91274 46
91284 44
91295 44
91305 50
91315 58
91325 53
91335 53
91345 47
91355 45
91365 47
91375 44
91386 45
91396 49
91406 52
91416 52
91426 54
91436 51
91446 49
91456 47
91467 46
91477 50
91487 57
91497 61
91499 2
91507 56
91517 55
91527 50
91537 44
91543 2
91548 48
91553 2
91558 50
91563 2
91568 52
91573 2
91578 53
91583 2
91588 55
91590 2
91598 55
91601 2
91608 56
91618 55
91628 50
91638 47
91648 43
91658 40
91669 41
91679 44
91689 44
91699 50
91709 53
91719 49
91729 52
91739 50
91749 53
91759 53
91769 46
91779 43
91790 46
91800 48
91810 55
91820 46
91830 50
91840 48
91850 44
91861 48
91871 52
91881 55
91891 58
91901 62
91911 62
91921 58
91931 50
91942 46
91952 47
91962 50
91972 50
91982 48
91992 46
92002 47
92013 52
92023 58
92033 61
92043 56
92054 45
92064 49
92074 54
92084 59
92086 2
92094 60
92096 2
92104 66
92114 58
92124 49
92134 46
92145 49
92150 2
92155 58
92160 2
92165 63
92167 2
92175 62
92177 2
92185 63
92187 2
92195 61
92205 57
92215 54
92225 47
92236 51
92246 56
92256 58
92266 61
92276 58
92286 44
92297 45
92307 46
92317 49
92327 48
92337 50
92347 49
92357 46
92367 44
92377 42
92387 41
92398 46
92408 57
92418 61
92428 60
92438 62
92448 54
92458 48
92468 40
92479 40
92489 52
92499 59
92510 42
92520 50
92530 55
92540 54
92550 48
92560 48
92570 51
92580 42
92590 43
92601 51
92611 51
92615 1
92621 58
92631 56
92642 42
92652 43
92662 51
92672 53
92682 53
92692 49
92702 46
92712 42
92723 47
92733 47
92743 56
92753 57
92763 56
92773 55
92783 50
92793 41
92804 44
92814 43
92824 47
92834 52
92844 50
92854 55
92864 46
92874 47
92884 47
92894 51
92904 49
92914 39
92924 35
92935 40
92945 46
92955 44
92965 49
92976 50
92986 55
92996 59
93006 61
93016 59
93026 59
93036 55
93046 41
93057 49
93067 59
93077 58
93088 44
93098 53
93108 55
93118 55
93128 49
93138 44
93149 51
93159 53
93169 53
93179 60
93189 63
93199 63
93209 61
93219 62
93229 60
93239 57
93249 56
93260 44
93270 45
93280 44
93290 45
93300 50
93310 57
93320 50
93330 46
93340 48
93351 42
93361 44
93366 4
93371 47
93376 4
93381 54
93386 4
93391 59
93396 4
93401 57
93411 57
93421 56
93431 52
93441 49
93451 46
93461 43
93471 43
93482 42
93492 43
93502 47
93512 50
93522 48
93532 51
93542 50
93552 45
93563 43
93573 42
93583 47
93593 47
93603 48
93613 49
93623 51
93633 46
93643 46
93653 46
93663 47
93673 41
93683 37
93694 38
93704 42
93714 41
93724 42
93734 44
93744 45
93754 42
93764 38
93774 38
93784 42
93795 39
93805 40
93815 46
93825 49
93835 55
93845 52
93855 50
93865 53
93875 46
93885 45
93896 42
93906 47
93916 44
93926 52
93936 55
93946 53
93956 53
93966 50
93976 50
93986 47
93997 46
94007 44
94017 46
94027 53
94037 55
94047 51
94057 51
94067 48
94077 48
94087 44
94098 40
94108 47
94118 49
94128 53
94138 57
94148 59
94158 49
94168 43
94179 41
94189 44
94199 47
94209 53
94219 52
94229 53
94239 55
94249 54
94259 50
94269 47
94279 44
94290 45
94300 52
94310 53
94320 59
94330 57
94340 56
94350 52
94360 51
94370 44
94381 42
94391 42
94401 50
94411 48
94421 50
94431 56
94441 56
94451 53
94462 48
94472 57
94482 54
94492 56
94502 60
94512 58
94522 46
94533 52
94543 61
94553 44
94563 41
94574 57
94584 53
94594 52
94604 56
94614 48
94624 42
94635 40
94645 44
94655 49
94665 54
94675 54
94685 54
94695 56
94705 56
94715 58
94725 56
94735 54
94745 53
94755 52
94766 45
94776 54
94786 57
94796 57
94806 60
94816 61
94826 62
94828 3
94836 58
94846 56
94856 52
94866 45
94872 3
94877 44
94882 3
94887 49
94892 3
94897 50
94902 3
94907 51
94912 3
94917 54
94922 3
94927 56
94932 3
94937 57
94942 3
94947 54
94957 51
94967 45
94977 42
94988 45
94998 42
95008 42
95018 43
95028 44
95038 44
95048 45
95058 47
95068 41
95079 40
95089 40
95099 42
95109 42
95119 41
95129 50
95139 47
95149 46
95159 49
95169 39
95180 43
95190 44
95200 46
95210 48
95220 50
95230 52
95240 47
95250 46
95261 42
95271 47
95281 46
95291 44
95301 47
95311 44
95321 46
95331 44
95341 43
95351 41
95362 43
95372 49
95382 51
95392 51
95402 48
95412 52
95422 54
95432 59
95442 57
95452 58
95462 51
95472 50
95482 44
95485 2
95493 49
95503 58
95513 58
95523 52
95533 55
95543 49
95553 41
95564 42
95574 42
95584 42
95594 46
95604 53
95614 50
95624 54
95634 50
95644 48
95654 45
95664 42
95674 40
95684 38
95695 38
95705 39
95715 41
95725 43
95735 42
95745 46
95755 50
95765 52
95775 51
95785 52
95795 54
95805 48
95815 44
95825 43
95835 42
95846 52
95856 52
95866 53
95876 55
95886 50
95896 48
95906 47
95916 42
95926 41
95937 49
95947 49
95957 53
95967 49
95977 47
95987 44
95997 44
96007 40
96017 39
96028 40
96038 41
96048 47
96058 47
96068 48
96078 47
96088 53
96098 45
96108 44
96119 39
96129 46
96139 48
96149 48
96159 50
96169 51
96179 51
96189 52
96199 57
96209 49
96219 48
96230 49
96240 61
96250 57
96260 59
96270 49
96280 44
96291 41
96301 45
96311 49
96321 45
96331 47
96341 48
96351 44
96361 41
96371 42
96382 42
96392 45
96402 50
96412 53
96422 52
96432 51
96434 2
96442 49
96452 52
96462 54
96472 48
96483 45
96493 47
96503 53
96513 62
96523 64
96533 56
96543 51
96553 42
96564 46
96574 48
96584 46
96594 45
96604 46
96614 46
96624 46
96635 40
96645 46
96655 52
96665 55
96675 57
96685 57
96695 51
96705 43
96716 48
96726 55
96736 61
96746 66
96756 59
96766 53
96776 45
96787 54
96797 54
96807 58
96817 59
96827 52
96837 44
96848 41
96858 47
96868 48
96878 56
96888 61
96898 56
96908 48
96919 45
96929 46
96939 48
96949 49
96959 53
96969 51
96979 45
96989 43
97000 42
97010 44
97020 46
97030 45
97040 46
97050 50
97060 54
97070 50
97080 42
97091 41
97101 44
97111 47
97121 55
97131 49
97141 48
97151 43
97162 43
97172 52
97182 53
97192 57
97202 67
97204 1
97212 70
97223 49
97233 49
97243 59
97253 61
97263 63
97273 57
97283 49
97293 43
97304 38
97314 43
97324 44
97334 44
97344 42
97354 43
97364 40
97374 42
97384 43
97394 40
97405 43
97415 44
97425 47
97435 47
97445 51
97455 48
97465 49
97475 47
97486 49
97496 60
97506 56
97516 51
97526 44
97537 50
97547 52
97557 56
97567 59
97577 58
97587 53
97598 49
97608 42
97618 44
97628 44
97638 43
97649 43
97659 50
97669 52
97679 58
97689 56
97699 53
97709 59
97719 59
97729 53
97739 47
97750 43
97760 48
97770 50
97780 53
97790 58
97800 52
97810 54
97820 49
97831 49
97841 55
97851 59
97861 57
97871 56
97882 50
97892 56
97902 58
97912 53
97922 49
97932 40
97943 45
97953 55
97963 56
97973 60
97983 58
97993 55
98003 53
98013 48
98023 41
98034 43
98044 46
98054 50
98064 51
98074 40
98085 42
98095 47
98105 53
98115 56
98125 60
98135 61
98145 64
98155 62
98165 58
98175 56
98185 54
98195 51
98206 56
98216 53
98226 48
98236 42
98247 47
98257 53
98267 57
98277 58
98287 62
98297 60
98307 51
98317 45
98328 48
98338 50
98348 57
98358 53
98368 54
98378 54
98388 53
98398 52
98408 47
98419 52
98429 57
98439 57
98449 62
98459 62
98469 60
98479 58
98489 60
98499 53
98509 44
98512 3
98519 43
98522 3
98530 42
98532 3
98540 52
98542 3
98550 55
98552 3
98560 58
98562 3
98570 60
98580 56
98590 54
98600 49
98610 47
98621 42
98626 3
98631 43
98636 3
98641 51
98646 3
98651 53
98656 3
98661 53
98666 3
98671 48
98681 45
98691 47
98701 44
98712 52
98722 55
98726 3
98732 58
98736 3
98742 54
98752 55
98762 57
98772 51
98783 49
98793 46
98803 50
98813 57
98823 59
98833 58
98843 53
98853 50
98864 45
98874 45
98884 50
98894 55
98904 57
98914 55
98924 50
98934 43
98944 42
98955 45
98965 48
98975 50
98985 54
98995 55
99005 54
99015 51
99025 41
99036 41
99046 47
99056 45
99066 47
99076 47
99086 45
99096 48
99106 41
99116 40
99126 38
99137 42
99147 40
99157 42
99167 44
99177 47
99187 51
99197 51
99207 42
99218 51
99228 53
99238 57
99248 56
99259 48
99269 45
99279 46
99289 45
99299 43
99310 46
99320 50
99330 55
99340 47
99351 53
99361 60
99371 58
99381 58
99391 63
99401 56
99412 54
99422 50
99432 56
99442 53
99452 51
99462 46
99473 48
99483 49
99493 50
99503 49
99513 50
99523 47
99533 48
99544 47
99554 54
99564 60
99574 57
99584 58
99594 50
99604 50
99614 43
99624 41
99635 40
99645 41
99655 51
99665 53
99675 52
99685 54
99695 55
99705 54
99715 52
99725 48
99735 48
99745 40
99755 40
99766 39
99776 40
99786 43
99788 2
99796 41
99806 43
99816 44
99826 45
99836 46
99846 45
99856 42
99867 40
99877 42
99887 42
99897 44
99907 48
99917 53
99927 54
99937 54
99947 55
99957 52
99967 43
99978 49
99988 59
99998 64
