1 13 0 0 0 0.13
2 37 0 0 0 0.37
3 48 0 0 0 0.48
4 45 1 0 0 0.45
5 39 0 0 0 0.39
6 35 3 0 0 0.35
7 30 6 0 0 0.3
8 23 7 1 0.01 0.23
9 21 15 1 0.01 0.21
10 12 17 1 0.01 0.12
11 19 22 1 0.01 0.19
12 18 27 1 0.01 0.18
13 21 18 3 0.03 0.21
14 18 18 3 0.03 0.18
15 27 19 3 0.03 0.27
16 22 17 3 0.03 0.22
17 35 19 3 0.03 0.35
18 19 26 3 0.03 0.19
19 22 26 3 0.03 0.22
20 21 29 4 0.04 0.21
21 28 27 4 0.04 0.28
22 31 25 4 0.04 0.31
23 18 28 4 0.04 0.18
24 35 19 4 0.04 0.35
25 30 21 4 0.04 0.3
26 23 25 4 0.04 0.23
27 25 26 4 0.04 0.25
28 27 29 4 0.04 0.27
29 22 27 4 0.04 0.22
30 30 24 4 0.04 0.3
31 28 29 4 0.04 0.28
32 17 27 4 0.04 0.17
33 21 33 4 0.04 0.21
34 34 28 4 0.04 0.34
35 32 19 4 0.04 0.32
36 34 20 4 0.04 0.34
37 30 35 4 0.04 0.3
38 21 31 4 0.04 0.21
39 26 34 4 0.04 0.26
40 24 39 4 0.04 0.24
41 30 31 4 0.04 0.3
42 39 21 4 0.04 0.39
43 37 28 4 0.04 0.37
44 33 30 4 0.04 0.33
45 26 28 4 0.04 0.26
46 32 34 4 0.04 0.32
47 34 33 4 0.04 0.34
48 35 24 5 0.05 0.35
49 30 36 5 0.05 0.3
50 27 36 5 0.05 0.27
51 28 31 5 0.05 0.28
52 41 21 5 0.05 0.41
53 33 34 5 0.05 0.33
54 25 36 5 0.05 0.25
55 32 29 5 0.05 0.32
56 38 27 5 0.05 0.38
57 27 33 5 0.05 0.27
58 22 36 5 0.05 0.22
59 36 32 5 0.05 0.36
60 33 27 5 0.05 0.33
61 34 29 5 0.05 0.34
62 33 33 5 0.05 0.33
63 33 36 5 0.05 0.33
64 33 30 5 0.05 0.33
65 46 19 5 0.05 0.46
66 34 31 5 0.05 0.34
67 29 42 5 0.05 0.29
68 27 43 5 0.05 0.27
69 31 35 6 0.06 0.31
70 35 33 6 0.06 0.35
71 44 29 6 0.06 0.44
72 39 30 6 0.06 0.39
73 33 33 6 0.06 0.33
74 27 45 6 0.06 0.27
75 27 39 6 0.06 0.27
76 37 34 6 0.06 0.37
77 43 25 6 0.06 0.43
78 40 38 7 0.07 0.4
79 35 38 7 0.07 0.35
80 28 47 7 0.07 0.28
81 28 46 7 0.07 0.28
82 28 50 7 0.07 0.28
83 37 43 7 0.07 0.37
84 36 37 7 0.07 0.36
85 43 35 7 0.07 0.43
86 39 39 7 0.07 0.39
87 41 37 7 0.07 0.41
88 45 33 7 0.07 0.45
89 40 35 7 0.07 0.4
90 37 45 7 0.07 0.37
91 33 49 7 0.07 0.33
92 28 45 7 0.07 0.28
93 35 43 7 0.07 0.35
94 39 32 7 0.07 0.39
95 45 25 7 0.07 0.45
96 45 28 7 0.07 0.45
97 36 43 7 0.07 0.36
98 27 42 7 0.07 0.27
99 30 47 7 0.07 0.3
100 35 47 7 0.07 0.35
101 38 40 7 0.07 0.38
102 44 39 7 0.07 0.44
103 37 43 7 0.07 0.37
104 42 37 7 0.07 0.42
105 44 38 7 0.07 0.44
106 47 41 7 0.07 0.47
107 44 47 7 0.07 0.44
108 51 36 7 0.07 0.51
109 55 35 7 0.07 0.55
110 53 36 7 0.07 0.53
111 50 41 7 0.07 0.5
112 46 41 7 0.07 0.46
113 45 44 7 0.07 0.45
114 44 49 7 0.07 0.44
115 46 49 7 0.07 0.46
116 40 51 7 0.07 0.4
117 50 40 7 0.07 0.5
118 54 36 7 0.07 0.54
119 51 29 7 0.07 0.51
120 48 37 7 0.07 0.48
121 41 44 7 0.07 0.41
122 35 50 7 0.07 0.35
123 33 52 7 0.07 0.33
124 38 52 7 0.07 0.38
125 44 41 7 0.07 0.44
126 58 32 7 0.07 0.58
127 55 35 7 0.07 0.55
128 47 50 7 0.07 0.47
129 41 57 7 0.07 0.41
130 35 61 7 0.07 0.35
131 33 65 7 0.07 0.33
132 32 72 7 0.07 0.32
133 32 73 7 0.07 0.32
134 33 74 7 0.07 0.33
135 33 74 7 0.07 0.33
136 33 74 7 0.07 0.33
137 33 74 7 0.07 0.33
138 33 74 7 0.07 0.33
139 33 74 7 0.07 0.33
140 33 74 7 0.07 0.33
141 33 74 7 0.07 0.33
142 33 74 7 0.07 0.33
143 33 74 7 0.07 0.33
144 33 74 7 0.07 0.33
