1 74 88 67 0.67 0.74
2 60 97 60 0.6 0.6
3 49 99 49 0.49 0.49
4 48 99 47 0.47 0.48
5 50 99 49 0.49 0.5
6 55 97 52 0.52 0.55
7 60 91 51 0.51 0.6
8 65 88 54 0.54 0.65
9 67 78 49 0.49 0.67
10 74 70 52 0.52 0.74
11 72 60 44 0.44 0.72
12 69 46 26 0.26 0.69
13 66 49 28 0.28 0.66
14 68 50 34 0.34 0.68
15 58 57 33 0.33 0.58
16 52 61 29 0.29 0.52
17 39 62 20 0.2 0.39
18 38 55 18 0.18 0.38
19 44 51 23 0.23 0.44
20 48 48 25 0.25 0.48
21 48 42 25 0.25 0.48
22 47 40 15 0.15 0.47
23 49 40 16 0.16 0.49
24 47 39 19 0.19 0.47
25 43 42 16 0.16 0.43
26 44 48 23 0.23 0.44
27 50 46 22 0.22 0.5
28 43 39 13 0.13 0.43
29 42 42 20 0.2 0.42
30 38 43 12 0.12 0.38
31 31 47 13 0.13 0.31
32 37 48 18 0.18 0.37
33 57 38 24 0.24 0.57
34 49 29 11 0.11 0.49
35 45 36 15 0.15 0.45
36 38 47 19 0.19 0.38
37 30 43 13 0.13 0.3
38 33 46 14 0.14 0.33
39 32 38 13 0.13 0.32
40 34 32 12 0.12 0.34
41 36 28 12 0.12 0.36
42 38 29 13 0.13 0.38
43 36 30 10 0.1 0.36
44 34 31 9 0.09 0.34
45 37 37 14 0.14 0.37
46 34 34 14 0.14 0.34
47 31 35 12 0.12 0.31
48 33 40 14 0.14 0.33
49 32 36 13 0.13 0.32
50 37 31 12 0.12 0.37
51 39 27 9 0.09 0.39
52 37 32 9 0.09 0.37
53 33 32 9 0.09 0.33
54 35 30 8 0.08 0.35
55 33 31 8 0.08 0.33
56 31 40 11 0.11 0.31
57 33 40 9 0.09 0.33
58 40 37 15 0.15 0.4
59 38 32 10 0.1 0.38
60 38 35 13 0.13 0.38
61 34 36 14 0.14 0.34
62 34 31 9 0.09 0.34
63 35 26 8 0.08 0.35
64 39 27 9 0.09 0.39
65 27 34 9 0.09 0.27
66 27 40 14 0.14 0.27
67 29 31 11 0.11 0.29
68 31 26 7 0.07 0.31
69 31 26 11 0.11 0.31
70 35 28 14 0.14 0.35
71 25 29 5 0.05 0.25
72 24 28 7 0.07 0.24
73 23 32 7 0.07 0.23
74 27 24 6 0.06 0.27
75 36 22 8 0.08 0.36
76 30 26 6 0.06 0.3
77 27 26 6 0.06 0.27
78 20 27 6 0.06 0.2
79 17 29 5 0.05 0.17
80 18 30 9 0.09 0.18
81 21 29 7 0.07 0.21
82 25 19 6 0.06 0.25
83 22 16 5 0.05 0.22
84 28 22 8 0.08 0.28
85 23 20 3 0.03 0.23
86 21 19 4 0.04 0.21
87 20 19 4 0.04 0.2
88 17 19 0 0 0.17
89 16 22 3 0.03 0.16
90 13 22 3 0.03 0.13
91 15 22 6 0.06 0.15
92 26 23 6 0.06 0.26
93 33 21 8 0.08 0.33
94 32 22 5 0.05 0.32
95 32 27 8 0.08 0.32
96 21 34 8 0.08 0.21
97 16 29 3 0.03 0.16
98 20 30 6 0.06 0.2
99 22 25 4 0.04 0.22
100 20 16 3 0.03 0.2
101 22 15 4 0.04 0.22
102 21 15 3 0.03 0.21
103 22 15 2 0.02 0.22
104 20 18 2 0.02 0.2
105 18 15 2 0.02 0.18
106 13 15 2 0.02 0.13
107 13 11 2 0.02 0.13
108 13 10 1 0.01 0.13
109 12 12 2 0.02 0.12
110 9 14 1 0.01 0.09
111 11 13 4 0.04 0.11
112 9 15 0 0 0.09
113 10 9 1 0.01 0.1
114 9 8 1 0.01 0.09
115 9 8 1 0.01 0.09
116 13 8 2 0.02 0.13
117 19 9 3 0.03 0.19
118 13 11 0 0 0.13
119 10 19 1 0.01 0.1
120 14 20 4 0.04 0.14
121 9 19 1 0.01 0.09
122 13 18 2 0.02 0.13
123 17 12 2 0.02 0.17
124 16 7 2 0.02 0.16
125 19 8 2 0.02 0.19
126 14 9 1 0.01 0.14
127 7 13 0 0 0.07
128 3 9 1 0.01 0.03
129 3 7 0 0 0.03
130 1 10 0 0 0.01
131 1 8 0 0 0.01
132 1 2 0 0 0.01
133 1 1 0 0 0.01
134 0 0 0 0 0
135 0 0 0 0 0
136 0 0 0 0 0
137 0 0 0 0 0
138 0 0 0 0 0
139 0 0 0 0 0
140 0 0 0 0 0
141 0 0 0 0 0
142 0 0 0 0 0
143 0 0 0 0 0
144 0 0 0 0 0
