1 319 36 37 0.22884
2 308 10 9 0.0616883
3 323 1 2 0.00928793
4 299 1 1 0.00668896
5 322 2 0 0.00621118
6 338 5 1 0.0177515
7 338 6 0 0.0177515
8 312 6 3 0.0288462
9 334 5 4 0.0269461
10 292 8 6 0.0479452
11 284 9 7 0.056338
12 282 7 8 0.0531915
13 270 11 17 0.103704
14 316 10 15 0.0791139
15 269 10 20 0.111524
16 272 11 17 0.102941
17 259 16 16 0.123552
18 262 11 12 0.0877863
19 244 22 11 0.135246
20 239 17 14 0.129707
21 219 17 10 0.123288
22 206 15 15 0.145631
23 232 12 20 0.137931
24 244 22 10 0.131148
25 191 12 19 0.162304
26 232 16 23 0.168103
27 236 20 15 0.148305
28 229 12 14 0.113537
29 211 12 17 0.137441
30 184 14 12 0.141304
31 223 14 21 0.156951
32 199 18 17 0.175879
33 228 31 13 0.192982
34 215 13 8 0.0976744
35 241 12 19 0.128631
36 228 14 25 0.171053
37 214 11 20 0.14486
38 182 16 16 0.175824
39 187 18 11 0.15508
40 184 17 17 0.184783
41 185 17 7 0.12973
42 179 19 9 0.156425
43 159 14 19 0.207547
44 172 14 21 0.203488
45 179 13 20 0.184358
46 185 16 15 0.167568
47 178 15 14 0.162921
48 184 21 15 0.195652
49 192 13 17 0.15625
50 167 17 13 0.179641
51 163 15 11 0.159509
52 186 21 16 0.198925
53 193 11 25 0.186528
54 173 13 15 0.16185
55 182 18 15 0.181319
56 197 22 23 0.228426
57 192 17 20 0.192708
58 203 20 18 0.187192
59 179 21 12 0.184358
60 191 17 18 0.183246
61 200 14 16 0.15
62 162 17 16 0.203704
63 199 16 16 0.160804
64 143 16 14 0.20979
65 176 14 14 0.159091
66 161 13 25 0.236025
67 186 14 14 0.150538
68 152 11 9 0.131579
69 148 16 11 0.182432
70 155 20 17 0.23871
71 148 13 13 0.175676
72 142 9 9 0.126761
73 139 14 21 0.251799
74 150 16 18 0.226667
75 130 19 13 0.246154
76 153 17 18 0.228758
77 158 19 11 0.189873
78 171 11 22 0.192982
79 129 11 15 0.20155
80 133 9 17 0.195489
81 109 13 10 0.211009
82 142 14 9 0.161972
83 121 13 7 0.165289
84 117 20 18 0.324786
85 131 13 9 0.167939
86 129 11 14 0.193798
87 101 11 10 0.207921
88 100 11 9 0.2
89 102 8 13 0.205882
90 104 8 16 0.230769
91 109 12 14 0.238532
92 115 19 12 0.269565
93 139 20 13 0.23741
94 157 17 14 0.197452
95 170 20 17 0.217647
96 160 8 20 0.175
97 144 10 19 0.201389
98 173 16 17 0.190751
99 139 17 14 0.223022
100 130 15 9 0.184615
101 122 15 8 0.188525
102 101 15 12 0.267327
103 113 11 16 0.238938
104 115 16 14 0.26087
105 103 14 11 0.242718
106 98 8 13 0.214286
107 66 7 9 0.242424
108 61 13 4 0.278689
109 68 10 9 0.279412
110 61 7 11 0.295082
111 66 8 9 0.257576
112 60 7 11 0.3
113 70 8 7 0.214286
114 49 5 8 0.265306
115 45 8 8 0.355556
116 44 6 7 0.295455
117 79 18 7 0.316456
118 69 8 8 0.231884
119 84 10 12 0.261905
120 88 14 17 0.352273
121 94 5 15 0.212766
122 77 11 13 0.311688
123 85 14 12 0.305882
124 87 8 4 0.137931
125 65 15 6 0.323077
126 85 15 8 0.270588
127 73 5 12 0.232877
128 58 1 12 0.224138
129 44 1 6 0.159091
130 33 1 9 0.30303
131 30 0 2 0.0666667
132 21 1 2 0.142857
133 9 1 1 0.222222
134 4 0 0 0
135 0 0 0 0
136 0 0 0 0
137 0 0 0 0
138 0 0 0 0
139 0 0 0 0
140 0 0 0 0
141 0 0 0 0
142 0 0 0 0
143 0 0 0 0
144 0 0 0 0
