99799 1644946064
99803 1644946064
99805 1644912816
99811 1644941064
99819 1644941064
99827 1482709936
99831 1644794467
99837 1644868272
99841 123853936
99847 1644941064
99851 1644800537
99857 1644868272
99863 1644941064
99869 1644912816
99873 123853278
99877 1644946064
99885 1529
99891 1644715429
99897 1482710352
99901 1482710128
99905 1482710696
99913 1482712952
99925 1482711200
99928 32767
99931 0
99937 0
99944 539959472
99947 0
99953 1482711672
99961 1
99965 1482712235
99966 32767
99974 1
99975 1
99983 4
99989 1482712232
99993 1482712536
99999 1482712536
