99801 123853278
99809 1482709840
99813 1482709984
99816 32767
99821 1482709840
99825 574666890
99829 1482710032
99835 1482710748
99839 1644941064
99843 1130254552
99849 123853278
99853 1482710032
99857 1482710632
99863 1482710568
99867 1482712236
99868 32767
99875 1482712236
99881 1482710696
99889 1482712952
99901 1482710224
99905 1482710792
99911 1482710760
99915 1482712331
99925 1482711296
99929 1482711672
99934 7
99937 1
99941 1482712235
99942 32767
99953 1482711768
99955 1
99961 1
99965 1482712331
99966 32767
99974 1
99983 4
99989 1482712328
99999 587223040
