10 1000
13 1000
16 1000
19 1000
9261 1468651216
9265 1468651360
9268 32767
9273 1468651216
9276 32767
9281 1468651408
9287 1468652124
9296 1068957620
9299 2
9305 1468651408
9309 1468652024
9315 1468651944
9319 1468653612
9320 32767
9327 1468653612
9333 1468652072
9339 1468652040
9343 1468653611
9353 1468652576
9357 1468652960
9362 524288
9365 1
9369 1468653612
9370 32767
9381 1468653048
9386 9
9389 1
9393 1468653611
9394 32767
9402 1
9415 1468651908
9423 2026584188
9429 2026584184
9433 2026584160
9439 2026587512
9445 1468651936
9449 2061214480
9455 754974820
9461 1468652048
9464 32767
9467 100
9471 754974720
9475 1468651976
9489 1468652560
9495 1468652056
9501 1468656120
9505 734075658
9519 1635180296
9523 1635188720
9531 1635008650
9535 1635180296
9539 1635185448
9547 1635008650
9551 1635188720
9555 1635188720
9557 1635152048
9563 1635180296
9571 1635180296
9579 1468652608
9583 1635033699
9589 2026584160
9593 137837592
9599 1635180296
9603 1635039769
9609 1635107504
9615 1635180296
9621 1635152048
9625 137837321
9629 1635188720
9637 1940
9643 1634954661
9649 1468653024
9653 2026587512
9659 2026587512
9671 1635180296
9675 1635185296
9683 1635008650
9687 1635185296
9691 1635185296
9703 1635180296
9707 1635185296
9711 137836288
9723 1635180296
9727 1635185296
9735 1635008650
9739 1635185296
9743 1635185296
9745 1635152048
9751 1635180296
9759 1635180296
9767 1468653360
9771 1635033699
9777 1635107504
9781 137837592
9787 1635180296
9791 1635039769
9801 1468653376
9805 1468653520
9808 32767
9813 1468653376
9817 734075658
9821 1468653568
9827 1468654284
9831 1634954661
9836 1075198179
9841 1468656528
9845 1468653568
9849 1468654168
9855 1468654104
9859 1468655772
9860 32767
9867 1468655772
9873 1468653680
9877 1468654248
9883 1468654216
9887 1468655787
9897 1468654752
9901 1468653792
9905 1468653808
9909 1468654376
9915 1468654344
9919 1468655915
9929 1468654880
9932 32767
9937 1468655787
9938 32767
9946 1
9953 1468655336
9957 1468655352
9961 1
9965 1
9969 1468655915
9970 32767
9978 1
9979 1
9987 3
9993 1468655912
