9293 1468651216
9297 1468651360
9300 32767
9305 1468651216
9308 32767
9313 1468651408
9319 1468652124
9328 1068957620
9331 2
9337 1468651408
9341 1468652024
9347 1468651944
9351 1468653612
9352 32767
9359 1468653612
9365 1468652072
9371 1468652040
9375 1468653611
9385 1468652576
9389 1468652960
9394 524288
9397 1
9401 1468653612
9402 32767
9413 1468653048
9418 9
9421 1
9425 1468653611
9426 32767
9434 1
9447 1468651908
9455 2026584188
9461 2026584184
9465 2026584160
9471 2026587512
9477 1468651936
9481 2061214480
9487 754974820
9493 1468652048
9496 32767
9499 100
9503 754974720
9507 1468651976
9521 1468652560
9527 1468652056
9533 1468656120
9537 734075658
9551 1635180296
9555 1635188720
9563 1635008650
9567 1635180296
9571 1635185448
9579 1635008650
9583 1635188720
9587 1635188720
9589 1635152048
9595 1635180296
9603 1635180296
9611 1468652608
9615 1635033699
9621 2026584160
9625 137837592
9631 1635180296
9635 1635039769
9641 1635107504
9647 1635180296
9653 1635152048
9657 137837321
9661 1635188720
9669 1940
9675 1634954661
9681 1468653024
9685 2026587512
9691 2026587512
9703 1635180296
9707 1635185296
9715 1635008650
9719 1635185296
9723 1635185296
9735 1635180296
9739 1635185296
9743 137836288
9755 1635180296
9759 1635185296
9767 1635008650
9771 1635185296
9775 1635185296
9777 1635152048
9783 1635180296
9791 1635180296
9799 1468653360
9803 1635033699
9809 1635107504
9813 137837592
9819 1635180296
9823 1635039769
9829 1635107504
9835 1635180296
9841 1635152048
9845 137836910
9849 1635185296
9857 1529
9863 1634954661
9869 1468653776
9873 1468656528
9875 137819736
9885 1468656528
9889 1769234802
9901 1468653664
9905 1468653680
9909 1468654248
9915 1468654216
9919 1468655787
9929 1468654752
9932 32767
9939 1468656528
9953 1468655208
9957 1468655224
9961 1
9965 1
9969 1468655787
9970 32767
9978 1
9979 1
9987 3
9993 1468655784
