4 96
15 70
23 64
28 64
31 56
38 62
46 57
47 53
55 54
63 55
66 52
69 44
73 49
78 55
82 54
87 55
90 45
92 43
104 45
110 48
119 44
123 45
132 33
138 29
141 24
148 32
156 36
161 39
167 34
172 42
176 42
182 34
184 24
198 31
203 33
208 33
216 34
220 31
226 40
230 38
238 38
241 35
247 38
251 35
259 20
274 39
280 39
287 24
293 28
298 35
303 29
308 38
313 36
318 36
321 29
327 33
331 34
337 31
346 33
352 36
357 40
362 35
368 41
369 39
379 38
383 40
388 41
393 43
401 38
405 35
410 37
416 38
422 43
427 35
431 32
437 37
443 30
444 29
458 43
462 37
468 30
471 30
474 24
482 38
486 32
487 30
496 35
502 37
506 41
512 39
518 37
523 37
527 40
533 36
537 36
543 33
548 43
553 41
557 36
563 38
566 30
576 35
581 31
586 30
596 39
601 35
608 29
614 38
618 27
624 32
630 31
636 33
638 31
642 31
656 32
661 39
671 42
676 32
687 41
692 36
698 41
703 37
709 29
715 27
722 24
730 37
737 31
742 36
748 30
753 33
758 27
763 38
768 33
775 35
781 36
785 37
790 34
798 35
813 31
818 38
822 46
826 31
832 31
836 30
840 30
843 29
851 33
853 30
863 37
867 33
872 31
878 34
882 48
886 37
892 33
897 41
902 36
906 38
919 34
923 39
932 32
941 31
945 34
950 31
958 34
963 39
968 31
973 33
980 34
985 43
992 34
999 33
1003 31
1009 39
1012 39
1018 35
1022 39
1027 42
1033 37
1039 38
1044 40
1048 38
1053 43
1058 38
1063 40
1068 33
1075 29
1082 33
1089 23
1094 28
1100 27
1105 29
1111 32
1118 27
1124 38
1133 31
1140 35
1145 38
1151 34
1163 39
1169 35
1174 39
1181 30
1186 34
1190 39
1202 37
1215 35
1220 29
1225 32
1239 37
1248 38
1255 34
1260 42
1265 34
1271 27
1275 30
1280 32
1286 39
1290 36
1296 39
1301 40
1306 36
1315 31
1319 41
1324 30
1333 25
1337 36
1344 36
1348 44
1353 39
1360 32
1365 30
1369 26
1373 30
1379 33
1385 28
1390 33
1395 39
1399 39
1403 45
1412 28
1419 39
1425 33
1428 26
1435 34
1441 36
1446 37
1447 32
1458 27
1465 38
1470 41
1476 34
1487 35
1493 36
1499 36
1504 29
1510 27
1515 37
1520 30
1526 31
1532 32
1537 40
1543 36
1549 30
1556 33
1560 34
1564 41
1571 38
1576 35
1577 28
1587 27
1597 39
1600 29
1607 31
1613 27
1620 30
1623 28
1628 33
1632 32
1638 33
1642 37
1646 39
1650 31
1653 24
1659 28
1664 38
1668 35
1674 38
1680 35
1685 34
1691 41
1696 38
1701 36
1709 36
1713 37
1719 41
1729 30
1734 36
1739 32
1742 32
1749 31
1754 27
1760 31
1764 32
1768 36
1771 33
1777 38
1781 40
1786 32
1793 41
1797 33
1803 31
1812 33
1818 36
1823 40
1842 39
1847 36
1852 44
1857 37
1862 37
1865 33
1871 30
1876 31
1882 30
1888 23
1894 22
1901 33
1905 35
1909 29
1914 36
1919 39
1922 31
1927 33
1932 37
1937 30
1941 36
1943 28
1952 43
1957 41
1963 35
1967 33
1976 28
1982 34
1987 41
1994 32
1999 31
2004 32
2009 34
2011 33
2019 28
2032 38
2040 32
2041 30
2051 30
2056 42
2061 38
2067 41
2068 29
2076 33
2082 40
2086 32
2091 38
2100 23
2105 25
2111 26
2118 37
2124 32
2128 30
2134 39
2138 40
2142 35
2143 35
2153 33
2157 35
2160 28
2162 28
2168 29
2173 32
2177 42
2182 38
2185 32
2191 34
2200 34
2205 41
2216 32
2224 37
2229 27
2236 40
2241 40
2246 40
2251 42
2256 36
2265 31
2271 35
2276 35
2282 38
2287 40
2293 35
2297 37
2300 26
2308 37
2313 30
2319 38
2323 31
2329 22
2336 22
2346 30
2351 38
2356 33
2361 31
2365 34
2370 37
2375 37
2380 33
2385 33
2390 38
2395 36
2400 39
2404 30
2413 32
2418 34
2424 30
2431 29
2435 36
2441 26
2448 32
2452 38
2456 32
2461 34
2464 33
2472 28
2480 18
2486 27
2494 28
2498 37
2504 31
2508 40
2513 40
2519 29
2528 41
2533 33
2539 32
2544 26
2550 32
2554 32
2561 33
2565 27
2570 26
2577 28
2583 33
2588 32
2594 54
2600 35
2605 37
2609 36
2617 20
2625 31
2634 31
2643 36
2649 39
2653 43
2658 35
2665 35
2670 37
2676 36
2680 36
2681 34
2690 36
2696 30
2702 29
2715 37
2719 35
2724 41
2729 35
2734 35
2740 37
2745 38
2750 40
2755 35
2760 34
2770 35
2774 37
2775 31
2787 37
2792 35
2796 35
2802 25
2806 25
2810 29
2816 37
2824 31
2828 35
2836 28
2841 35
2848 35
2855 28
2859 37
2862 33
2872 35
2876 39
2881 41
2885 43
2889 34
2893 36
2896 32
2904 25
2912 34
2917 43
2922 45
2927 35
2932 37
2936 33
2942 32
2948 44
2952 38
2958 32
2963 38
2969 39
2974 32
2988 38
2993 36
2997 35
3003 31
3013 37
3025 30
3029 39
3042 35
3047 37
3053 35
3057 29
3062 34
3071 38
3076 37
3081 30
3085 27
3091 38
3096 33
3101 43
3106 32
3112 36
3116 39
3120 41
3125 28
3131 29
3141 38
3146 36
3152 38
3158 36
3163 41
3168 34
3172 35
3176 34
3181 37
3187 31
3195 28
3199 33
3207 28
3214 28
3223 27
3229 37
3232 34
3240 31
3244 33
3247 31
3252 32
3258 34
3263 34
3268 36
3272 32
3273 29
3283 36
3288 40
3292 29
3303 29
3307 28
3317 31
3324 31
3329 34
3338 24
3344 33
3348 33
3354 37
3355 35
3377 27
3381 30
3387 31
3396 39
3401 40
3410 40
3414 35
3420 38
3428 24
3432 27
3438 25
3450 36
3454 37
3460 37
3465 31
3470 27
3476 29
3483 24
3494 36
3507 33
3512 31
3516 39
3522 26
3527 33
3533 41
3537 40
3542 36
3547 32
3548 32
3557 30
3563 17
3569 27
3575 34
3580 34
3585 42
3591 33
3596 37
3601 38
3605 45
3611 31
3615 34
3618 29
3633 38
3638 32
3641 32
3648 35
3653 43
3658 36
3664 40
3668 40
3674 33
3680 30
3687 27
3690 27
3694 33
3700 31
3705 33
3711 33
3717 41
3733 35
3737 36
3742 35
3746 41
3751 37
3752 35
3760 30
3767 37
3771 37
3777 39
3783 33
3790 28
3794 36
3800 33
3805 32
3812 36
3823 28
3828 36
3832 40
3837 37
3845 38
3848 37
3860 30
3863 27
3871 20
3878 33
3882 34
3888 37
3899 26
3904 25
3911 30
3922 43
3928 38
3932 35
3936 37
3943 42
3949 40
3953 39
3958 32
3963 30
3968 36
3973 37
3978 37
3982 43
3987 36
3991 45
3997 30
4002 49
4007 40
4013 34
4018 36
4022 38
4031 35
4035 31
4038 29
4046 28
4051 31
4058 37
4074 38
4078 38
4082 39
4091 39
4096 39
4107 40
4112 40
4120 39
4123 35
4134 41
4139 46
4144 40
4149 40
4155 33
4160 34
4164 36
4170 33
4175 40
4180 33
4185 22
4191 32
4196 34
4202 33
4206 38
4210 37
4216 41
4222 36
4226 43
4231 31
4236 27
4243 41
4248 33
4255 34
4260 31
4265 33
4271 34
4277 34
4295 44
4300 39
4305 41
4310 28
4318 30
4322 42
4328 24
4343 26
4349 28
4354 22
4360 31
4365 43
4370 24
4375 30
4380 40
4385 34
4392 36
4397 34
4413 30
4418 35
4421 33
4426 32
4430 29
4437 27
4441 31
4448 43
4455 44
4459 36
4467 32
4470 32
4478 34
4483 39
4491 37
4494 36
4499 34
4504 40
4509 30
4514 32
4517 31
4525 33
4530 41
4534 33
4540 35
4546 25
4553 23
4561 33
4566 45
4571 38
4579 34
4587 44
4595 33
4603 35
4608 26
4616 27
4619 24
4625 32
4632 31
4638 35
4644 31
4649 31
4659 39
4664 34
4669 30
4675 41
4679 38
4685 35
4689 41
4694 36
4699 35
4703 40
4708 38
4715 35
4719 38
4725 36
4730 38
4736 37
4740 36
4745 35
4751 41
4755 39
4759 40
4763 26
4776 32
4784 37
4789 32
4793 31
4798 34
4804 31
4813 38
4821 23
4824 23
4831 34
4836 36
4841 36
4845 36
4848 31
4862 37
4872 36
4882 24
4891 25
4896 36
4902 34
4907 30
4908 29
4918 30
4924 30
4930 32
4935 45
4939 42
4944 35
4950 30
4953 28
4967 28
4972 28
4983 33
4990 30
4995 32
5003 32
5010 34
5014 30
5025 33
5029 42
5036 35
5040 33
5044 28
5049 26
5053 30
5060 32
5065 25
5069 31
5076 25
5087 38
5088 35
5097 33
5103 36
5108 38
5112 37
5113 33
5121 31
5124 27
5130 35
5135 38
5140 39
5146 31
5150 35
5155 38
5160 31
5165 32
5169 29
5181 35
5187 39
5192 33
5198 46
5203 30
5209 37
5215 29
5220 34
5225 39
5235 37
5239 39
5244 41
5250 36
5255 40
5260 33
5264 34
5265 33
5278 42
5283 35
5289 37
5290 27
5300 36
5314 40
5320 36
5326 37
5332 37
5341 41
5354 30
5361 36
5365 43
5366 37
5377 34
5383 34
5389 37
5395 35
5399 39
5405 46
5409 33
5416 37
5420 38
5426 37
5433 34
5438 24
5449 38
5453 35
5459 28
5464 30
5470 32
5474 38
5479 35
5489 44
5494 25
5498 27
5510 42
5515 37
5521 40
5525 41
5530 37
5531 32
5538 33
5539 32
5553 34
5560 31
5562 29
5574 28
5578 28
5583 33
5590 37
5595 31
5600 33
5605 40
5614 26
5619 24
5626 29
5633 26
5640 40
5644 41
5649 32
5654 33
5660 40
5665 41
5670 30
5674 31
5681 31
5685 37
5689 35
5694 42
5695 37
5705 38
5710 36
5715 41
5718 37
5722 39
5731 34
5735 40
5738 32
5741 30
5745 35
5753 41
5758 43
5759 32
5766 36
5770 36
5777 33
5783 37
5788 30
5792 34
5797 36
5801 37
5805 36
5809 36
5815 34
5819 34
5824 32
5829 32
5836 33
5847 32
5851 38
5859 31
5864 35
5869 36
5873 36
5879 36
5884 45
5888 41
5893 35
5897 37
5903 33
5906 32
5911 34
5921 38
5925 39
5930 32
5935 40
5943 37
5949 37
5953 45
5957 41
5963 34
5976 37
5980 32
5985 35
5990 39
5994 37
5998 37
6002 37
6007 41
6013 33
6017 31
6023 33
6024 29
6032 37
6036 43
6041 38
6047 30
6052 34
6066 30
6069 24
6073 30
6078 31
6082 33
6090 39
6101 26
6111 37
6120 36
6124 36
6129 36
6136 34
6140 32
6146 30
6151 35
6157 32
6159 30
6165 29
6168 26
6175 30
6179 37
6180 33
6188 29
6193 25
6200 34
6206 34
6210 41
6216 31
6221 34
6225 32
6229 33
6237 33
6242 36
6248 30
6254 34
6260 24
6270 14
6280 24
6284 28
6291 30
6298 33
6303 37
6307 35
6314 47
6319 39
6324 37
6331 31
6337 33
6340 30
6343 29
6347 26
6353 29
6356 27
6366 33
6370 34
6374 36
6380 34
6386 35
6391 30
6400 34
6404 30
6413 34
6418 36
6422 41
6428 30
6432 34
6439 30
6443 34
6448 31
6453 31
6459 39
6462 32
6474 36
6481 27
6485 29
6490 35
6495 42
6500 40
6511 36
6519 34
6526 32
6529 32
6534 38
6538 33
6543 32
6548 33
6550 27
6558 39
6564 35
6569 42
6576 32
6581 39
6585 35
6593 38
6597 37
6608 29
6616 33
6621 36
6626 32
6631 29
6640 28
6645 35
6654 39
6660 35
6665 34
6676 40
6681 40
6688 32
6690 31
6699 32
6705 36
6713 40
6718 29
6727 24
6732 28
6735 24
6740 29
6745 22
6755 34
6761 32
6768 38
6773 42
6777 36
6783 46
6789 30
6793 26
6798 40
6804 39
6809 33
6816 36
6819 21
6828 23
6834 22
6843 31
6851 35
6858 32
6863 35
6867 28
6875 25
6881 35
6893 37
6897 33
6898 32
6908 34
6915 27
6921 34
6927 33
6931 29
6936 33
6941 37
6945 40
6951 27
6958 33
6962 38
6968 35
6973 37
6979 34
6982 32
6988 35
6996 36
7000 37
7004 45
7008 40
7013 38
7018 45
7022 41
7027 35
7033 36
7038 36
7043 36
7047 38
7052 43
7057 38
7062 39
7067 32
7072 28
7078 32
7082 36
7087 37
7092 28
7095 27
7103 35
7109 36
7114 33
7115 22
7119 20
7128 32
7133 31
7138 29
7144 30
7151 20
7161 32
7167 35
7172 37
7178 35
7183 43
7188 32
7194 35
7200 29
7208 35
7213 40
7218 39
7222 38
7229 36
7241 37
7248 38
7254 31
7260 48
7266 35
7271 32
7276 33
7280 38
7286 32
7290 29
7297 33
7301 40
7305 44
7310 36
7311 34
7323 34
7328 29
7331 24
7338 33
7342 29
7348 40
7356 43
7361 33
7366 30
7374 33
7377 33
7381 34
7383 33
7389 41
7392 38
7394 29
7403 32
7412 32
7416 35
7423 23
7430 32
7436 35
7440 38
7449 35
7454 41
7458 39
7464 40
7470 40
7476 34
7485 35
7492 36
7497 46
7501 36
7507 30
7516 31
7519 24
7527 28
7532 35
7537 31
7542 41
7546 41
7551 31
7556 30
7562 34
7567 31
7572 30
7576 38
7581 37
7591 31
7595 34
7602 33
7610 38
7615 38
7620 32
7623 29
7628 34
7631 29
7643 36
7646 32
7653 32
7657 39
7661 41
7669 26
7675 28
7684 23
7692 45
7696 37
7701 38
7705 34
7711 29
7716 29
7721 31
7726 36
7730 32
7735 38
7739 40
7744 30
7750 26
7758 24
7762 39
7767 37
7773 34
7776 30
7785 26
7791 27
7796 33
7801 27
7805 27
7811 36
7817 35
7821 33
7827 33
7833 29
7843 34
7848 35
7853 34
7857 34
7863 37
7868 34
7873 30
7878 31
7885 26
7891 29
7896 38
7901 30
7904 29
7908 32
7913 41
7918 40
7923 36
7927 31
7932 34
7938 33
7944 35
7948 36
7952 38
7956 34
7962 36
7966 30
7971 34
7975 36
7981 34
7993 24
8001 26
8006 36
8010 38
8015 38
8021 33
8025 31
8032 31
8036 34
8041 37
8045 33
8050 30
8055 30
8061 25
8071 26
8079 40
8083 40
8088 38
8093 34
8098 35
8103 32
8108 42
8113 42
8118 43
8123 37
8128 37
8135 29
8140 40
8144 37
8150 34
8155 32
8161 38
8166 47
8170 44
8175 42
8181 37
8190 30
8200 35
8205 35
8209 36
8215 38
8216 27
8227 19
8233 26
8238 41
8245 28
8248 28
8253 35
8256 34
8264 38
8272 27
8278 24
8285 27
8293 30
8297 30
8306 30
8311 34
8316 36
8322 33
8327 31
8331 30
8337 28
8346 38
8351 28
8356 33
8361 32
8364 32
8371 32
8377 28
8382 27
8388 39
8393 34
8396 30
8405 37
8416 30
8420 24
8424 31
8430 33
8435 39
8440 42
8444 37
8449 38
8455 31
8459 38
8464 43
8469 35
8470 35
8476 30
8484 39
8485 33
8496 31
8505 32
8510 40
8515 35
8526 27
8530 23
8534 27
8540 26
8552 24
8558 30
8563 43
8567 40
8572 45
8577 45
8582 43
8586 34
8591 37
8592 30
8601 28
8604 26
8610 27
8614 30
8620 33
8625 30
8627 30
8638 30
8644 33
8649 29
8657 32
8668 37
8679 41
8683 39
8688 34
8692 38
8701 36
8706 37
8711 34
8715 32
8723 30
8724 29
8736 27
8740 31
8746 37
8755 36
8760 32
8766 34
8771 30
8777 31
8783 31
8788 38
8794 42
8795 31
8803 37
8809 38
8816 33
8822 35
8828 29
8830 27
8834 27
8842 27
8850 34
8857 30
8864 31
8869 34
8876 36
8879 32
8884 34
8888 30
8893 32
8898 35
8903 32
8909 29
8915 36
8926 40
8933 34
8934 31
8940 27
8945 24
8952 33
8956 31
8961 39
8965 26
8972 22
8976 25
8983 34
8988 28
8992 30
9000 30
9007 33
9013 28
9021 29
9026 37
9030 44
9036 35
9040 33
9046 31
9050 33
9055 39
9060 29
9067 37
9073 37
9077 37
9082 30
9086 36
9091 31
9096 40
9101 28
9106 38
9113 33
9118 34
9123 37
9128 38
9133 36
9141 40
9146 37
9151 27
9157 30
9162 33
9167 35
9171 41
9176 33
9182 36
9187 41
9194 32
9203 43
9209 34
9213 36
9217 40
9222 39
9228 33
9234 35
9240 31
9245 38
9252 39
9259 37
9263 34
9268 28
9273 29
9276 28
9285 31
9289 33
9296 34
9303 36
9308 28
9317 38
9321 38
9325 36
9331 26
9335 29
9339 29
9344 31
9349 41
9353 38
9359 29
9363 26
9367 28
9373 26
9379 28
9384 39
9396 31
9404 35
9408 36
9418 27
9430 21
9438 29
9444 36
9449 35
9454 37
9460 34
9466 30
9477 37
9481 40
9486 48
9490 45
9496 23
9505 17
9511 21
9517 22
9524 24
9528 22
9533 26
9541 31
9546 32
9553 30
9558 30
9563 33
9573 38
9578 36
9584 31
9588 37
9593 34
9599 34
9610 38
9616 35
9623 34
9626 32
9632 32
9637 27
9642 25
9648 29
9655 37
9659 33
9665 36
9670 28
9671 26
9684 36
9698 30
9702 28
9705 27
9713 34
9717 33
9723 42
9729 33
9734 33
9739 38
9748 28
9752 27
9758 36
9762 41
9773 36
9776 27
9782 34
9783 27
9795 34
9802 41
9809 33
9814 36
9819 32
9825 28
9829 25
9832 25
9839 36
9843 34
9848 43
9853 43
9857 35
9863 34
9868 27
9874 37
9879 37
9880 34
9889 45
9892 32
9901 32
9906 30
9911 24
9918 22
9925 28
9930 29
9936 32
9940 36
9944 34
9949 36
9956 29
9960 34
9964 30
9969 33
9975 34
9980 36
9984 33
9988 33
9994 28
10005 35
10010 34
10017 30
10024 42
10029 46
10034 41
10038 35
10043 34
10047 42
10053 35
10058 35
10062 36
10068 41
10073 41
10074 32
10080 31
10084 39
10090 31
10094 30
10099 32
10106 31
10114 28
10119 30
10124 35
10129 36
10133 37
10139 33
10144 32
10151 33
10156 47
10161 37
10167 24
10173 33
10187 30
10195 38
10204 36
10209 35
10213 33
10219 28
10227 36
10230 26
10235 29
10239 30
10249 42
10257 40
10261 40
10266 33
10271 38
10277 25
10284 34
10290 31
10296 37
10300 37
10306 36
10311 38
10318 38
10322 37
10328 30
10339 31
10342 23
10349 31
10355 27
10360 36
10365 37
10370 34
10375 34
10386 37
10389 37
10396 34
10403 31
10410 38
10415 35
10422 37
10427 30
10433 32
10438 34
10440 31
10450 25
10461 37
10465 38
10466 38
10476 24
10483 30
10487 31
10493 24
10499 29
10509 25
10516 38
10522 31
10529 39
10533 35
10536 29
10539 28
10541 28
10546 28
10552 37
10557 37
10563 25
10569 21
10575 30
10579 32
10587 40
10591 33
10599 31
10608 36
10612 33
10624 41
10629 37
10635 34
10641 24
10647 38
10656 39
10661 31
10668 34
10673 45
10677 42
10683 39
10687 36
10698 33
10704 35
10709 38
10717 39
10723 37
10738 45
10744 34
10748 33
10756 43
10762 26
10769 38
10773 31
10778 44
10779 31
10789 30
10793 30
10802 33
10806 37
10810 36
10815 34
10829 24
10838 41
10843 30
10855 29
10860 27
10866 33
10869 25
10875 33
10879 40
10880 39
10888 42
10892 41
10897 36
10901 44
10906 35
10915 36
10918 32
10926 33
10932 28
10938 32
10946 35
10952 35
10957 35
10961 32
10966 38
10971 34
10975 30
10981 36
10990 38
10994 33
11000 38
11009 43
11015 37
11018 34
11024 35
11030 30
11036 35
11041 38
11047 30
11053 28
11059 36
11063 41
11069 38
11075 29
11086 33
11097 39
11101 34
11110 37
11115 32
11121 34
11128 30
11134 33
11135 27
11143 31
11148 28
11156 31
11162 35
11166 34
11170 37
11176 43
11180 48
11185 40
11191 42
11196 39
11200 34
11206 28
11211 34
11222 33
11226 33
11239 37
11243 37
11253 31
11258 35
11263 35
11268 41
11274 35
11280 33
11286 34
11289 28
11297 22
11302 34
11308 33
11313 34
11318 39
11324 35
11328 35
11335 28
11338 24
11345 37
11352 36
11357 40
11366 26
11371 32
11377 31
11379 27
11388 26
11395 29
11400 31
11406 43
11410 38
11415 31
11419 36
11424 33
11429 32
11439 30
11446 29
11452 29
11461 33
11464 32
11468 32
11474 32
11480 31
11486 35
11491 22
11499 31
11508 33
11516 36
11519 29
11526 31
11530 43
11536 35
11542 27
11548 36
11552 34
11558 35
11562 36
11568 28
11577 42
11582 39
11586 37
11592 39
11598 46
11603 35
11608 33
11613 37
11625 38
11630 30
11640 28
11646 28
11650 31
11655 34
11659 36
11668 37
11669 36
11682 36
11688 32
11693 30
11703 22
11709 22
11719 27
11725 38
11728 33
11735 40
11740 35
11747 27
11752 26
11759 34
11764 34
11772 31
11778 36
11782 32
11788 40
11793 45
11797 42
11802 28
11806 31
11815 24
11820 29
11825 37
11834 32
11840 29
11846 36
11850 37
11856 34
11860 38
11866 37
11871 42
11876 34
11888 15
11892 17
11900 26
11906 41
11912 30
11918 34
11922 32
11927 32
11934 34
11939 34
11945 37
11950 36
11956 25
11961 26
11968 32
11974 29
11978 33
11984 33
11992 33
11997 36
12001 35
12004 24
12010 28
12015 36
12019 34
12027 31
12033 24
12038 35
12039 35
12050 26
12054 29
12060 27
12066 24
12071 32
12076 45
12082 37
12087 31
12092 36
12096 39
12100 47
12111 39
12115 42
12116 36
12125 24
12132 36
12136 38
12139 37
12144 33
12151 28
12158 25
12165 27
12171 35
12174 31
12181 38
12187 35
12193 33
12198 39
12203 38
12207 39
12213 36
12217 34
12223 32
12227 38
12232 44
12237 41
12241 41
12247 34
12250 30
12258 37
12268 36
12273 42
12278 37
12282 40
12287 30
12293 30
12299 34
12310 35
12311 31
12317 30
12326 30
12332 33
12340 25
12344 29
12350 29
12356 37
12359 35
12366 37
12370 36
12377 34
12383 39
12390 30
12395 38
12399 35
12408 41
12414 33
12419 40
12422 36
12423 31
12430 30
12435 39
12442 28
12446 34
12452 39
12458 41
12462 39
12467 38
12476 43
12480 42
12485 45
12489 47
12495 36
12501 39
12507 29
12514 35
12520 38
12525 38
12535 39
12539 37
12544 37
12549 37
12555 31
12556 30
12566 32
12573 34
12582 36
12589 30
12593 30
12599 33
12605 27
12609 33
12615 32
12621 41
12626 35
12630 36
12633 32
12642 25
12646 24
12656 33
12660 32
12665 41
12671 29
12678 29
12684 30
12689 32
12696 32
12702 27
12708 32
12715 33
12719 33
12726 36
12732 34
12737 40
12743 28
12749 33
12752 31
12761 34
12766 33
12773 37
12780 28
12792 39
12796 31
12802 37
12806 31
12812 31
12822 22
99293 1394479664
99297 1394479808
99300 32767
99305 1394479664
99309 37796250
99313 1394479856
99319 1394480572
99327 1610612736
99337 1394479856
99343 1610612736
99347 1394480392
99351 1394482060
99352 32767
99359 1394482060
99365 1394480520
99371 1394480488
99375 1394482059
99385 1394481024
99389 1394481408
99394 524288
99397 1
99401 1394482060
99402 32767
99413 1394481496
99418 7
99421 1
99425 1394482059
99426 32767
99434 1
99447 1394480356
99455 2026584188
99461 2026584184
99465 2026584160
99471 2026587512
99477 1394480384
99481 2061214480
99487 50339940
99493 1394480496
99496 32767
99499 100
99503 50339840
99507 1394480424
99521 1394481008
99527 1394480504
99533 1394484568
99539 212061398
99551 1727463176
99555 1727471600
99563 1727291530
99567 1727463176
99571 1727468328
99579 1727291530
99583 1727471600
99587 1727471600
99589 1727434928
99595 1727463176
99603 1727463176
99611 1394481056
99615 1727316579
99621 2026584160
99625 212085784
99631 1727463176
99635 1727322649
99641 1727390384
99647 1727463176
99653 1727434928
99657 212085513
99661 1727471600
99669 1940
99675 1727237541
99681 1394481472
99685 2026587512
99691 2026587512
99703 1727463176
99707 1727468176
99715 1727291530
99719 1727468176
99723 1727468176
99735 1727463176
99739 1727468176
99743 212084480
99755 1727463176
99759 1727468176
99767 1727291530
99771 1727468176
99775 1727468176
99777 1727434928
99783 1727463176
99791 1727463176
99799 1394481808
99803 1727316579
99809 1727390384
99813 212085784
99819 1727463176
99823 1727322649
99829 1727390384
99835 1727463176
99841 1727434928
99845 212085102
99849 1727468176
99857 1529
99863 1727237541
99869 1394482224
99873 1394484976
99875 212067928
99885 1394484976
99889 1769234802
99901 1394482112
99905 1394482128
99909 1394482696
99915 1394482664
99919 1394484235
99929 1394483200
99932 32767
99939 1394484976
99953 1394483656
99957 1394483672
99961 1
99965 1
99969 1394484235
99970 32767
99978 1
99979 1
99987 4
99993 1394484232
