8 19
11 19
16 23
20 23
24 26
30 26
34 25
40 29
44 24
48 27
59 30
65 28
70 26
75 32
79 35
84 35
88 35
96 30
101 33
105 30
112 33
115 27
120 42
124 35
130 38
134 39
143 42
150 44
157 42
163 51
168 34
173 37
178 41
184 44
194 37
199 47
200 37
209 41
217 38
223 39
227 36
232 37
239 32
248 31
253 37
260 57
267 43
271 34
276 49
281 43
289 57
294 40
300 32
304 36
309 39
314 38
315 36
328 40
333 43
338 40
347 40
354 42
359 45
365 46
370 37
375 43
380 35
385 34
390 36
396 38
402 37
403 37
413 39
419 42
423 36
428 39
432 37
438 44
444 34
449 37
454 40
456 32
463 38
474 37
483 36
487 35
492 39
498 32
503 35
508 39
513 45
519 47
520 44
529 47
534 52
540 42
544 49
549 45
554 43
559 37
564 42
569 36
570 34
578 33
583 41
590 39
598 45
603 44
609 46
615 50
619 36
625 45
631 36
639 40
644 35
652 39
656 40
662 46
668 45
673 49
678 35
684 39
688 46
694 46
699 44
704 39
711 52
718 46
725 49
733 51
738 42
744 55
750 42
755 41
759 41
764 39
770 42
776 39
787 41
795 32
801 45
808 64
814 54
819 39
823 43
829 35
833 36
836 34
844 43
852 35
855 34
858 34
864 39
868 37
873 38
879 41
883 39
887 37
893 34
898 45
903 42
907 38
912 41
918 40
924 41
934 41
936 36
941 35
947 42
951 33
958 33
964 49
969 45
975 48
981 42
986 50
995 33
1000 35
1005 41
1010 31
1014 40
1024 41
1029 44
1035 35
1039 40
1045 40
1049 34
1054 48
1064 50
1070 57
1077 43
1083 48
1088 45
1091 45
1096 37
1102 48
1107 48
1113 66
1120 49
1129 38
1134 41
1141 45
1147 47
1152 36
1160 30
1165 37
1171 37
1176 41
1182 43
1192 38
1196 41
1200 34
1204 43
1210 48
1216 47
1222 39
1228 52
1234 38
1240 34
1245 37
1249 41
1256 41
1262 45
1263 34
1271 42
1277 38
1281 38
1288 44
1292 43
1298 39
1303 37
1309 44
1316 42
1320 45
1326 51
1334 43
1339 41
1341 30
1349 35
1355 36
1361 44
1367 45
1374 42
1380 42
1386 34
1391 44
1396 42
1401 39
1405 45
1411 35
1415 35
1420 46
1426 38
1431 40
1437 40
1438 35
1447 41
1453 41
1460 42
1466 51
1472 51
1478 49
1484 49
1489 41
1494 47
1500 52
1505 42
1512 46
1517 45
1523 42
1527 40
1533 39
1539 42
1544 31
1551 36
1557 39
1562 34
1567 35
1573 37
1577 43
1583 41
1589 44
1594 36
1598 36
1603 42
1609 44
1615 40
1622 35
1629 36
1634 37
1640 39
1643 31
1647 39
1652 40
1660 42
1665 47
1670 45
1676 46
1682 35
1688 37
1693 47
1698 33
1702 36
1710 37
1715 42
1725 42
1730 36
1735 41
1743 33
1750 53
1755 45
1761 42
1769 35
1773 34
1778 37
1783 40
1788 48
1794 50
1799 45
1805 42
1814 32
1816 32
1825 32
1831 45
1842 37
1848 46
1853 49
1858 43
1867 48
1872 40
1879 42
1885 42
1895 47
1902 35
1906 36
1911 36
1916 36
1920 40
1925 39
1929 35
1933 39
1938 34
1943 41
1949 50
1953 40
1959 48
1964 36
1972 43
1978 44
1984 40
1989 42
1995 43
2000 45
2005 44
2012 36
2020 36
2027 33
2037 38
2042 48
2047 48
2054 39
2057 32
2063 42
2068 47
2070 34
2077 41
2083 43
2088 39
2094 42
2098 41
2106 44
2112 55
2119 52
2125 46
2135 37
2139 36
2144 38
2154 40
2161 42
2169 33
2174 45
2178 33
2183 44
2197 37
2201 37
2207 40
2208 39
2220 42
2226 43
2238 36
2242 35
2248 48
2252 54
2258 57
2266 37
2273 41
2278 37
2283 48
2289 48
2293 42
2298 42
2303 37
2310 43
2315 42
2320 39
2326 42
2331 53
2340 65
2347 42
2352 48
2362 44
2367 49
2372 42
2377 38
2382 38
2387 43
2392 41
2396 34
2401 34
2408 38
2414 38
2419 46
2425 35
2436 45
2443 36
2450 34
2454 36
2458 38
2467 48
2473 55
2481 51
2488 56
2494 43
2500 36
2504 41
2509 37
2514 44
2524 39
2529 43
2534 40
2541 46
2542 40
2551 43
2556 43
2562 46
2568 41
2573 46
2579 39
2584 45
2590 49
2596 57
2601 52
2606 42
2611 51
2617 43
2624 37
2631 38
2637 38
2644 48
2650 41
2654 38
2660 35
2667 43
2672 41
2677 41
2682 38
2686 33
2691 48
2698 43
2704 46
2711 43
2715 35
2720 38
2725 51
2730 43
2736 43
2741 38
2747 40
2752 45
2756 37
2765 40
2770 38
2776 38
2780 35
2783 35
2788 45
2798 37
2802 35
2808 40
2818 42
2824 41
2830 35
2837 49
2843 48
2849 46
2856 36
2861 38
2869 35
2873 40
2877 38
2882 43
2886 42
2890 31
2894 33
2899 44
2907 48
2913 46
2918 43
2924 44
2928 41
2933 45
2939 43
2943 44
2949 48
2954 35
2959 49
2964 57
2970 44
2971 38
2985 35
2989 38
2991 32
3000 42
3004 39
3010 41
3011 34
3020 40
3025 38
3031 36
3036 42
3043 36
3048 35
3054 36
3059 40
3063 36
3072 38
3077 42
3082 45
3092 47
3097 55
3102 46
3107 31
3117 35
3121 44
3126 50
3133 42
3143 39
3149 39
3153 41
3159 35
3164 40
3165 33
3173 37
3179 30
3183 41
3190 48
3196 40
3203 51
3210 41
3219 56
3231 38
3235 37
3241 35
3253 36
3259 37
3265 45
3269 39
3273 36
3284 37
3289 36
3294 45
3301 42
3309 42
3310 34
3325 35
3327 31
3335 38
3345 44
3356 39
3359 32
3364 34
3370 50
3378 39
3382 39
3388 38
3389 32
3399 34
3403 31
3406 27
3411 41
3416 37
3422 35
3429 46
3434 51
3440 52
3445 40
3451 42
3455 38
3461 39
3466 37
3472 40
3478 53
3485 43
3491 37
3501 37
3504 32
3508 43
3513 38
3518 43
3523 36
3528 36
3534 35
3539 39
3547 38
3554 44
3559 41
3572 40
3576 39
3582 43
3587 48
3592 36
3597 36
3602 41
3606 48
3622 39
3623 35
3629 35
3633 32
3639 35
3641 34
3649 37
3654 45
3660 40
3664 36
3670 48
3676 45
3680 36
3682 36
3689 41
3696 42
3701 40
3707 38
3713 39
3718 41
3724 36
3730 33
3734 34
3738 31
3742 33
3748 44
3753 37
3757 45
3762 44
3768 46
3773 45
3779 58
3785 53
3791 43
3796 37
3801 36
3808 38
3817 38
3818 36
3829 42
3834 42
3846 37
3850 36
3857 36
3861 40
3872 47
3879 30
3883 38
3890 36
3895 36
3901 36
3907 39
3913 37
3919 36
3925 34
3933 39
3939 38
3944 44
3950 34
3955 41
3964 43
3970 43
3975 42
3979 39
3984 44
3988 41
3993 48
3999 45
4004 40
4009 44
4014 45
4019 39
4024 40
4032 40
4037 33
4041 34
4047 48
4053 34
4064 43
4070 36
4079 36
4083 32
4087 37
4093 38
4099 43
4104 41
4105 40
4113 41
4120 33
4125 34
4130 37
4136 41
4140 42
4141 34
4150 41
4156 42
4161 45
4166 49
4171 50
4176 54
4182 48
4187 34
4192 56
4198 49
4199 37
4208 40
4213 47
4218 59
4223 51
4228 47
4232 34
4238 46
4244 43
4250 56
4256 43
4261 39
4267 40
4272 41
4278 52
4286 51
4296 38
4301 38
4307 40
4313 41
4319 46
4324 59
4331 50
4344 47
4350 38
4355 39
4361 45
4367 44
4371 42
4376 36
4382 41
4386 36
4393 35
4406 36
4411 33
4423 37
4424 35
4432 47
4438 43
4444 38
4450 40
4456 33
4461 45
4467 35
4472 31
4480 38
4484 39
4489 33
4495 34
4500 45
4505 46
4515 41
4519 34
4526 38
4531 44
4536 50
4541 47
4548 53
4556 44
4563 44
4567 58
4573 45
4577 36
4580 35
4584 33
4589 35
4596 32
4605 37
4610 42
4617 49
4620 46
4626 47
4629 36
4639 34
4644 32
4651 42
4656 36
4660 36
4665 42
4671 41
4676 41
4680 41
4686 38
4690 45
4696 38
4700 40
4705 36
4710 36
4716 33
4721 46
4726 50
4732 43
4737 36
4738 32
4746 31
4751 33
4757 38
4765 36
4773 40
4779 39
4785 40
4793 36
4800 35
4803 32
4810 38
4815 38
4822 42
4826 44
4832 41
4838 40
4839 35
4849 41
4857 51
4864 46
4870 31
4874 30
4878 36
4885 56
4893 56
4898 43
4903 52
4909 37
4913 34
4919 38
4925 39
4931 46
4936 45
4941 48
4946 44
4960 40
4969 41
4979 35
4986 42
4987 35
4997 35
5004 39
5011 37
5018 41
5026 36
5031 41
5037 38
5041 38
5047 43
5051 35
5055 41
5062 49
5071 35
5078 41
5084 35
5088 35
5092 38
5098 45
5105 43
5109 34
5114 41
5119 38
5125 45
5132 32
5136 34
5142 44
5147 39
5153 39
5157 41
5161 38
5167 38
5171 45
5178 38
5184 33
5189 52
5195 47
5199 40
5204 43
5211 60
5216 41
5221 33
5226 42
5232 33
5241 42
5246 38
5251 37
5257 38
5261 32
5266 36
5271 39
5272 32
5279 38
5285 42
5290 45
5296 38
5301 40
5311 39
5316 45
5321 36
5329 48
5333 36
5337 36
5342 38
5347 42
5353 38
5362 39
5366 39
5372 35
5376 36
5380 42
5386 38
5390 42
5396 40
5402 40
5406 42
5411 38
5414 33
5418 32
5422 49
5428 43
5434 54
5440 44
5446 38
5450 33
5454 37
5460 40
5466 36
5471 38
5475 35
5481 38
5485 37
5490 50
5497 43
5501 37
5507 37
5512 36
5517 41
5522 34
5527 36
5531 37
5544 40
5550 35
5556 37
5563 39
5569 52
5579 45
5585 33
5591 40
5597 38
5602 41
5608 46
5615 45
5622 45
5631 36
5635 42
5641 45
5646 36
5647 33
5655 41
5661 38
5667 40
5670 31
5675 35
5682 39
5686 33
5691 46
5696 51
5701 40
5706 52
5711 37
5717 34
5728 33
5732 32
5736 33
5750 34
5754 36
5759 40
5767 36
5773 38
5780 36
5784 49
5789 44
5794 39
5798 34
5807 38
5811 37
5816 38
5820 43
5825 40
5831 39
5838 48
5843 35
5849 37
5853 36
5860 31
5866 33
5869 32
5874 36
5880 35
5885 42
5890 35
5894 36
5897 34
5904 35
5908 36
5918 39
5922 36
5927 45
5931 36
5937 35
5941 36
5945 37
5950 42
5954 37
5959 37
5967 42
5977 34
5981 37
5987 44
5991 41
5995 42
6000 40
6004 37
6009 47
6014 37
6018 40
6028 44
6033 42
6038 45
6043 41
6048 39
6054 38
6059 52
6067 42
6070 37
6072 32
6079 46
6084 41
6096 38
6102 41
6107 34
6115 41
6119 36
6125 34
6131 46
6137 46
6143 33
6147 43
6153 38
6157 31
6164 43
6176 29
6181 41
6189 44
6196 52
6202 39
6207 39
6213 36
6217 31
6221 33
6226 41
6231 35
6238 40
6244 41
6249 45
6255 44
6265 55
6272 52
6281 56
6286 45
6292 39
6294 36
6304 39
6310 45
6315 45
6321 40
6326 45
6332 33
6333 33
6344 35
6354 37
6358 35
6364 34
6371 38
6375 39
6381 37
6387 33
6392 40
6397 40
6401 37
6405 34
6411 32
6417 34
6425 42
6429 36
6440 40
6444 46
6449 38
6456 38
6460 37
6471 37
6476 35
6483 38
6491 45
6496 46
6502 45
6509 40
6513 36
6517 35
6522 45
6527 41
6535 40
6539 43
6546 39
6554 44
6560 54
6566 44
6571 44
6577 39
6581 31
6588 37
6594 40
6599 39
6604 34
6610 51
6617 42
6623 47
6628 41
6634 42
6642 42
6646 35
6655 34
6661 36
6667 39
6672 38
6677 41
6683 42
6690 38
6696 50
6700 39
6706 36
6710 38
6715 41
6722 48
6728 45
6729 36
6742 54
6750 51
6756 40
6764 43
6770 36
6774 38
6779 44
6784 42
6791 44
6795 42
6800 38
6805 52
6812 39
6820 47
6829 47
6837 40
6845 35
6853 40
6859 47
6864 48
6869 49
6877 49
6883 38
6888 32
6894 41
6898 34
6903 35
6909 44
6916 46
6922 41
6928 38
6930 29
6937 48
6942 52
6947 48
6953 44
6959 36
6964 32
6969 39
6974 35
6980 39
6989 46
6997 31
7001 37
7005 33
7009 31
7014 45
7015 42
7024 42
7028 35
7034 50
7040 43
7044 41
7049 37
7053 40
7058 41
7063 42
7068 50
7074 36
7079 37
7084 41
7088 33
7096 45
7100 48
7105 43
7110 50
7115 38
7120 46
7125 48
7129 40
7135 41
7139 38
7148 45
7152 40
7162 36
7169 36
7174 36
7179 42
7184 52
7190 55
7196 42
7202 46
7210 33
7214 40
7219 40
7224 35
7232 35
7236 37
7247 37
7253 36
7257 36
7262 51
7267 38
7273 42
7277 45
7282 51
7287 41
7293 41
7298 42
7302 39
7307 36
7312 36
7318 39
7324 42
7332 37
7339 42
7344 40
7346 32
7358 41
7362 40
7366 36
7374 40
7378 38
7384 33
7390 32
7395 39
7400 34
7405 38
7413 39
7418 44
7419 39
7425 39
7431 41
7437 38
7442 37
7446 36
7451 39
7460 49
7465 42
7472 43
7478 39
7486 37
7494 40
7498 40
7502 40
7509 35
7513 34
7522 37
7528 36
7534 35
7538 37
7543 42
7547 46
7552 40
7557 38
7563 34
7568 41
7573 38
7577 39
7582 34
7588 31
7592 35
7596 35
7600 36
7606 36
7611 35
7616 37
7617 35
7626 34
7634 37
7639 34
7643 31
7648 36
7654 42
7658 35
7664 55
7670 53
7676 48
7685 40
7689 42
7693 46
7697 40
7702 34
7708 37
7712 34
7718 41
7727 35
7732 39
7740 39
7746 46
7752 47
7759 45
7764 48
7769 43
7775 32
7779 35
7786 38
7792 50
7798 39
7802 41
7806 36
7812 40
7818 34
7822 35
7829 58
7835 42
7840 39
7844 37
7846 33
7855 36
7860 33
7864 36
7869 46
7874 40
7880 50
7887 48
7892 37
7898 39
7902 34
7909 44
7914 36
7919 38
7924 38
7929 37
7935 45
7941 32
7946 31
7953 34
7958 37
7959 36
7968 35
7978 37
7983 42
7988 42
7994 46
7998 38
8007 32
8011 47
8017 43
8022 42
8030 42
8033 33
8037 36
8042 37
8051 43
8057 50
8065 53
8072 42
8080 38
8084 36
8089 42
8095 38
8099 53
8105 37
8110 41
8114 35
8120 40
8124 36
8130 41
8136 40
8141 38
8146 37
8152 36
8156 38
8162 44
8167 38
8172 34
8177 34
8182 42
8184 36
8195 38
8201 36
8206 40
8211 48
8216 37
8223 57
8233 43
8239 38
8246 40
8249 38
8254 37
8258 33
8265 48
8274 42
8281 50
8287 47
8294 38
8301 40
8307 33
8312 42
8313 39
8323 41
8333 42
8338 40
8343 37
8351 35
8358 40
8367 41
8373 42
8379 45
8383 35
8390 35
8394 37
8397 35
8402 39
8412 38
8417 37
8426 46
8431 40
8437 41
8441 42
8446 38
8451 39
8456 48
8461 45
8467 40
8471 36
8476 32
8481 37
8485 38
8486 37
8499 38
8502 35
8506 47
8512 41
8517 55
8528 49
8536 44
8543 52
8554 43
8559 37
8564 39
8569 33
8574 38
8578 35
8583 39
8592 39
8597 35
8602 38
8606 41
8610 36
8616 42
8622 32
8628 36
8634 52
8640 34
8645 46
8651 37
8655 37
8659 36
8663 35
8670 35
8674 40
8680 41
8684 34
8690 33
8694 34
8702 37
8707 43
8712 40
8718 43
8725 54
8731 55
8737 42
8743 38
8751 37
8757 37
8763 40
8767 35
8769 33
8779 46
8785 40
8790 45
8795 36
8800 42
8805 37
8811 35
8819 42
8824 41
8829 38
8836 43
8838 37
8848 36
8852 39
8858 41
8865 38
8870 41
8877 35
8881 36
8885 39
8889 32
8893 38
8899 40
8904 48
8911 43
8918 34
8924 34
8929 38
8934 39
8938 35
8942 37
8947 45
8953 41
8962 42
8968 38
8975 43
8984 47
8989 47
8994 36
9001 41
9010 38
9015 57
9019 32
9027 39
9032 44
9038 40
9042 35
9047 35
9052 37
9056 43
9062 49
9068 48
9070 39
9078 41
9083 38
9088 45
9092 39
9103 53
9114 37
9120 34
9125 47
9130 46
9135 47
9143 38
9148 46
9152 35
9158 45
9163 34
9168 38
9172 38
9177 39
9183 42
9188 39
9195 36
9201 33
9206 31
9210 34
9214 43
9218 43
9224 48
9230 55
9236 42
9241 37
9246 42
9254 39
9260 38
9265 39
9274 39
9279 35
9286 42
9291 41
9298 40
9304 43
9310 36
9317 31
9322 39
9326 38
9331 38
9340 41
9342 34
9350 40
9355 44
9360 40
9368 40
9374 39
9381 41
9385 42
9389 37
9398 47
9405 43
9409 38
9414 46
9421 72
9432 57
9439 56
9445 38
9447 31
9455 40
9463 39
9467 37
9471 35
9478 33
9482 43
9487 39
9492 51
9499 67
9507 42
9511 44
9517 36
9528 42
9535 43
9542 39
9548 49
9554 44
9560 45
9565 34
9566 34
9574 33
9579 39
9585 36
9590 43
9596 42
9600 37
9607 33
9613 41
9619 46
9633 35
9639 45
9644 41
9650 49
9656 40
9657 34
9666 36
9672 51
9676 35
9685 32
9689 40
9700 41
9703 38
9709 38
9718 40
9724 37
9731 38
9736 42
9742 33
9749 37
9750 32
9764 39
9768 33
9777 37
9783 44
9789 38
9795 32
9796 29
9805 39
9811 34
9815 42
9820 48
9826 40
9836 40
9840 38
9845 35
9849 36
9854 39
9859 48
9865 51
9870 40
9876 37
9881 38
9885 35
9891 37
9894 33
9898 38
9902 44
9907 44
9913 46
9920 51
9926 38
9932 43
9937 42
9942 30
9951 36
9956 37
9966 43
9971 38
9976 40
9981 39
9985 39
9990 43
9995 49
10001 47
10006 47
10011 40
10021 34
10026 44
10030 42
10035 42
10040 34
10044 39
10049 44
10055 56
10059 41
10065 48
10069 41
10075 36
10081 36
10086 34
10091 41
10095 35
10101 37
10104 33
10109 39
10115 46
10121 38
10126 40
10130 38
10135 43
10141 37
10148 38
10152 44
10157 42
10163 46
10169 37
10173 34
10181 36
10188 37
10198 37
10205 38
10210 38
10215 34
10220 46
10231 40
10236 43
10242 52
10246 37
10251 34
10258 35
10263 43
10267 45
10272 47
10280 52
10286 50
10292 44
10297 46
10303 33
10307 42
10313 41
10316 33
10329 40
10334 43
10340 37
10350 47
10356 38
10361 51
10366 38
10370 36
10378 40
10382 32
10392 33
10397 33
10404 42
10411 34
10417 42
10422 36
10429 38
10435 39
10439 34
10444 35
10453 43
10458 31
10462 32
10467 38
10472 42
10477 46
10484 49
10494 49
10500 56
10511 36
10518 44
10523 38
10525 32
10534 40
10538 33
10544 35
10549 37
10553 36
10559 53
10565 51
10570 49
10572 38
10582 40
10588 44
10601 43
10610 40
10614 39
10619 51
10625 39
10630 48
10636 55
10644 42
10652 44
10657 47
10663 39
10669 42
10674 44
10679 43
10684 36
10690 50
10695 39
10699 41
10706 44
10713 34
10719 36
10724 47
10730 35
10736 31
10741 35
10745 35
10749 33
10752 33
10759 37
10765 51
10770 47
10779 37
10784 32
10791 38
10795 32
10803 37
10807 40
10811 36
10815 35
10826 35
10831 34
10839 40
10845 39
10850 31
10857 39
10861 46
10867 39
10872 38
10876 35
10881 39
10885 32
10888 31
10893 38
10898 40
10902 44
10908 40
10909 33
10915 33
10919 34
10927 43
10934 36
10940 39
10947 47
10954 40
10958 39
10962 37
10968 48
10972 37
10973 35
10983 41
10987 30
10991 37
10996 35
11005 43
11011 39
11016 44
11025 40
11032 41
11038 44
11043 45
11049 41
11054 47
11060 45
11065 39
11070 37
11081 41
11088 39
11092 37
11098 35
11102 35
11112 37
11116 41
11122 37
11129 36
11138 37
11145 45
11151 45
11158 42
11163 35
11173 37
11177 38
11181 38
11187 50
11192 46
11197 46
11202 49
11207 40
11213 43
11224 40
11227 36
11232 34
11236 34
11241 42
11246 36
11254 42
11260 44
11264 37
11270 42
11276 42
11281 44
11287 34
11292 40
11298 50
11303 40
11310 39
11315 42
11320 41
11325 50
11331 58
11337 39
11340 33
11347 39
11353 36
11358 44
11364 39
11373 46
11380 42
11384 48
11390 47
11397 34
11402 38
11408 34
11411 34
11417 32
11424 35
11432 49
11441 57
11448 48
11454 43
11462 35
11465 34
11470 40
11476 36
11482 41
11488 40
11493 44
11500 39
11504 35
11510 34
11517 36
11522 36
11527 42
11532 42
11538 54
11544 38
11549 37
11554 40
11559 33
11564 30
11570 37
11574 40
11578 43
11583 33
11588 40
11594 43
11599 63
11605 46
11609 39
11615 34
11622 36
11627 33
11633 43
11641 43
11646 38
11651 35
11656 43
11670 51
11675 35
11684 45
11689 36
11697 39
11704 53
11711 50
11716 39
11720 42
11726 40
11730 46
11736 43
11742 49
11748 56
11755 44
11760 43
11766 50
11774 32
11779 41
11783 44
11789 42
11794 43
11799 39
11803 33
11811 44
11817 45
11821 35
11826 49
11831 36
11836 38
11842 43
11852 45
11862 46
11867 40
11873 38
11878 55
11886 43
11894 60
11902 59
11908 54
11913 38
11919 39
11928 38
11932 34
11936 44
11940 39
11947 42
11953 38
11959 38
11962 36
11970 39
11980 38
11985 36
11994 35
11998 36
12002 41
12011 43
12013 34
12022 42
12030 42
12040 42
12045 43
12047 39
12055 47
12061 48
12068 42
12072 39
12077 36
12083 40
12093 41
12097 37
12101 41
12107 39
12112 40
12117 44
12122 39
12127 52
12133 36
12141 32
12146 43
12152 43
12159 39
12166 33
12171 38
12178 36
12182 37
12188 43
12195 43
12200 48
12204 36
12208 42
12214 43
12219 33
12224 37
12228 47
12233 50
12238 44
12242 41
12251 38
12263 41
12269 38
12274 42
12280 38
12284 43
12288 39
12294 51
12300 46
12307 45
12311 38
12321 35
12328 41
12333 46
12343 39
12352 32
12357 37
12363 35
12367 32
12373 43
12377 34
12388 39
12396 43
12400 37
12404 46
12409 45
12416 38
12421 37
12427 39
12431 47
12436 36
12443 37
12448 43
12454 43
12459 37
12464 45
12468 41
12473 37
12477 41
12482 37
12486 39
12491 43
12496 51
12503 41
12509 35
12516 43
12522 43
12526 40
12532 34
12541 38
12546 41
12551 36
12557 32
12563 47
12567 38
12575 37
12584 36
12590 41
12595 44
12600 45
12606 47
12611 43
12617 47
12622 49
12631 34
12637 46
12643 45
12649 44
12657 45
12661 44
12667 48
12673 59
12680 48
12685 45
12691 42
12697 54
12704 37
12709 43
12716 39
12722 39
12728 46
12733 41
12738 42
12743 37
12749 37
12755 42
12763 48
12768 44
12774 36
12777 34
12783 41
12789 37
12793 35
12798 39
12803 37
12807 39
12814 49
12824 70
12833 8
12839 8
12842 8
99261 1394479664
99265 1394479808
99268 32767
99273 1394479664
99277 37796250
99281 1394479856
99287 1394480572
99295 1610612736
99305 1394479856
99311 1610612736
99315 1394480392
99319 1394482060
99320 32767
99327 1394482060
99333 1394480520
99339 1394480488
99343 1394482059
99353 1394481024
99357 1394481408
99362 524288
99365 1
99369 1394482060
99370 32767
99381 1394481496
99386 7
99389 1
99393 1394482059
99394 32767
99402 1
99415 1394480356
99423 2026584188
99429 2026584184
99433 2026584160
99439 2026587512
99445 1394480384
99449 2061214480
99455 50339940
99461 1394480496
99464 32767
99467 100
99471 50339840
99475 1394480424
99489 1394481008
99495 1394480504
99501 1394484568
99507 212061398
99519 1727463176
99523 1727471600
99531 1727291530
99535 1727463176
99539 1727468328
99547 1727291530
99551 1727471600
99555 1727471600
99557 1727434928
99563 1727463176
99571 1727463176
99579 1394481056
99583 1727316579
99589 2026584160
99593 212085784
99599 1727463176
99603 1727322649
99609 1727390384
99615 1727463176
99621 1727434928
99625 212085513
99629 1727471600
99637 1940
99643 1727237541
99649 1394481472
99653 2026587512
99659 2026587512
99671 1727463176
99675 1727468176
99683 1727291530
99687 1727468176
99691 1727468176
99703 1727463176
99707 1727468176
99711 212084480
99723 1727463176
99727 1727468176
99735 1727291530
99739 1727468176
99743 1727468176
99745 1727434928
99751 1727463176
99759 1727463176
99767 1394481808
99771 1727316579
99777 1727390384
99781 212085784
99787 1727463176
99791 1727322649
99801 1394481824
99805 1394481968
99808 32767
99813 1394481824
99817 37796250
99821 1394482016
99827 1394482732
99831 1727237541
99836 1078287141
99841 1394484976
99845 1394482016
99849 1394482616
99855 1394482552
99859 1394484220
99860 32767
99867 1394484220
99873 1394482128
99877 1394482696
99883 1394482664
99887 1394484235
99897 1394483200
99901 1394482240
99905 1394482256
99909 1394482824
99915 1394482792
99919 1394484363
99929 1394483328
99932 32767
99937 1394484235
99938 32767
99946 1
99953 1394483784
99957 1394483800
99961 1
99965 1
99969 1394484363
99970 32767
99978 1
99979 1
99987 4
99993 1394484360
