11 89
18 78
27 75
35 76
43 73
44 72
51 76
60 78
63 71
68 77
71 72
76 81
84 77
92 78
100 77
103 68
108 77
111 71
116 76
123 80
132 76
140 74
143 71
149 71
156 76
159 70
164 77
172 76
175 73
180 75
183 72
188 77
197 74
204 75
213 73
223 74
231 74
239 74
244 73
254 80
262 79
271 78
278 78
286 78
294 78
303 79
311 81
318 82
327 80
335 80
343 83
352 77
359 81
367 82
375 81
383 82
390 79
398 78
407 82
415 82
423 79
431 82
440 81
447 83
455 83
463 84
471 82
479 85
489 78
495 83
504 78
511 80
519 79
530 80
535 83
545 79
553 80
561 81
570 83
577 82
586 84
593 80
601 82
610 84
618 89
626 86
634 83
642 87
650 87
658 86
666 86
674 84
682 88
690 82
698 82
706 84
714 86
722 85
730 83
738 88
746 85
754 82
763 83
771 84
779 82
787 85
795 86
803 84
811 86
820 87
828 86
837 87
845 90
852 89
861 88
869 91
877 90
885 90
893 93
901 91
909 92
917 91
925 95
933 92
941 93
949 88
957 89
965 94
973 91
981 95
989 95
997 95
1005 92
1013 87
1021 90
1029 90
1038 88
1045 91
1053 85
1062 85
1070 89
1079 87
1087 87
1095 89
1103 89
1111 90
1120 91
1128 91
1136 92
1144 91
1152 91
1160 92
1169 88
1177 91
1185 92
1193 92
1201 92
1209 91
1217 93
1226 89
1234 91
1242 91
1250 91
1258 90
1266 91
1274 92
1282 95
1291 96
1299 97
1307 97
1315 96
1323 96
1331 96
1339 97
1347 93
1356 89
1364 86
1372 91
1380 93
1389 89
1396 91
1405 92
1413 91
1421 90
1429 91
1438 94
1446 92
1454 92
1462 89
1470 93
1478 95
1486 89
1495 92
1503 92
1511 95
1519 96
1527 96
1535 96
1543 89
1551 92
1559 93
1568 93
1576 94
1584 92
1592 88
1600 94
1608 94
1616 95
1625 93
1633 94
1641 93
1649 92
1657 92
1665 93
1673 92
1681 90
1690 91
1698 91
1706 92
1714 94
1722 94
1730 95
1738 96
1746 94
1754 96
1762 94
1771 93
1779 93
1787 91
1795 92
1804 90
1812 89
1819 88
1828 92
1836 91
1845 90
1851 92
1860 93
1868 91
1877 91
1886 93
1894 93
1902 92
1910 95
1918 95
1926 95
1934 95
1942 94
1951 91
1959 92
1967 95
1975 95
1983 94
1991 94
2000 93
2009 89
2016 93
2024 94
2033 94
2041 95
2049 93
2058 92
2066 97
2074 93
2082 91
2090 92
2099 92
2107 93
2116 90
2124 92
2131 92
2140 92
2149 93
2157 95
2165 93
2173 92
2181 92
2189 92
2197 92
2206 89
2214 89
2222 90
2230 91
2238 89
2246 93
2254 94
2262 92
2270 91
2278 93
2286 88
2294 89
2303 89
2311 88
2319 85
2327 90
2335 90
2344 91
2352 93
2360 94
2368 91
2376 93
2384 91
2392 92
2401 91
2409 92
2416 95
2425 97
2433 91
2441 98
2450 86
2457 96
2466 87
2474 90
2482 94
2491 93
2498 91
2507 92
2514 93
2524 90
2531 91
2539 89
2548 92
2556 92
2564 90
2572 89
2580 91
2588 90
2597 90
2605 92
2613 92
2621 91
2629 90
2637 91
2645 92
2654 92
2662 94
2670 94
2678 95
2686 91
2694 92
2702 93
2710 92
2719 93
2727 94
2735 94
2743 96
2751 89
2759 95
2767 92
2776 90
2784 93
2793 89
2800 90
2809 90
2816 92
2825 91
2834 88
2841 91
2849 90
2858 92
2866 94
2874 90
2882 91
2890 92
2898 93
2906 93
2914 91
2923 87
2930 90
2939 91
2947 91
2955 92
2963 88
2971 90
2980 91
2988 91
2996 91
3004 91
3012 90
3020 90
3028 91
3036 91
3044 93
3052 92
3061 92
3069 93
3077 93
3085 93
3093 91
3101 95
3109 92
3117 86
3125 92
3134 93
3141 93
3150 93
3158 92
3166 91
3174 93
3182 92
3190 91
3198 89
3207 91
3215 93
3223 91
3231 92
3239 92
3247 90
3255 91
3263 92
3271 93
3279 92
3287 91
3295 92
3304 93
3312 93
3320 92
3329 93
3337 93
3345 92
3353 93
3361 94
3369 94
3378 94
3386 96
3394 95
3402 94
3410 93
3418 94
3427 89
3435 88
3443 88
3450 93
3459 90
3468 89
3475 91
3484 90
3492 91
3500 91
3509 88
3516 91
3524 93
3532 93
3541 92
3549 88
3557 91
3565 92
3573 91
3581 91
3589 91
3598 91
3606 91
3614 93
3622 91
3630 91
3638 92
3646 92
3654 92
3663 95
3671 93
3679 94
3687 95
3695 94
3703 95
3711 94
3719 91
3727 95
3736 94
3744 92
3752 92
3759 92
3768 91
3776 93
3784 93
3793 92
3801 90
3809 90
3816 92
3824 93
3833 91
3841 91
3850 90
3857 89
3865 89
3874 91
3882 89
3889 90
3898 90
3906 89
3914 89
3922 92
3931 91
3939 90
3947 93
3955 92
3963 89
3971 89
3979 92
3987 90
3995 92
4003 90
4011 90
4019 90
4028 88
4035 90
4044 89
4052 91
4060 89
4068 90
4076 91
4084 92
4093 93
4101 93
4109 93
4117 93
4125 90
4133 94
4141 92
4149 94
4157 89
4165 91
4173 87
4181 91
4190 91
4198 87
4206 90
4214 87
4222 89
4230 91
4238 92
4246 91
4254 88
4263 87
4270 88
4278 91
4287 86
4295 87
4303 84
4310 87
4319 88
4327 86
4335 85
4343 88
4351 87
4359 89
4367 86
4376 88
4384 89
4392 91
4400 92
4408 90
4416 89
4424 90
4432 89
4441 90
4449 88
4457 90
4465 87
4473 88
4481 90
4489 87
4497 89
4505 91
4514 88
4521 87
4530 87
4538 88
4546 86
4554 89
4562 87
4570 89
4578 86
4586 87
4595 84
4603 88
4611 86
4619 89
4627 87
4635 89
4643 89
4651 87
4659 88
4668 90
4676 92
4684 92
4692 91
4700 90
4707 89
4716 91
4724 90
4732 90
4740 88
4748 90
4756 89
4764 91
4772 91
4780 89
4788 89
4796 91
4804 89
4813 91
4820 92
4829 84
4837 90
4845 90
4853 87
4861 87
4869 87
4877 87
4885 86
4894 86
4902 90
4910 88
4918 87
4926 86
4934 91
4943 89
4951 87
4959 89
4967 84
4975 88
4983 90
4991 88
4999 90
5008 87
5016 86
5024 88
5032 88
5040 87
5048 88
5056 88
5064 88
5073 88
5081 88
5089 88
5097 88
5105 90
5113 90
5121 90
5129 85
5137 91
5145 86
5154 88
5161 90
5170 88
5178 88
5186 90
5194 86
5202 87
5211 87
5218 87
5226 89
5235 85
5243 90
5251 91
5259 90
5267 89
5276 90
5284 93
5292 92
5300 94
5308 93
5316 92
5324 92
5332 86
5340 92
5348 91
5357 88
5365 86
5373 87
5381 86
5390 82
5397 85
5406 87
5412 88
5421 86
5429 86
5438 88
5446 87
5454 91
5462 91
5470 93
5478 90
5486 93
5494 90
5502 89
5510 93
5518 86
5526 89
5534 86
5542 92
5551 90
5558 90
5567 91
5575 90
5583 91
5591 90
5599 88
5608 89
5616 87
5624 91
5632 92
5640 94
5648 94
5656 91
5664 93
5672 94
5680 89
5688 92
5697 92
5705 91
5713 90
5721 89
5729 93
5737 94
5745 91
5753 90
5761 90
5770 89
5777 92
5786 89
5794 90
5802 93
5811 90
5818 94
5827 93
5835 94
5843 96
5851 96
5859 92
5868 91
5875 89
5884 91
5892 90
5900 92
5908 94
5916 92
5925 92
5933 91
5941 93
5949 93
5957 94
5966 91
5974 95
5982 93
5990 94
5998 94
6006 97
6014 96
6023 95
6031 95
6039 96
6047 96
6055 92
6064 91
6073 92
6081 92
6089 92
6097 95
6105 96
6113 94
6122 93
6130 95
6138 95
6146 95
6154 94
6162 95
6170 95
6178 91
6186 95
6195 93
6203 93
6211 90
6219 90
6227 90
6234 92
6243 92
6252 91
6260 94
6268 91
6276 90
6285 90
6293 93
6301 94
6309 90
6317 93
6325 90
6333 93
6341 94
6349 91
6358 90
6365 92
6374 91
6382 91
6390 93
6398 90
6406 91
6415 92
6423 92
6431 92
6439 91
6447 94
6455 91
6463 92
6472 90
6479 93
6487 90
6496 93
6504 92
6512 89
6520 93
6529 90
6536 92
6544 90
6553 88
6561 90
6568 90
6577 90
6584 85
6593 89
6602 93
6610 92
6618 94
6626 92
6634 93
6642 92
6650 93
6659 92
6667 94
6675 93
6683 95
6691 95
6699 95
6707 95
6715 96
6723 93
6731 93
6739 93
6747 89
6755 92
6764 90
6771 91
6780 92
6788 90
6796 89
6805 90
6813 91
6820 91
6828 92
6837 92
6844 94
6853 92
6861 91
6869 94
6877 92
6885 92
6893 88
6901 89
6910 90
6918 90
6926 87
6934 92
6942 93
6951 91
6959 92
6967 89
6974 90
6984 90
6992 92
7000 92
7008 89
7016 92
7024 91
7033 94
7041 89
7048 91
7057 91
7065 91
7073 94
7081 93
7090 91
7098 91
7105 91
7114 92
7122 92
7130 88
7138 91
7146 91
7154 92
7163 92
7171 92
7179 91
7187 92
7196 91
7203 91
7212 94
7219 92
7228 94
7235 94
7244 95
7252 92
7260 96
7268 96
7277 94
7285 94
7293 95
7301 93
7309 92
7317 95
7325 95
7334 95
7342 97
7350 98
7358 96
7366 93
7374 90
7383 93
7391 92
7399 93
7408 93
7416 95
7424 96
7432 94
7441 92
7449 95
7457 92
7465 95
7473 94
7481 95
7490 93
7499 94
7507 93
7515 94
7523 97
7531 96
7539 95
7548 91
7555 95
7564 92
7572 91
7580 93
7588 92
7596 91
7604 94
7612 94
7620 92
7629 91
7637 92
7646 94
7654 94
7662 93
7670 94
7678 95
7686 96
7694 93
7702 95
7710 91
7718 89
7727 91
7735 91
7743 86
7750 92
7759 90
7767 89
7776 89
7784 91
7792 91
7800 91
7808 89
7816 92
7824 90
7832 91
7841 91
7849 91
7857 93
7865 94
7873 93
7881 91
7889 92
7897 93
7905 92
7913 94
7921 92
7929 90
7937 88
7945 89
7953 88
7961 91
7969 89
7977 87
7985 86
7994 88
8002 86
8011 89
8019 89
8027 88
8035 88
8043 89
8051 89
8059 89
8067 89
8075 89
8084 89
8091 89
8099 86
8108 88
8116 91
8124 89
8132 91
8140 92
8148 92
8156 94
8164 92
8172 94
8180 94
8188 92
8196 92
8204 93
8212 91
8220 92
8228 89
8236 93
8244 92
8252 90
8260 93
8268 89
8276 87
8284 88
8293 90
8301 90
8309 92
8317 90
8325 88
8334 87
8340 87
8350 90
8358 90
8366 90
8375 85
8383 93
8391 91
8399 91
8407 94
8415 93
8423 92
8431 93
8439 91
8447 92
8455 93
8464 89
8471 90
8480 92
8488 92
8497 91
8504 95
8512 93
8520 95
8529 94
8537 95
8545 98
8553 96
8562 96
8570 98
8578 98
8586 93
8594 96
8602 95
8610 96
8618 97
8626 95
8635 93
8643 91
8651 93
8660 92
8668 92
8676 93
8684 93
8692 93
8701 93
8709 96
8717 95
8725 95
8733 95
8741 94
8749 92
8757 94
8766 92
8774 88
8781 90
8791 89
8799 89
8806 91
8814 90
8823 92
8831 88
8839 91
8847 88
8855 91
8864 93
8872 93
8880 93
8888 93
8896 96
8904 93
8912 92
8920 88
8928 93
8936 91
8944 91
8953 92
8960 93
8969 90
8978 84
8985 92
8994 90
9002 91
9011 83
9018 89
9026 89
9035 90
9043 91
9051 89
9059 91
9067 85
9075 91
9083 89
9091 92
9099 92
9108 91
9116 93
9124 92
9132 89
9140 89
9148 92
9156 94
9164 93
9172 93
9180 92
9188 94
9196 90
9204 90
9213 89
9221 89
9229 90
9237 93
9245 93
9253 93
9262 89
9270 92
9278 90
9286 94
9295 93
9303 93
9311 94
9319 90
9328 93
9336 94
9344 92
9352 92
9361 94
9369 93
9377 96
9385 97
9393 98
9401 95
9409 96
9417 98
9425 97
9433 97
9441 90
9449 92
9458 93
9467 90
9474 92
9483 93
9490 90
9499 94
9507 92
9516 94
9524 95
9532 96
9540 98
9548 98
9556 94
9565 93
9572 90
9581 92
9589 92
9597 90
9606 91
9614 90
9622 88
9630 93
9639 93
9647 94
9655 95
9663 94
9671 97
9679 98
9687 95
9695 96
9703 95
9711 90
9719 96
9728 93
9736 90
9745 90
9752 91
9760 91
9769 92
9777 91
9784 90
9793 92
9802 89
9810 90
9818 88
9826 91
9835 92
9842 93
9851 92
9859 93
9867 91
9875 93
9883 90
9891 95
9900 95
9908 94
9916 96
9924 98
9932 97
9940 97
9948 95
9957 95
9964 95
9973 91
9981 95
9989 95
9997 94
