12 18
16 19
21 18
24 18
29 18
32 18
37 21
40 17
45 20
48 18
53 20
56 19
61 19
64 19
69 21
72 19
77 21
80 18
81 16
85 16
96 17
104 17
112 17
120 17
128 19
129 15
136 18
137 14
144 17
152 17
160 17
168 17
176 18
181 17
184 17
189 16
192 16
200 17
208 19
216 18
224 18
233 18
241 18
249 17
257 18
265 18
272 17
281 18
290 19
297 21
306 21
314 21
322 22
330 22
338 22
346 23
354 21
362 21
370 23
378 24
386 24
394 24
402 24
410 22
418 22
426 25
434 22
442 23
450 22
458 21
466 21
474 21
482 21
490 21
498 21
507 21
515 23
523 25
531 25
539 25
547 24
555 25
563 25
571 26
579 26
587 25
595 24
603 23
611 22
619 21
629 23
637 23
645 23
653 23
661 24
669 19
676 20
685 21
694 20
701 21
710 23
718 25
726 26
734 28
742 28
750 29
758 30
766 35
774 37
782 35
790 34
798 34
806 33
814 34
822 37
830 41
838 43
846 42
854 36
862 32
870 31
878 27
886 28
894 27
902 24
912 25
918 24
926 25
936 28
944 27
952 27
960 27
968 30
976 29
984 31
992 31
1000 33
1008 35
1016 30
1024 32
1033 36
1041 38
1049 38
1057 38
1065 42
1073 40
1081 38
1089 36
1097 36
1106 32
1114 36
1122 33
1130 37
1138 38
1147 38
1155 41
1163 43
1171 48
1179 47
1187 46
1195 42
1203 43
1212 40
1220 43
1228 36
1236 40
1244 41
1252 39
1260 34
1269 39
1277 41
1285 39
1293 42
1301 42
1309 36
1318 41
1326 40
1334 42
1342 47
1350 47
1358 41
1366 38
1374 36
1383 38
1391 44
1399 47
1407 44
1415 39
1424 39
1432 43
1440 43
1448 43
1456 44
1464 40
1472 36
1481 39
1489 40
1497 46
1505 48
1513 46
1521 46
1529 38
1538 41
1546 44
1554 41
1562 41
1570 44
1578 47
1586 46
1594 40
1602 39
1610 41
1618 39
1627 37
1635 38
1643 42
1651 39
1659 37
1667 36
1676 37
1684 45
1692 40
1700 38
1708 34
1716 35
1724 33
1733 35
1741 44
1749 51
1757 55
1765 56
1773 50
1781 46
1789 40
1798 40
1806 42
1814 43
1822 40
1830 37
1838 38
1847 38
1855 41
1863 38
1871 48
1879 42
1888 43
1896 40
1904 45
1912 42
1920 39
1928 38
1937 39
1945 41
1953 41
1961 45
1969 43
1978 39
1986 47
1994 51
2002 51
2011 41
2019 49
2027 50
2035 50
2043 49
2052 50
2060 54
2068 51
2076 47
2085 43
2093 48
2101 45
2109 46
2118 46
2126 56
2134 56
2142 50
2151 44
2159 50
2167 56
2175 53
2183 53
2191 36
2200 36
2208 34
2216 41
2224 35
2233 32
2241 36
2249 38
2257 44
2265 42
2273 41
2281 39
2289 36
2297 34
2305 35
2314 38
2322 36
2330 34
2338 38
2346 35
2355 35
2363 39
2371 43
2379 47
2387 52
2395 50
2403 46
2411 45
2419 46
2428 43
2436 45
2444 46
2452 45
2460 41
2468 39
2476 38
2485 39
2493 46
2501 41
2509 39
2518 42
2526 46
2534 42
2542 43
2550 45
2558 38
2567 34
2575 38
2583 42
2591 41
2599 40
2607 38
2615 38
2623 37
2631 38
2640 39
2648 44
2656 48
2664 43
2672 43
2680 40
2688 42
2697 36
2705 37
2713 40
2721 44
2729 43
2737 37
2746 36
2754 44
2762 51
2770 43
2778 37
2787 47
2795 45
2803 47
2811 46
2819 41
2827 45
2835 39
2843 37
2851 33
2860 35
2868 34
2876 33
2885 35
2893 39
2901 38
2909 38
2917 40
2925 36
2933 39
2941 37
2950 35
2958 38
2966 36
2974 40
2982 48
2990 42
2998 41
3006 39
3014 34
3023 34
3031 38
3039 40
3047 49
3055 45
3063 44
3071 43
3079 39
3087 38
3095 37
3104 34
3112 37
3120 35
3128 38
3136 39
3144 39
3152 39
3160 35
3169 35
3177 33
3185 32
3193 34
3201 39
3209 34
3218 35
3226 42
3234 42
3242 44
3250 48
3258 48
3266 47
3274 48
3282 45
3290 43
3298 43
3306 41
3314 41
3323 46
3331 50
3339 41
3347 35
3355 38
3364 42
3372 47
3380 40
3388 40
3397 42
3405 51
3413 50
3421 53
3429 47
3437 36
3446 34
3454 34
3462 39
3470 47
3478 41
3486 37
3494 38
3503 38
3511 43
3519 42
3527 42
3535 42
3543 49
3551 44
3559 38
3568 40
3576 43
3584 43
3592 42
3600 41
3608 44
3616 44
3624 42
3633 35
3640 35
3649 42
3657 45
3665 46
3673 46
3681 45
3689 45
3697 43
3705 39
3714 40
3722 42
3730 42
3738 45
3746 40
3754 39
3762 36
3771 43
3779 44
3787 44
3795 46
3803 42
3811 39
3819 39
3827 38
3835 38
3843 38
3852 40
3860 43
3868 51
3876 43
3884 39
3892 41
3900 40
3908 34
3916 35
3925 40
3933 42
3941 45
3949 38
3957 40
3965 36
3974 36
3982 38
3990 38
3998 39
4006 40
4014 41
4022 42
4030 43
4038 43
4046 40
4054 39
4062 37
4071 36
4079 36
4087 34
4095 34
4103 39
4111 41
4119 42
4127 40
4135 36
4143 33
4152 32
4160 30
4168 31
4176 29
4184 28
4193 27
4201 27
4209 31
4217 28
4225 31
4233 32
4241 32
4249 32
4257 34
4265 30
4273 31
4281 29
4289 30
4298 33
4306 30
4314 32
4322 34
4330 33
4338 30
4346 31
4354 29
4362 28
4371 28
4379 33
4387 35
4395 37
4403 35
4411 39
4419 35
4427 40
4435 34
4443 34
4451 30
4460 34
4468 32
4476 36
4484 33
4492 31
4500 33
4508 32
4516 35
4524 35
4532 30
4541 30
4549 33
4557 32
4565 29
4573 30
4581 31
4589 32
4597 29
4605 28
4613 30
4622 32
4630 33
4638 32
4646 34
4654 34
4662 38
4670 38
4678 40
4686 40
4694 40
4702 40
4710 38
4718 36
4726 33
4734 33
4742 31
4750 29
4759 28
4766 27
4774 28
4783 26
4791 26
4799 27
4807 28
4815 29
4823 27
4831 26
4839 24
4847 24
4857 24
4865 28
4873 29
4881 29
4889 34
4897 36
4905 38
4913 46
4921 42
4929 42
4937 40
4945 39
4953 35
4961 35
4969 33
4977 33
4985 33
4994 31
5002 34
5010 35
5018 32
5026 30
5034 30
5043 29
5051 31
5059 31
5067 32
5075 32
5083 31
5091 32
5099 32
5107 32
5115 32
5123 33
5131 31
5139 29
5148 30
5156 28
5164 29
5173 32
5181 33
5189 33
5197 36
5205 37
5213 38
5221 38
5229 40
5237 38
5245 36
5253 37
5261 35
5269 33
5277 33
5286 37
5294 32
5302 33
5311 35
5319 33
5327 33
5335 34
5343 35
5351 38
5359 34
5368 28
5376 31
5384 32
5392 35
5400 33
5408 31
5416 30
5424 32
5432 33
5440 35
5448 33
5456 32
5464 32
5473 32
5481 30
5489 35
5497 32
5505 33
5513 34
5521 37
5529 38
5537 35
5545 36
5553 32
5561 35
5569 31
5577 33
5585 32
5594 32
5602 34
5610 34
5618 32
5626 31
5634 31
5642 32
5650 33
5658 33
5666 32
5675 33
5683 38
5691 40
5699 38
5707 37
5716 34
5724 33
5732 38
5740 39
5748 44
5756 41
5764 42
5772 39
5780 37
5788 35
5797 35
5805 39
5813 42
5821 39
5829 44
5837 44
5845 42
5853 41
5862 40
5870 37
5878 42
5886 38
5894 32
5903 39
5911 41
5919 46
5927 45
5935 39
5944 36
5952 42
5960 47
5968 52
5976 51
5984 46
5992 41
6001 35
6009 35
6017 44
6025 44
6033 39
6042 56
6050 58
6058 63
6066 54
6074 39
6083 45
6091 46
6099 43
6108 49
6116 52
6124 54
6132 54
6140 47
6148 41
6156 39
6165 42
6173 45
6181 43
6189 45
6197 42
6205 36
6214 40
6222 47
6230 49
6238 46
6246 44
6254 43
6263 35
6271 35
6279 38
6287 41
6295 35
6303 35
6311 33
6320 41
6328 40
6336 45
6344 48
6352 43
6360 43
6368 45
6376 40
6384 36
6393 35
6401 39
6409 35
6417 33
6426 34
6434 38
6442 38
6450 36
6458 40
6466 41
6474 38
6482 35
6490 41
6498 38
6507 38
6515 39
6523 42
6531 39
6539 42
6547 42
6555 36
6564 34
6572 36
6580 37
6588 37
6596 40
6604 38
6612 40
6620 45
6628 39
6636 37
6644 38
6652 38
6661 38
6669 41
6677 37
6685 36
6693 38
6701 37
6709 37
6718 37
6726 39
6734 41
6742 45
6750 37
6758 37
6766 39
6774 40
6783 34
6791 36
6799 38
6807 39
6815 39
6823 41
6831 40
6839 32
6847 34
6856 34
6864 33
6872 35
6880 36
6888 37
6896 32
6905 32
6913 35
6921 36
6929 39
6937 41
6945 41
6953 39
6961 36
6970 41
6978 42
6986 42
6994 42
7002 40
7010 42
7019 37
7027 40
7035 45
7043 45
7051 43
7059 36
7068 33
7076 33
7084 37
7092 38
7100 39
7108 38
7116 41
7124 38
7132 40
7141 38
7149 41
7157 45
7165 51
7173 46
7181 44
7189 38
7197 36
7206 38
7214 45
7222 44
7230 46
7238 49
7246 46
7254 41
7263 40
7271 48
7279 51
7287 48
7295 43
7303 43
7311 40
7319 40
7328 40
7336 48
7344 47
7352 45
7361 43
7369 47
7377 54
7385 49
7393 46
7402 43
7410 52
7418 48
7427 51
7435 50
7443 49
7451 49
7459 48
7467 47
7476 52
7484 64
7492 50
7501 44
7509 56
7517 58
7525 53
7533 46
7542 49
7550 49
7558 55
7566 53
7574 47
7582 42
7591 46
7599 50
7607 54
7615 56
7623 57
7631 51
7639 46
7647 39
7656 45
7664 51
7673 37
7681 37
7689 45
7697 41
7705 47
7713 47
7721 45
7729 39
7738 39
7746 42
7754 44
7762 41
7770 38
7778 38
7786 40
7794 37
7802 35
7810 33
7819 35
7827 37
7835 38
7843 39
7851 36
7859 36
7867 34
7875 32
7883 32
7892 31
7900 33
7908 34
7916 38
7924 39
7932 36
7940 35
7948 35
7956 31
7964 31
7973 31
7981 33
7989 35
7997 35
8005 37
8013 39
8021 42
8029 44
8037 43
8045 43
8053 41
8061 40
8069 39
8077 37
8085 37
8093 38
8101 38
8109 37
8117 35
8125 35
8133 32
8141 29
8149 28
8157 26
8165 26
8174 27
8182 29
8190 30
8199 32
8207 32
8215 34
8223 35
8231 35
8239 38
8247 40
8255 38
8263 34
8271 31
8280 32
8288 32
8296 33
8304 36
8312 38
8320 40
8328 39
8336 40
8344 36
8352 36
8360 35
8368 37
8376 36
8385 32
8393 32
8401 33
8410 31
8418 34
8426 38
8434 43
8442 46
8450 48
8458 46
8466 41
8474 35
8482 35
8490 40
8499 38
8507 42
8515 44
8523 44
8531 48
8539 49
8547 47
8556 45
8564 50
8572 51
8580 48
8588 45
8597 50
8605 50
8613 54
8621 60
8629 54
8637 48
8645 42
8654 46
8662 52
8670 59
8678 65
8686 52
8695 48
8703 51
8711 48
8719 42
8727 37
8736 38
8744 39
8752 42
8760 46
8768 45
8776 49
8784 44
8793 42
8801 41
8809 46
8817 43
8825 42
8833 38
8841 36
8850 35
8858 35
8866 41
8874 40
8882 45
8890 40
8898 39
8907 35
8915 36
8923 43
8931 40
8939 37
8947 38
8955 34
8963 34
8972 43
8980 31
8988 34
8996 33
9004 34
9012 30
9020 32
9028 30
9037 33
9045 32
9054 33
9062 34
9070 34
9078 41
9086 41
9094 44
9102 46
9110 46
9118 42
9126 37
9134 35
9143 32
9151 37
9159 40
9167 37
9175 38
9183 39
9191 37
9199 34
9207 31
9215 35
9224 34
9232 34
9240 37
9248 41
9256 47
9264 42
9272 38
9281 39
9289 40
9297 45
9306 40
9314 43
9322 55
9330 48
9338 47
9346 46
9354 42
9363 36
9371 38
9379 36
9387 43
9396 42
9404 50
9412 50
9420 51
9428 51
9436 53
9444 47
9452 50
9460 43
9468 35
9477 37
9485 44
9493 43
9501 41
9510 37
9518 43
9526 40
9534 39
9542 40
9551 48
9559 52
9567 50
9575 45
9584 43
9592 49
9600 50
9608 58
9616 56
9624 41
9633 35
9641 35
9649 37
9658 34
9666 38
9674 38
9682 40
9690 38
9698 43
9706 47
9714 45
9722 51
9731 42
9739 40
9747 42
9755 42
9763 42
9772 40
9780 40
9788 44
9796 46
9804 48
9812 48
9820 45
9828 39
9837 38
9845 42
9853 43
9861 45
9869 47
9877 43
9885 39
9894 48
9902 47
9910 46
9918 42
9926 47
9934 43
9942 38
9951 45
9959 51
9967 50
9975 44
9983 42
9991 42
