9799 1861128848
9803 1861128848
9805 1861095600
9811 1861123848
9819 1861123848
9827 1432419248
9831 1860977251
9837 1861051056
9841 174144584
9847 1861123848
9851 1860983321
9857 1861051056
9863 1861123848
9869 1861095600
9873 174143926
9877 1861128848
9885 1529
9891 1860898213
9897 1432419664
9901 1432419440
9905 1432420008
9913 1432422264
9925 1432420512
9928 32767
9931 0
9937 0
9944 539959472
9947 0
9953 1432420984
9961 1
9965 1432421547
9966 32767
9974 1
9975 1
9983 4
9989 1432421544
9993 1432421848
9999 1432421848
