9801 174143926
9809 1432419152
9813 1432419296
9816 32767
9821 1432419152
9824 32767
9829 1432419344
9835 1432420060
9839 1861123848
9843 1130254552
9849 174143926
9853 1432419344
9857 1432419944
9863 1432419880
9867 1432421548
9868 32767
9875 1432421548
9881 1432420008
9889 1432422264
9901 1432419536
9905 1432420104
9911 1432420072
9915 1432421643
9925 1432420608
9929 1432420984
9934 7
9937 1
9941 1432421547
9942 32767
9953 1432421080
9955 1
9961 1
9965 1432421643
9966 32767
9974 1
9983 4
9989 1432421640
9998 32707
