1 0 3 0 0 0
2 2 8 0 0 0.02
3 11 10 0 0 0.11
4 25 16 1 0.01 0.25
5 34 26 1 0.01 0.34
6 50 39 4 0.04 0.5
7 55 46 6 0.06 0.55
8 63 58 24 0.24 0.63
9 73 69 43 0.43 0.73
10 79 77 57 0.57 0.79
11 88 89 77 0.77 0.88
12 95 93 88 0.88 0.95
13 98 94 92 0.92 0.98
14 98 97 95 0.95 0.98
15 100 99 99 0.99 1
16 100 99 99 0.99 1
17 100 100 100 1 1
18 100 100 100 1 1
19 100 100 100 1 1
20 100 100 100 1 1
21 100 100 100 1 1
22 100 100 100 1 1
23 100 100 100 1 1
24 100 100 100 1 1
25 100 100 100 1 1
26 100 100 100 1 1
27 100 100 100 1 1
