99293 1401229856
99297 1401230000
99300 32767
99305 1401229856
99308 32767
99313 1401230048
99319 1401230764
99328 1065886240
99331 2
99337 1401230048
99341 1401230664
99347 1401230584
99351 1401232252
99352 32767
99359 1401232252
99365 1401230712
99371 1401230680
99375 1401232251
99385 1401231216
99389 1401231600
99394 524288
99397 1
99401 1401232252
99402 32767
99413 1401231688
99418 9
99421 1
99425 1401232251
99426 32767
99434 1
99447 1401230548
99455 2026584188
99461 2026584184
99465 2026584160
99471 2026587512
99477 1401230576
99481 2061214480
99487 1635829348
99493 1401230688
99496 32767
99499 100
99503 1635829248
99507 1401230616
99521 1401231200
99527 1401230696
99533 1401234760
99537 1631631562
99551 1716416264
99555 1716424688
99563 1716244618
99567 1716416264
99571 1716421416
99579 1716244618
99583 1716424688
99587 1716424688
99589 1716388016
99595 1716416264
99603 1716416264
99611 1401231248
99615 1716269667
99621 2026584160
99625 205335576
99631 1716416264
99635 1716275737
99641 1716343472
99647 1716416264
99653 1716388016
99657 205335305
99661 1716424688
99669 1940
99675 1716190629
99681 1401231664
99685 2026587512
99691 2026587512
99703 1716416264
99707 1716421264
99715 1716244618
99719 1716421264
99723 1716421264
99735 1716416264
99739 1716421264
99743 205334272
99755 1716416264
99759 1716421264
99767 1716244618
99771 1716421264
99775 1716421264
99777 1716388016
99783 1716416264
99791 1716416264
99799 1401232000
99803 1716269667
99809 1716343472
99813 205335576
99819 1716416264
99823 1716275737
99829 1716343472
99835 1716416264
99841 1716388016
99845 205334894
99849 1716421264
99857 1529
99863 1716190629
99869 1401232416
99873 1401235168
99875 205317720
99885 1401235168
99889 1769234802
99901 1401232304
99905 1401232320
99909 1401232888
99915 1401232856
99919 1401234427
99929 1401233392
99932 32767
99939 1401235168
99953 1401233848
99957 1401233864
99961 1
99965 1
99969 1401234427
99970 32767
99978 1
99979 1
99987 4
99993 1401234424
