15 100
18 100
21 100
24 100
27 100
99261 1401229856
99265 1401230000
99268 32767
99273 1401229856
99276 32767
99281 1401230048
99287 1401230764
99296 1065886240
99299 2
99305 1401230048
99309 1401230664
99315 1401230584
99319 1401232252
99320 32767
99327 1401232252
99333 1401230712
99339 1401230680
99343 1401232251
99353 1401231216
99357 1401231600
99362 524288
99365 1
99369 1401232252
99370 32767
99381 1401231688
99386 9
99389 1
99393 1401232251
99394 32767
99402 1
99415 1401230548
99423 2026584188
99429 2026584184
99433 2026584160
99439 2026587512
99445 1401230576
99449 2061214480
99455 1635829348
99461 1401230688
99464 32767
99467 100
99471 1635829248
99475 1401230616
99489 1401231200
99495 1401230696
99501 1401234760
99505 1631631562
99519 1716416264
99523 1716424688
99531 1716244618
99535 1716416264
99539 1716421416
99547 1716244618
99551 1716424688
99555 1716424688
99557 1716388016
99563 1716416264
99571 1716416264
99579 1401231248
99583 1716269667
99589 2026584160
99593 205335576
99599 1716416264
99603 1716275737
99609 1716343472
99615 1716416264
99621 1716388016
99625 205335305
99629 1716424688
99637 1940
99643 1716190629
99649 1401231664
99653 2026587512
99659 2026587512
99671 1716416264
99675 1716421264
99683 1716244618
99687 1716421264
99691 1716421264
99703 1716416264
99707 1716421264
99711 205334272
99723 1716416264
99727 1716421264
99735 1716244618
99739 1716421264
99743 1716421264
99745 1716388016
99751 1716416264
99759 1716416264
99767 1401232000
99771 1716269667
99777 1716343472
99781 205335576
99787 1716416264
99791 1716275737
99801 1401232016
99805 1401232160
99808 32767
99813 1401232016
99817 1631631562
99821 1401232208
99827 1401232924
99831 1716190629
99836 1075198179
99841 1401235168
99845 1401232208
99849 1401232808
99855 1401232744
99859 1401234412
99860 32767
99867 1401234412
99873 1401232320
99877 1401232888
99883 1401232856
99887 1401234427
99897 1401233392
99901 1401232432
99905 1401232448
99909 1401233016
99915 1401232984
99919 1401234555
99929 1401233520
99932 32767
99937 1401234427
99938 32767
99946 1
99953 1401233976
99957 1401233992
99961 1
99965 1
99969 1401234555
99970 32767
99978 1
99979 1
99987 4
99993 1401234552
