99801 164432310
99809 1442130768
99813 1442130912
99816 32767
99821 1442130768
99825 859881722
99829 1442130960
99835 1442131676
99839 1837657864
99843 1130254552
99849 164432310
99853 1442130960
99857 1442131560
99863 1442131496
99867 1442133164
99868 32767
99875 1442133164
99881 1442131624
99889 1442133880
99901 1442131152
99905 1442131720
99911 1442131688
99915 1442133259
99925 1442132224
99929 1442132600
99934 7
99937 1
99941 1442133163
99942 32767
99953 1442132696
99955 1
99961 1
99965 1442133259
99966 32767
99974 1
99983 4
99989 1442133256
99999 880816128
