99799 1837662864
99803 1837662864
99805 1837629616
99811 1837657864
99819 1837657864
99827 1442130864
99831 1837511267
99837 1837585072
99841 164432968
99847 1837657864
99851 1837517337
99857 1837585072
99863 1837657864
99869 1837629616
99873 164432310
99877 1837662864
99885 1529
99891 1837432229
99897 1442131280
99901 1442131056
99905 1442131624
99913 1442133880
99925 1442132128
99928 32767
99931 0
99937 0
99944 539959472
99947 0
99953 1442132600
99961 1
99965 1442133163
99966 32767
99974 1
99975 1
99983 4
99989 1442133160
99993 1442133464
99999 1442133464
