1 10 0 0 0 0.1
2 38 0 0 0 0.38
3 44 2 0 0 0.44
4 39 6 1 0.01 0.39
5 38 11 3 0.03 0.38
6 35 19 6 0.06 0.35
7 38 23 10 0.1 0.38
8 38 37 17 0.17 0.38
9 38 42 20 0.2 0.38
10 35 46 24 0.24 0.35
11 49 46 33 0.33 0.49
12 52 49 35 0.35 0.52
13 53 50 36 0.36 0.53
14 55 56 39 0.39 0.55
15 52 54 39 0.39 0.52
16 49 61 39 0.39 0.49
17 52 64 39 0.39 0.52
18 53 64 40 0.4 0.53
19 56 59 41 0.41 0.56
20 58 65 41 0.41 0.58
21 54 63 41 0.41 0.54
22 53 64 41 0.41 0.53
23 55 61 41 0.41 0.55
24 64 57 41 0.41 0.64
25 66 53 41 0.41 0.66
26 71 55 41 0.41 0.71
27 70 50 42 0.42 0.7
28 69 58 43 0.43 0.69
29 61 65 43 0.43 0.61
30 62 73 44 0.44 0.62
31 60 71 44 0.44 0.6
32 66 63 44 0.44 0.66
33 69 60 44 0.44 0.69
34 70 60 44 0.44 0.7
35 65 65 44 0.44 0.65
36 66 66 44 0.44 0.66
37 62 72 44 0.44 0.62
38 60 70 44 0.44 0.6
39 63 75 44 0.44 0.63
40 64 70 44 0.44 0.64
41 67 69 44 0.44 0.67
42 72 63 44 0.44 0.72
43 76 63 44 0.44 0.76
44 79 61 44 0.44 0.79
45 80 60 44 0.44 0.8
46 83 59 44 0.44 0.83
47 81 61 44 0.44 0.81
48 80 63 44 0.44 0.8
49 80 64 44 0.44 0.8
50 80 64 44 0.44 0.8
51 80 64 44 0.44 0.8
52 80 64 44 0.44 0.8
53 80 64 44 0.44 0.8
54 80 64 44 0.44 0.8
55 80 64 44 0.44 0.8
56 80 64 44 0.44 0.8
57 80 64 44 0.44 0.8
58 80 64 44 0.44 0.8
59 80 64 44 0.44 0.8
