1 74 84 61 0.61 0.74
2 55 96 55 0.55 0.55
3 48 98 46 0.46 0.48
4 51 94 47 0.47 0.51
5 54 88 46 0.46 0.54
6 56 76 41 0.41 0.56
7 55 67 35 0.35 0.55
8 54 48 23 0.23 0.54
9 51 36 17 0.17 0.51
10 49 34 18 0.18 0.49
11 40 34 18 0.18 0.4
12 32 33 13 0.13 0.32
13 27 32 10 0.1 0.27
14 20 27 8 0.08 0.2
15 20 27 9 0.09 0.2
16 21 23 10 0.1 0.21
17 19 21 9 0.09 0.19
18 18 20 8 0.08 0.18
19 17 17 7 0.07 0.17
20 13 15 4 0.04 0.13
21 16 16 5 0.05 0.16
22 20 19 7 0.07 0.2
23 18 14 3 0.03 0.18
24 18 12 4 0.04 0.18
25 20 14 4 0.04 0.2
26 16 12 4 0.04 0.16
27 15 17 5 0.05 0.15
28 8 15 4 0.04 0.08
29 10 15 4 0.04 0.1
30 8 7 3 0.03 0.08
31 11 6 3 0.03 0.11
32 15 6 3 0.03 0.15
33 11 8 2 0.02 0.11
34 10 11 2 0.02 0.1
35 8 11 2 0.02 0.08
36 5 10 1 0.01 0.05
37 4 8 2 0.02 0.04
38 6 10 1 0.01 0.06
39 6 5 1 0.01 0.06
40 7 5 2 0.02 0.07
41 8 2 0 0 0.08
42 7 2 0 0 0.07
43 4 1 0 0 0.04
44 2 2 0 0 0.02
45 3 1 0 0 0.03
46 0 2 0 0 0
47 0 2 0 0 0
48 0 1 0 0 0
49 0 0 0 0 0
50 0 0 0 0 0
51 0 0 0 0 0
52 0 0 0 0 0
53 0 0 0 0 0
54 0 0 0 0 0
55 0 0 0 0 0
56 0 0 0 0 0
57 0 0 0 0 0
58 0 0 0 0 0
59 0 0 0 0 0
