1 305 33 33 0.216393
2 350 10 12 0.0628571
3 318 4 4 0.0251572
4 306 4 0 0.0130719
5 320 5 0 0.015625
6 334 4 0 0.011976
7 286 5 4 0.0314685
8 293 5 4 0.0307167
9 256 5 8 0.0507812
10 202 4 12 0.0792079
11 212 10 11 0.0990566
12 186 6 10 0.0860215
13 182 9 9 0.0989011
14 168 6 8 0.0833333
15 124 7 5 0.0967742
16 100 6 8 0.14
17 116 6 5 0.0948276
18 91 7 5 0.131868
19 93 6 1 0.0752688
20 84 4 6 0.119048
21 75 6 7 0.173333
22 99 11 12 0.232323
23 96 5 2 0.0729167
24 88 11 4 0.170455
25 94 11 8 0.202128
26 98 5 4 0.0918367
27 79 6 7 0.164557
28 83 1 7 0.0963855
29 67 3 8 0.164179
30 65 1 2 0.0461538
31 50 5 3 0.16
32 59 10 2 0.20339
33 67 4 4 0.119403
34 53 6 7 0.245283
35 56 2 8 0.178571
36 49 2 4 0.122449
37 38 2 6 0.210526
38 41 4 4 0.195122
39 48 5 3 0.166667
40 33 5 1 0.181818
41 34 5 1 0.176471
42 35 5 1 0.171429
43 29 3 2 0.172414
44 14 2 1 0.214286
45 13 2 0 0.153846
46 15 1 1 0.133333
47 6 0 2 0.333333
48 5 0 1 0.2
49 1 0 0 0
50 0 0 0 0
51 0 0 0 0
52 0 0 0 0
53 0 0 0 0
54 0 0 0 0
55 0 0 0 0
56 0 0 0 0
57 0 0 0 0
58 0 0 0 0
59 0 0 0 0
