99801 240634334
99809 1365928784
99813 1365928928
99816 32767
99821 1365928784
99825 2018517018
99829 1365928976
99835 1365929692
99839 1824485128
99843 1130254552
99849 240634334
99853 1365928976
99857 1365929576
99863 1365929512
99867 1365931180
99868 32767
99875 1365931180
99881 1365929640
99889 1365931896
99901 1365929168
99905 1365929736
99911 1365929704
99915 1365931275
99925 1365930240
99929 1365930616
99934 7
99937 1
99941 1365931179
99942 32767
99953 1365930712
99955 1
99961 1
99965 1365931275
99966 32767
99974 1
99983 4
99989 1365931272
99999 2021684736
