99799 1824490128
99803 1824490128
99805 1824456880
99811 1824485128
99819 1824485128
99827 1365928880
99831 1824338531
99837 1824412336
99841 240634992
99847 1824485128
99851 1824344601
99857 1824412336
99863 1824485128
99869 1824456880
99873 240634334
99877 1824490128
99885 1529
99891 1824259493
99897 1365929296
99901 1365929072
99905 1365929640
99913 1365931896
99925 1365930144
99928 32767
99931 0
99937 0
99944 539959472
99947 0
99953 1365930616
99961 1
99965 1365931179
99966 32767
99974 1
99975 1
99983 4
99989 1365931176
99993 1365931480
99999 1365931480
