1 447 452 0 0 0.447
2 490 500 0 0 0.49
3 489 502 0 0 0.489
4 476 486 0 0 0.476
5 436 436 0 0 0.436
6 368 330 0 0 0.368
7 313 240 0 0 0.313
8 340 232 0 0 0.34
9 381 302 0 0 0.381
10 394 359 0 0 0.394
11 383 380 0 0 0.383
12 329 384 0 0 0.329
13 279 383 0 0 0.279
14 236 345 0 0 0.236
15 217 312 0 0 0.217
16 241 257 0 0 0.241
17 284 212 0 0 0.284
18 317 198 0 0 0.317
19 320 209 0 0 0.32
20 280 225 0 0 0.28
21 244 241 0 0 0.244
22 218 280 0 0 0.218
23 202 314 0 0 0.202
24 191 305 0 0 0.191
25 216 249 0 0 0.216
26 252 212 0 0 0.252
27 299 187 0 0 0.299
28 315 177 0 0 0.315
29 269 192 0 0 0.269
30 227 234 0 0 0.227
31 199 300 0 0 0.199
32 167 334 0 0 0.167
33 157 312 0 0 0.157
34 206 243 0 0 0.206
35 277 192 0 0 0.277
36 342 158 0 0 0.342
37 359 137 0 0 0.359
38 292 154 0 0 0.292
39 217 194 0 0 0.217
40 153 308 0 0 0.153
41 115 404 0 0 0.115
42 111 376 0 0 0.111
43 159 273 0 0 0.159
44 259 168 0 0 0.259
45 371 100 0 0 0.371
46 412 80 0 0 0.412
47 344 92 0 0 0.344
48 216 153 0 0 0.216
49 110 260 0 0 0.11
50 73 424 0 0 0.073
51 65 481 0 0 0.065
52 71 341 0 0 0.071
53 130 173 0 0 0.13
54 281 75 0 0 0.281
55 471 44 0 0 0.471
56 522 39 0 0 0.522
57 343 47 0 0 0.343
58 137 91 0 0 0.137
59 53 200 0 0 0.053
60 27 412 0 0 0.027
61 27 547 0 0 0.027
62 27 420 0 0 0.027
63 57 203 0 0 0.057
64 144 76 0 0 0.144
65 341 30 0 0 0.341
66 566 10 0 0 0.566
67 536 12 0 0 0.536
68 272 23 0 0 0.272
69 77 54 0 0 0.077
70 26 162 0 0 0.026
71 12 407 0 0 0.012
72 6 635 0 0 0.006
73 5 509 0 0 0.005
74 9 208 0 0 0.009
75 17 50 0 0 0.017
76 56 12 0 0 0.056
77 173 4 0 0 0.173
78 433 2 0 0 0.433
79 641 3 0 0 0.641
80 473 3 0 0 0.473
81 183 3 0 0 0.183
82 54 8 0 0 0.054
83 13 27 0 0 0.013
84 5 86 0 0 0.005
85 1 238 0 0 0.001
86 1 523 0 0 0.001
87 0 642 0 0 0
88 0 380 0 0 0
89 0 105 0 0 0
90 0 24 0 0 0
91 0 8 0 0 0
92 0 3 0 0 0
93 0 0 0 0 0
94 0 0 0 0 0
95 0 0 0 0 0
96 0 0 0 0 0
97 0 0 0 0 0
98 0 0 0 0 0
99 0 0 0 0 0
100 0 0 0 0 0
101 0 0 0 0 0
102 0 0 0 0 0
103 0 0 0 0 0
