1 0 0 0 0 0
2 2 0 0 0 0.002
3 4 5 0 0 0.004
4 20 23 0 0 0.02
5 67 78 0 0 0.067
6 149 206 0 0 0.149
7 253 303 0 0 0.253
8 288 316 0 0 0.288
9 265 266 0 0 0.265
10 218 217 0 0 0.218
11 207 180 0 0 0.207
12 202 172 0 0 0.202
13 206 173 0 0 0.206
14 195 240 0 0 0.195
15 192 294 0 0 0.192
16 197 321 0 0 0.197
17 207 316 0 0 0.207
18 235 269 0 0 0.235
19 264 224 0 0 0.264
20 303 204 0 0 0.303
21 324 197 0 0 0.324
22 294 212 0 0 0.294
23 251 236 0 0 0.251
24 212 295 0 0 0.212
25 207 329 0 0 0.207
26 190 348 0 0 0.19
27 236 281 0 0 0.236
28 265 245 0 0 0.265
29 339 203 0 0 0.339
30 344 196 0 0 0.344
31 306 196 0 0 0.306
32 240 260 0 0 0.24
33 193 338 0 0 0.193
34 167 384 0 0 0.167
35 164 367 0 0 0.164
36 210 290 0 0 0.21
37 296 208 0 0 0.296
38 396 158 0 0 0.396
39 448 141 0 0 0.448
40 374 165 0 0 0.374
41 259 222 0 0 0.259
42 158 355 0 0 0.158
43 112 456 0 0 0.112
44 120 454 0 0 0.12
45 180 349 0 0 0.18
46 300 208 0 0 0.3
47 452 113 0 0 0.452
48 540 91 0 0 0.54
49 518 113 0 0 0.518
50 327 176 0 0 0.327
51 147 307 0 0 0.147
52 69 519 0 0 0.069
53 58 639 0 0 0.058
54 79 565 0 0 0.079
55 149 337 0 0 0.149
56 321 120 0 0 0.321
57 562 49 0 0 0.562
58 732 40 0 0 0.732
59 691 56 0 0 0.691
60 454 107 0 0 0.454
61 195 231 0 0 0.195
62 69 484 0 0 0.069
63 40 700 0 0 0.04
64 32 748 0 0 0.032
65 72 557 0 0 0.072
66 167 257 0 0 0.167
67 391 61 0 0 0.391
68 691 14 0 0 0.691
69 857 12 0 0 0.857
70 790 22 0 0 0.79
71 526 55 0 0 0.526
72 185 174 0 0 0.185
73 41 445 0 0 0.041
74 13 770 0 0 0.013
75 11 922 0 0 0.011
76 14 918 0 0 0.014
77 26 797 0 0 0.026
78 67 498 0 0 0.067
79 189 167 0 0 0.189
80 481 43 0 0 0.481
81 803 11 0 0 0.803
82 930 8 0 0 0.93
83 953 7 0 0 0.953
84 895 14 0 0 0.895
85 730 31 0 0 0.73
86 381 95 0 0 0.381
87 96 262 0 0 0.096
88 25 595 0 0 0.025
89 13 882 0 0 0.013
90 10 966 0 0 0.01
91 10 982 0 0 0.01
92 10 987 0 0 0.01
93 10 990 0 0 0.01
94 10 990 0 0 0.01
95 10 990 0 0 0.01
96 10 990 0 0 0.01
97 10 990 0 0 0.01
98 10 990 0 0 0.01
99 10 990 0 0 0.01
100 10 990 0 0 0.01
101 10 990 0 0 0.01
102 10 990 0 0 0.01
103 10 990 0 0 0.01
