1 2081 146 151 0.14272
2 3221 45 48 0.028873
3 3428 3 7 0.00291715
4 3476 5 3 0.0023015
5 3376 16 13 0.00859005
6 3135 46 42 0.0280702
7 2409 94 69 0.0676629
8 1930 131 83 0.110881
9 2074 106 109 0.103664
10 2368 59 95 0.0650338
11 2674 70 80 0.0560957
12 2665 53 85 0.0517824
13 2506 67 95 0.0646449
14 2326 71 112 0.0786758
15 1999 88 110 0.0990495
16 1905 122 92 0.112336
17 1741 140 85 0.129236
18 1699 151 89 0.14126
19 1851 134 101 0.126958
20 1866 109 109 0.116827
21 1727 103 118 0.127968
22 1754 93 149 0.13797
23 1713 95 154 0.145359
24 1802 83 134 0.120422
25 1681 123 103 0.134444
26 1638 120 101 0.134921
27 1606 169 75 0.15193
28 1712 139 94 0.136098
29 1700 117 89 0.121176
30 1598 100 137 0.14831
31 1661 89 155 0.146899
32 1722 70 168 0.138211
33 1755 80 137 0.123647
34 1726 120 97 0.125724
35 1506 151 83 0.155378
36 1617 178 67 0.151515
37 1783 169 66 0.1318
38 1753 117 84 0.114661
39 1527 86 109 0.127701
40 1491 56 194 0.167673
41 1595 52 205 0.161129
42 1805 55 160 0.119114
43 1702 103 101 0.119859
44 1505 155 47 0.134219
45 1490 214 42 0.171812
46 1658 194 33 0.136912
47 1713 139 55 0.113252
48 1460 58 98 0.106849
49 1258 34 162 0.155803
50 1258 32 260 0.232114
51 1777 29 217 0.138436
52 1876 39 111 0.0799574
53 1438 89 41 0.0904033
54 1068 191 19 0.196629
55 1295 279 19 0.230116
56 1831 240 17 0.14036
57 1957 89 27 0.0592744
58 1386 26 62 0.0634921
59 789 10 135 0.183777
60 885 11 274 0.322034
61 1479 12 271 0.191346
62 1977 15 141 0.0789074
63 1501 42 41 0.0552965
64 891 100 21 0.135802
65 767 239 2 0.314211
66 1273 323 3 0.256088
67 1983 201 7 0.104892
68 1873 51 15 0.0352376
69 1109 10 39 0.0441839
70 494 5 123 0.259109
71 702 4 282 0.407407
72 1539 0 347 0.225471
73 2245 4 149 0.0681514
74 1862 5 29 0.0182599
75 721 12 6 0.0249653
76 229 44 2 0.200873
77 251 129 0 0.513944
78 628 302 1 0.482484
79 1554 331 1 0.213642
80 2190 126 2 0.0584475
81 1601 33 1 0.0212367
82 651 5 7 0.0184332
83 228 2 20 0.0964912
84 152 0 66 0.434211
85 294 0 169 0.57483
86 842 0 349 0.414489
87 1820 0 286 0.157143
88 2188 0 71 0.0324497
89 1324 0 12 0.00906344
90 375 0 3 0.008
91 88 0 0 0
92 21 0 0 0
93 11 0 0 0
94 0 0 0 0
95 0 0 0 0
96 0 0 0 0
97 0 0 0 0
98 0 0 0 0
99 0 0 0 0
100 0 0 0 0
101 0 0 0 0
102 0 0 0 0
103 0 0 0 0
