8 288
21 324
30 344
39 448
48 540
58 732
69 857
83 953
90 10
96 10
99 10
102 10
9261 1391625776
9265 1391625920
9268 32767
9273 1391625776
9276 32767
9281 1391625968
9287 1391626684
9296 1071767376
9299 1
9305 1391625968
9309 1391626568
9315 1391626504
9319 1391628172
9320 32767
9327 1391628172
9333 1391626632
9339 1391626600
9343 1391628171
9353 1391627136
9357 1391627520
9362 524288
9365 1
9369 1391628172
9370 32767
9381 1391627608
9386 7
9389 1
9393 1391628171
9394 32767
9402 1
9415 1391626468
9423 2026584188
9429 2026584184
9433 2026584160
9439 2026587512
9445 1391626496
9449 2061214480
9456 32705
9461 1391626608
9464 32767
9467 100
9475 1391626536
9489 1391627120
9495 1391626616
9501 1391630680
9507 214838486
9519 1805872904
9523 1805881328
9531 1805701258
9535 1805872904
9539 1805878056
9547 1805701258
9551 1805881328
9555 1805881328
9557 1805844656
9563 1805872904
9571 1805872904
9579 1391627168
9583 1805726307
9589 2026584160
9593 214862872
9599 1805872904
9603 1805732377
9609 1805800112
9615 1805872904
9621 1805844656
9625 214862601
9629 1805881328
9637 1940
9643 1805647269
9649 1391627584
9653 2026587512
9659 2026587512
9671 1805872904
9675 1805877904
9683 1805701258
9687 1805877904
9691 1805877904
9703 1805872904
9707 1805877904
9711 214861568
9723 1805872904
9727 1805877904
9735 1805701258
9739 1805877904
9743 1805877904
9745 1805844656
9751 1805872904
9759 1805872904
9767 1391627920
9771 1805726307
9777 1805800112
9781 214862872
9787 1805872904
9791 1805732377
9801 1391627936
9805 1391628080
9808 32767
9813 1391627936
9816 32767
9821 1391628128
9827 1391628844
9831 1805647269
9836 1079165913
9841 1391631088
9845 1391628128
9849 1391628728
9855 1391628664
9859 1391630332
9860 32767
9867 1391630332
9873 1391628240
9877 1391628808
9883 1391628776
9887 1391630347
9897 1391629312
9901 1391628352
9905 1391628368
9909 1391628936
9915 1391628904
9919 1391630475
9929 1391629440
9932 32767
9937 1391630347
9938 32767
9946 1
9953 1391629896
9957 1391629912
9961 1
9965 1
9969 1391630475
9970 32767
9978 1
9979 1
9987 4
9993 1391630472
