10 394
19 320
28 315
37 359
46 412
56 522
66 566
79 641
9293 1391625776
9297 1391625920
9300 32767
9305 1391625776
9308 32767
9313 1391625968
9319 1391626684
9328 1071767376
9331 1
9337 1391625968
9341 1391626568
9347 1391626504
9351 1391628172
9352 32767
9359 1391628172
9365 1391626632
9371 1391626600
9375 1391628171
9385 1391627136
9389 1391627520
9394 524288
9397 1
9401 1391628172
9402 32767
9413 1391627608
9418 7
9421 1
9425 1391628171
9426 32767
9434 1
9447 1391626468
9455 2026584188
9461 2026584184
9465 2026584160
9471 2026587512
9477 1391626496
9481 2061214480
9488 32705
9493 1391626608
9496 32767
9499 100
9507 1391626536
9521 1391627120
9527 1391626616
9533 1391630680
9539 214838486
9551 1805872904
9555 1805881328
9563 1805701258
9567 1805872904
9571 1805878056
9579 1805701258
9583 1805881328
9587 1805881328
9589 1805844656
9595 1805872904
9603 1805872904
9611 1391627168
9615 1805726307
9621 2026584160
9625 214862872
9631 1805872904
9635 1805732377
9641 1805800112
9647 1805872904
9653 1805844656
9657 214862601
9661 1805881328
9669 1940
9675 1805647269
9681 1391627584
9685 2026587512
9691 2026587512
9703 1805872904
9707 1805877904
9715 1805701258
9719 1805877904
9723 1805877904
9735 1805872904
9739 1805877904
9743 214861568
9755 1805872904
9759 1805877904
9767 1805701258
9771 1805877904
9775 1805877904
9777 1805844656
9783 1805872904
9791 1805872904
9799 1391627920
9803 1805726307
9809 1805800112
9813 214862872
9819 1805872904
9823 1805732377
9829 1805800112
9835 1805872904
9841 1805844656
9845 214862190
9849 1805877904
9857 1529
9863 1805647269
9869 1391628336
9873 1391631088
9875 214845016
9885 1391631088
9889 1769234802
9901 1391628224
9905 1391628240
9909 1391628808
9915 1391628776
9919 1391630347
9929 1391629312
9932 32767
9939 1391631088
9953 1391629768
9957 1391629784
9961 1
9965 1
9969 1391630347
9970 32767
9978 1
9979 1
9987 4
9993 1391630344
