1 0 0 0 0 0
2 0 0 0 0 0
3 0 0 0 0 0
4 0 0 0 0 0
5 0 0 0 0 0
6 0 0 0 0 0
7 0 0 0 0 0
8 0 0 0 0 0
9 0 0 0 0 0
10 0 0 0 0 0
11 0 0 0 0 0
12 0 0 0 0 0
13 0 0 0 0 0
14 0 0 0 0 0
15 1 0 0 0 0.001
16 0 0 0 0 0
17 0 0 0 0 0
18 1 0 0 0 0.001
19 1 0 0 0 0.001
20 1 2 0 0 0.001
21 1 7 0 0 0.001
22 10 11 0 0 0.01
23 11 27 0 0 0.011
24 13 38 0 0 0.013
25 29 59 0 0 0.029
26 37 90 0 0 0.037
27 56 128 0 0 0.056
28 62 172 0 0 0.062
29 53 224 0 0 0.053
30 66 270 0 0 0.066
31 65 313 0 0 0.065
32 68 351 0 0 0.068
33 54 389 0 0 0.054
34 40 430 0 0 0.04
35 27 454 0 0 0.027
36 34 473 0 0 0.034
37 19 484 0 0 0.019
38 10 492 0 0 0.01
39 4 495 0 0 0.004
40 4 495 0 0 0.004
41 3 490 0 0 0.003
42 1 480 0 0 0.001
43 1 472 0 0 0.001
44 1 462 0 0 0.001
45 0 447 0 0 0
46 0 415 0 0 0
47 1 391 0 0 0.001
48 0 367 0 0 0
49 0 332 0 0 0
50 0 298 0 0 0
51 3 263 0 0 0.003
52 7 218 0 0 0.007
53 10 188 0 0 0.01
54 11 170 0 0 0.011
55 13 137 0 0 0.013
56 20 114 0 0 0.02
57 38 91 0 0 0.038
58 41 88 0 0 0.041
59 35 74 0 0 0.035
60 47 72 0 0 0.047
61 46 63 0 0 0.046
62 59 63 0 0 0.059
63 71 65 0 0 0.071
64 59 63 0 0 0.059
65 53 57 0 0 0.053
66 58 63 0 0 0.058
67 58 54 0 0 0.058
68 56 62 0 0 0.056
69 52 68 0 0 0.052
70 65 63 0 0 0.065
71 59 66 0 0 0.059
72 55 62 0 0 0.055
73 58 57 0 0 0.058
74 59 60 0 0 0.059
75 64 62 0 0 0.064
76 62 60 0 0 0.062
77 66 64 0 0 0.066
78 63 57 0 0 0.063
79 49 66 0 0 0.049
80 61 63 0 0 0.061
81 62 50 0 0 0.062
82 55 64 0 0 0.055
83 68 67 0 0 0.068
84 59 62 0 0 0.059
85 58 54 0 0 0.058
86 67 61 0 0 0.067
87 64 59 0 0 0.064
88 60 57 0 0 0.06
89 69 68 0 0 0.069
90 65 68 0 0 0.065
91 64 50 0 0 0.064
92 70 56 0 0 0.07
93 52 67 0 0 0.052
94 55 62 0 0 0.055
95 60 62 0 0 0.06
96 69 61 0 0 0.069
97 59 56 0 0 0.059
98 62 64 0 0 0.062
99 60 58 0 0 0.06
100 54 55 0 0 0.054
101 55 62 0 0 0.055
102 71 71 0 0 0.071
103 60 55 0 0 0.06
104 50 68 0 0 0.05
105 59 64 0 0 0.059
106 58 62 0 0 0.058
107 58 56 0 0 0.058
108 57 60 0 0 0.057
109 49 58 0 0 0.049
110 65 59 0 0 0.065
111 66 62 0 0 0.066
112 52 60 0 0 0.052
113 54 61 0 0 0.054
114 71 70 0 0 0.071
115 58 63 0 0 0.058
116 65 56 0 0 0.065
117 60 60 0 0 0.06
118 64 61 0 0 0.064
119 67 57 0 0 0.067
120 71 61 0 0 0.071
121 68 50 0 0 0.068
122 69 48 0 0 0.069
123 72 64 0 0 0.072
124 61 56 0 0 0.061
125 66 48 0 0 0.066
126 86 68 0 0 0.086
127 68 55 0 0 0.068
128 61 63 0 0 0.061
129 56 56 0 0 0.056
130 64 56 0 0 0.064
131 62 58 0 0 0.062
132 57 57 0 0 0.057
133 64 59 0 0 0.064
134 56 61 0 0 0.056
135 60 66 0 0 0.06
136 61 56 0 0 0.061
137 42 47 0 0 0.042
138 59 73 0 0 0.059
139 63 77 0 0 0.063
140 58 72 0 0 0.058
141 52 64 0 0 0.052
142 53 64 0 0 0.053
143 63 62 0 0 0.063
144 58 52 0 0 0.058
145 59 54 0 0 0.059
146 59 62 0 0 0.059
147 62 62 0 0 0.062
148 56 72 0 0 0.056
149 51 43 0 0 0.051
150 63 45 0 0 0.063
151 70 64 0 0 0.07
152 67 70 0 0 0.067
153 64 55 0 0 0.064
154 68 53 0 0 0.068
155 63 61 0 0 0.063
156 55 57 0 0 0.055
157 49 59 0 0 0.049
158 54 62 0 0 0.054
159 54 72 0 0 0.054
160 74 66 0 0 0.074
161 52 62 0 0 0.052
162 53 57 0 0 0.053
163 50 63 0 0 0.05
164 65 66 0 0 0.065
165 57 62 0 0 0.057
166 58 80 0 0 0.058
167 61 76 0 0 0.061
168 60 58 0 0 0.06
169 49 57 0 0 0.049
170 47 55 0 0 0.047
171 60 54 0 0 0.06
172 55 70 0 0 0.055
173 59 42 0 0 0.059
174 65 58 0 0 0.065
175 66 52 0 0 0.066
176 70 58 0 0 0.07
177 55 47 0 0 0.055
178 68 51 0 0 0.068
179 73 59 0 0 0.073
180 63 64 0 0 0.063
181 55 61 0 0 0.055
182 57 54 0 0 0.057
183 53 59 0 0 0.053
184 74 58 0 0 0.074
185 51 59 0 0 0.051
186 58 62 0 0 0.058
187 47 57 0 0 0.047
188 60 65 0 0 0.06
189 51 63 0 0 0.051
190 49 70 0 0 0.049
191 60 70 0 0 0.06
192 66 69 0 0 0.066
193 57 69 0 0 0.057
194 54 76 0 0 0.054
195 58 64 0 0 0.058
196 62 65 0 0 0.062
197 57 51 0 0 0.057
198 72 58 0 0 0.072
199 72 49 0 0 0.072
200 62 54 0 0 0.062
201 69 49 0 0 0.069
202 71 51 0 0 0.071
203 68 46 0 0 0.068
204 58 64 0 0 0.058
205 50 58 0 0 0.05
206 63 56 0 0 0.063
207 64 46 0 0 0.064
208 65 60 0 0 0.065
209 62 52 0 0 0.062
210 60 57 0 0 0.06
211 54 68 0 0 0.054
212 53 63 0 0 0.053
213 44 81 0 0 0.044
214 50 85 0 0 0.05
215 43 88 0 0 0.043
216 59 66 0 0 0.059
217 54 60 0 0 0.054
218 57 65 0 0 0.057
219 50 72 0 0 0.05
220 60 61 0 0 0.06
221 58 62 0 0 0.058
222 57 68 0 0 0.057
223 65 58 0 0 0.065
224 48 60 0 0 0.048
225 58 50 0 0 0.058
226 67 49 0 0 0.067
227 88 40 0 0 0.088
228 77 56 0 0 0.077
229 70 56 0 0 0.07
230 68 56 0 0 0.068
231 69 56 0 0 0.069
232 64 53 0 0 0.064
233 57 57 0 0 0.057
234 67 53 0 0 0.067
235 56 63 0 0 0.056
236 57 59 0 0 0.057
237 57 57 0 0 0.057
238 54 62 0 0 0.054
239 49 67 0 0 0.049
240 55 75 0 0 0.055
241 54 67 0 0 0.054
242 50 72 0 0 0.05
243 59 65 0 0 0.059
244 54 61 0 0 0.054
245 55 57 0 0 0.055
246 56 67 0 0 0.056
247 66 63 0 0 0.066
248 66 62 0 0 0.066
249 62 58 0 0 0.062
250 63 52 0 0 0.063
251 66 49 0 0 0.066
252 68 52 0 0 0.068
253 64 55 0 0 0.064
254 68 42 0 0 0.068
255 68 52 0 0 0.068
256 55 58 0 0 0.055
257 55 56 0 0 0.055
258 61 53 0 0 0.061
259 53 62 0 0 0.053
260 65 71 0 0 0.065
261 64 74 0 0 0.064
262 50 66 0 0 0.05
263 55 78 0 0 0.055
264 53 79 0 0 0.053
265 55 81 0 0 0.055
266 49 78 0 0 0.049
267 45 78 0 0 0.045
268 51 66 0 0 0.051
269 50 57 0 0 0.05
270 45 64 0 0 0.045
271 50 59 0 0 0.05
272 65 59 0 0 0.065
273 66 61 0 0 0.066
274 57 48 0 0 0.057
275 69 48 0 0 0.069
276 69 57 0 0 0.069
277 77 55 0 0 0.077
278 78 55 0 0 0.078
279 77 50 0 0 0.077
280 73 57 0 0 0.073
281 62 61 0 0 0.062
282 50 46 0 0 0.05
283 49 46 0 0 0.049
284 63 57 0 0 0.063
285 62 73 0 0 0.062
286 54 70 0 0 0.054
287 44 75 0 0 0.044
288 50 72 0 0 0.05
289 43 80 0 0 0.043
290 49 76 0 0 0.049
291 44 79 0 0 0.044
292 48 76 0 0 0.048
293 63 69 0 0 0.063
294 45 55 0 0 0.045
295 47 44 0 0 0.047
296 46 50 0 0 0.046
297 62 57 0 0 0.062
298 64 53 0 0 0.064
299 71 42 0 0 0.071
300 74 50 0 0 0.074
301 87 41 0 0 0.087
302 89 44 0 0 0.089
303 90 38 0 0 0.09
304 86 45 0 0 0.086
305 89 51 0 0 0.089
306 70 45 0 0 0.07
307 61 51 0 0 0.061
308 54 46 0 0 0.054
309 56 54 0 0 0.056
310 47 68 0 0 0.047
311 47 69 0 0 0.047
312 48 72 0 0 0.048
313 46 79 0 0 0.046
314 43 79 0 0 0.043
315 30 88 0 0 0.03
316 51 84 0 0 0.051
317 51 92 0 0 0.051
318 42 78 0 0 0.042
319 46 67 0 0 0.046
320 51 65 0 0 0.051
321 51 63 0 0 0.051
322 66 50 0 0 0.066
323 70 52 0 0 0.07
324 73 45 0 0 0.073
325 79 48 0 0 0.079
326 87 44 0 0 0.087
327 95 34 0 0 0.095
328 95 47 0 0 0.095
329 97 48 0 0 0.097
330 82 47 0 0 0.082
331 80 42 0 0 0.08
332 69 46 0 0 0.069
333 58 42 0 0 0.058
334 54 54 0 0 0.054
335 53 62 0 0 0.053
336 38 72 0 0 0.038
337 45 81 0 0 0.045
338 42 88 0 0 0.042
339 35 91 0 0 0.035
340 43 94 0 0 0.043
341 41 98 0 0 0.041
342 45 76 0 0 0.045
343 33 95 0 0 0.033
344 43 82 0 0 0.043
345 38 62 0 0 0.038
346 44 54 0 0 0.044
347 50 60 0 0 0.05
348 56 46 0 0 0.056
349 64 39 0 0 0.064
350 80 38 0 0 0.08
351 97 30 0 0 0.097
352 109 39 0 0 0.109
353 113 38 0 0 0.113
354 91 39 0 0 0.091
355 101 34 0 0 0.101
356 94 41 0 0 0.094
357 81 42 0 0 0.081
358 62 49 0 0 0.062
359 57 52 0 0 0.057
360 50 54 0 0 0.05
361 43 59 0 0 0.043
362 40 66 0 0 0.04
363 30 90 0 0 0.03
364 32 105 0 0 0.032
365 44 115 0 0 0.044
366 42 111 0 0 0.042
367 38 105 0 0 0.038
368 38 101 0 0 0.038
369 35 92 0 0 0.035
370 39 78 0 0 0.039
371 51 67 0 0 0.051
372 58 55 0 0 0.058
373 61 45 0 0 0.061
374 52 40 0 0 0.052
375 71 36 0 0 0.071
376 92 33 0 0 0.092
377 108 32 0 0 0.108
378 118 35 0 0 0.118
379 106 31 0 0 0.106
380 108 38 0 0 0.108
381 102 30 0 0 0.102
382 78 34 0 0 0.078
383 67 40 0 0 0.067
384 62 44 0 0 0.062
385 50 58 0 0 0.05
386 41 54 0 0 0.041
387 32 59 0 0 0.032
388 32 76 0 0 0.032
389 30 93 0 0 0.03
390 30 116 0 0 0.03
391 25 123 0 0 0.025
392 37 109 0 0 0.037
393 30 118 0 0 0.03
394 31 108 0 0 0.031
395 38 82 0 0 0.038
396 47 71 0 0 0.047
397 54 57 0 0 0.054
398 53 43 0 0 0.053
399 52 39 0 0 0.052
400 70 33 0 0 0.07
401 88 33 0 0 0.088
402 103 29 0 0 0.103
403 139 24 0 0 0.139
404 145 29 0 0 0.145
405 133 26 0 0 0.133
406 128 26 0 0 0.128
407 96 24 0 0 0.096
408 77 42 0 0 0.077
409 61 53 0 0 0.061
410 47 53 0 0 0.047
411 33 56 0 0 0.033
412 35 76 0 0 0.035
413 31 83 0 0 0.031
414 28 88 0 0 0.028
415 23 125 0 0 0.023
416 25 150 0 0 0.025
417 26 162 0 0 0.026
418 19 154 0 0 0.019
419 16 123 0 0 0.016
420 27 95 0 0 0.027
421 49 76 0 0 0.049
422 47 63 0 0 0.047
423 49 36 0 0 0.049
424 68 39 0 0 0.068
425 79 26 0 0 0.079
426 69 27 0 0 0.069
427 91 20 0 0 0.091
428 124 20 0 0 0.124
429 164 24 0 0 0.164
430 184 18 0 0 0.184
431 174 17 0 0 0.174
432 128 15 0 0 0.128
433 92 38 0 0 0.092
434 70 31 0 0 0.07
435 41 36 0 0 0.041
436 48 53 0 0 0.048
437 30 76 0 0 0.03
438 31 91 0 0 0.031
439 27 102 0 0 0.027
440 23 123 0 0 0.023
441 22 155 0 0 0.022
442 15 194 0 0 0.015
443 18 203 0 0 0.018
444 10 174 0 0 0.01
445 26 127 0 0 0.026
446 24 85 0 0 0.024
447 28 53 0 0 0.028
448 34 46 0 0 0.034
449 43 30 0 0 0.043
450 54 23 0 0 0.054
451 70 24 0 0 0.07
452 89 24 0 0 0.089
453 123 20 0 0 0.123
454 177 13 0 0 0.177
455 221 15 0 0 0.221
456 227 13 0 0 0.227
457 201 19 0 0 0.201
458 121 21 0 0 0.121
459 70 23 0 0 0.07
460 54 24 0 0 0.054
461 31 34 0 0 0.031
462 24 42 0 0 0.024
463 22 66 0 0 0.022
464 27 77 0 0 0.027
465 17 108 0 0 0.017
466 12 163 0 0 0.012
467 9 235 0 0 0.009
468 12 278 0 0 0.012
469 12 282 0 0 0.012
470 13 198 0 0 0.013
471 17 107 0 0 0.017
472 16 72 0 0 0.016
473 25 40 0 0 0.025
474 23 24 0 0 0.023
475 34 20 0 0 0.034
476 46 28 0 0 0.046
477 62 19 0 0 0.062
478 94 13 0 0 0.094
479 161 7 0 0 0.161
480 266 10 0 0 0.266
481 387 12 0 0 0.387
482 409 9 0 0 0.409
483 282 8 0 0 0.282
484 144 10 0 0 0.144
485 67 17 0 0 0.067
486 33 22 0 0 0.033
487 18 24 0 0 0.018
488 26 26 0 0 0.026
489 21 33 0 0 0.021
490 15 45 0 0 0.015
491 6 76 0 0 0.006
492 5 125 0 0 0.005
493 10 231 0 0 0.01
494 7 409 0 0 0.007
495 4 527 0 0 0.004
496 5 457 0 0 0.005
497 3 230 0 0 0.003
498 6 82 0 0 0.006
499 10 23 0 0 0.01
500 10 27 0 0 0.01
501 11 20 0 0 0.011
502 13 17 0 0 0.013
503 20 6 0 0 0.02
504 36 5 0 0 0.036
505 71 9 0 0 0.071
506 149 6 0 0 0.149
507 329 2 0 0 0.329
508 587 3 0 0 0.587
509 694 2 0 0 0.694
510 588 2 0 0 0.588
511 296 5 0 0 0.296
512 92 8 0 0 0.092
513 31 7 0 0 0.031
514 21 10 0 0 0.021
515 7 13 0 0 0.007
516 5 12 0 0 0.005
517 9 14 0 0 0.009
518 6 18 0 0 0.006
519 3 42 0 0 0.003
520 2 115 0 0 0.002
521 1 296 0 0 0.001
522 0 603 0 0 0
523 0 816 0 0 0
524 3 828 0 0 0.003
525 4 698 0 0 0.004
526 4 376 0 0 0.004
527 5 96 0 0 0.005
528 6 10 0 0 0.006
529 6 10 0 0 0.006
530 6 6 0 0 0.006
531 6 3 0 0 0.006
532 6 3 0 0 0.006
533 9 2 0 0 0.009
534 25 0 0 0 0.025
535 92 0 0 0 0.092
536 248 0 0 0 0.248
537 590 0 0 0 0.59
538 872 0 0 0 0.872
539 946 0 0 0 0.946
540 909 1 0 0 0.909
541 752 1 0 0 0.752
542 409 1 0 0 0.409
543 79 1 0 0 0.079
544 14 1 0 0 0.014
545 3 1 0 0 0.003
546 0 1 0 0 0
547 0 2 0 0 0
548 0 2 0 0 0
549 0 7 0 0 0
550 0 24 0 0 0
551 0 70 0 0 0
552 0 236 0 0 0
553 0 585 0 0 0
554 0 917 0 0 0
555 0 984 0 0 0
556 0 997 0 0 0
557 0 1000 0 0 0
558 0 1000 0 0 0
559 0 1000 0 0 0
560 0 1000 0 0 0
561 0 1000 0 0 0
562 0 1000 0 0 0
563 0 1000 0 0 0
564 0 1000 0 0 0
565 0 1000 0 0 0
566 0 1000 0 0 0
567 0 1000 0 0 0
