1 446 451 0 0 0.446
2 493 494 0 0 0.493
3 499 500 0 0 0.499
4 500 500 0 0 0.5
5 500 500 0 0 0.5
6 500 500 0 0 0.5
7 500 500 0 0 0.5
8 500 500 0 0 0.5
9 500 500 0 0 0.5
10 500 500 0 0 0.5
11 500 500 0 0 0.5
12 500 500 0 0 0.5
13 500 500 0 0 0.5
14 500 500 0 0 0.5
15 499 500 0 0 0.499
16 499 501 0 0 0.499
17 499 501 0 0 0.499
18 498 501 0 0 0.498
19 497 502 0 0 0.497
20 497 500 0 0 0.497
21 497 496 0 0 0.497
22 492 492 0 0 0.492
23 489 482 0 0 0.489
24 490 480 0 0 0.49
25 477 468 0 0 0.477
26 467 459 0 0 0.467
27 448 447 0 0 0.448
28 431 442 0 0 0.431
29 426 444 0 0 0.426
30 423 436 0 0 0.423
31 427 437 0 0 0.427
32 426 445 0 0 0.426
33 432 457 0 0 0.432
34 447 457 0 0 0.447
35 468 467 0 0 0.468
36 471 465 0 0 0.471
37 486 478 0 0 0.486
38 489 487 0 0 0.489
39 495 493 0 0 0.495
40 497 493 0 0 0.497
41 498 496 0 0 0.498
42 501 498 0 0 0.501
43 500 499 0 0 0.5
44 500 499 0 0 0.5
45 500 500 0 0 0.5
46 500 500 0 0 0.5
47 499 499 0 0 0.499
48 500 500 0 0 0.5
49 500 499 0 0 0.5
50 501 496 0 0 0.501
51 500 493 0 0 0.5
52 498 494 0 0 0.498
53 489 497 0 0 0.489
54 482 491 0 0 0.482
55 485 488 0 0 0.485
56 476 480 0 0 0.476
57 463 474 0 0 0.463
58 454 462 0 0 0.454
59 457 464 0 0 0.457
60 443 451 0 0 0.443
61 442 460 0 0 0.442
62 440 444 0 0 0.44
63 430 439 0 0 0.43
64 439 441 0 0 0.439
65 446 445 0 0 0.446
66 441 439 0 0 0.441
67 445 443 0 0 0.445
68 430 452 0 0 0.43
69 437 443 0 0 0.437
70 438 434 0 0 0.438
71 435 440 0 0 0.435
72 448 435 0 0 0.448
73 442 443 0 0 0.442
74 440 441 0 0 0.44
75 438 436 0 0 0.438
76 441 437 0 0 0.441
77 437 433 0 0 0.437
78 439 441 0 0 0.439
79 447 438 0 0 0.447
80 447 429 0 0 0.447
81 447 441 0 0 0.447
82 442 439 0 0 0.442
83 430 435 0 0 0.43
84 438 441 0 0 0.438
85 447 441 0 0 0.447
86 437 435 0 0 0.437
87 438 439 0 0 0.438
88 440 443 0 0 0.44
89 430 433 0 0 0.43
90 436 431 0 0 0.436
91 442 444 0 0 0.442
92 435 439 0 0 0.435
93 436 445 0 0 0.436
94 440 443 0 0 0.44
95 441 437 0 0 0.441
96 434 436 0 0 0.434
97 440 445 0 0 0.44
98 434 440 0 0 0.434
99 442 440 0 0 0.442
100 446 445 0 0 0.446
101 437 446 0 0 0.437
102 423 435 0 0 0.423
103 440 445 0 0 0.44
104 444 438 0 0 0.444
105 441 436 0 0 0.441
106 437 443 0 0 0.437
107 441 445 0 0 0.441
108 441 442 0 0 0.441
109 446 447 0 0 0.446
110 439 437 0 0 0.439
111 438 434 0 0 0.438
112 448 440 0 0 0.448
113 445 440 0 0 0.445
114 430 429 0 0 0.43
115 443 436 0 0 0.443
116 444 435 0 0 0.444
117 445 435 0 0 0.445
118 440 435 0 0 0.44
119 445 431 0 0 0.445
120 444 424 0 0 0.444
121 446 436 0 0 0.446
122 448 435 0 0 0.448
123 436 428 0 0 0.436
124 445 438 0 0 0.445
125 451 435 0 0 0.451
126 431 415 0 0 0.431
127 436 441 0 0 0.436
128 432 444 0 0 0.432
129 440 448 0 0 0.44
130 432 448 0 0 0.432
131 427 453 0 0 0.427
132 429 457 0 0 0.429
133 424 453 0 0 0.424
134 431 452 0 0 0.431
135 428 446 0 0 0.428
136 427 456 0 0 0.427
137 436 475 0 0 0.436
138 423 445 0 0 0.423
139 430 430 0 0 0.43
140 432 438 0 0 0.432
141 440 444 0 0 0.44
142 447 436 0 0 0.447
143 452 423 0 0 0.452
144 460 430 0 0 0.46
145 459 428 0 0 0.459
146 450 429 0 0 0.45
147 450 426 0 0 0.45
148 450 422 0 0 0.45
149 475 431 0 0 0.475
150 462 430 0 0 0.462
151 446 420 0 0 0.446
152 438 425 0 0 0.438
153 445 436 0 0 0.445
154 432 447 0 0 0.432
155 421 455 0 0 0.421
156 425 463 0 0 0.425
157 432 460 0 0 0.432
158 426 458 0 0 0.426
159 422 452 0 0 0.422
160 408 452 0 0 0.408
161 413 473 0 0 0.413
162 427 463 0 0 0.427
163 432 455 0 0 0.432
164 425 444 0 0 0.425
165 438 443 0 0 0.438
166 436 426 0 0 0.436
167 444 419 0 0 0.444
168 461 421 0 0 0.461
169 463 431 0 0 0.463
170 469 429 0 0 0.469
171 464 422 0 0 0.464
172 465 410 0 0 0.465
173 478 421 0 0 0.478
174 460 417 0 0 0.46
175 458 424 0 0 0.458
176 447 425 0 0 0.447
177 459 439 0 0 0.459
178 444 437 0 0 0.444
179 420 448 0 0 0.42
180 424 449 0 0 0.424
181 423 461 0 0 0.423
182 422 467 0 0 0.422
183 421 467 0 0 0.421
184 405 463 0 0 0.405
185 416 474 0 0 0.416
186 414 466 0 0 0.414
187 426 470 0 0 0.426
188 421 454 0 0 0.421
189 425 461 0 0 0.425
190 437 444 0 0 0.437
191 443 427 0 0 0.443
192 453 412 0 0 0.453
193 452 422 0 0 0.452
194 450 420 0 0 0.45
195 457 421 0 0 0.457
196 468 405 0 0 0.468
197 477 415 0 0 0.477
198 469 401 0 0 0.469
199 470 409 0 0 0.47
200 470 414 0 0 0.47
201 465 417 0 0 0.465
202 446 432 0 0 0.446
203 435 451 0 0 0.435
204 427 451 0 0 0.427
205 438 454 0 0 0.438
206 429 452 0 0 0.429
207 424 466 0 0 0.424
208 406 469 0 0 0.406
209 407 479 0 0 0.407
210 401 482 0 0 0.401
211 400 478 0 0 0.4
212 403 481 0 0 0.403
213 402 473 0 0 0.402
214 412 453 0 0 0.412
215 427 442 0 0 0.427
216 446 429 0 0 0.446
217 448 438 0 0 0.448
218 447 431 0 0 0.447
219 457 421 0 0 0.457
220 470 409 0 0 0.47
221 477 403 0 0 0.477
222 478 397 0 0 0.478
223 486 391 0 0 0.486
224 494 398 0 0 0.494
225 488 404 0 0 0.488
226 481 403 0 0 0.481
227 455 417 0 0 0.455
228 442 425 0 0 0.442
229 440 434 0 0 0.44
230 437 439 0 0 0.437
231 414 461 0 0 0.414
232 412 471 0 0 0.412
233 408 478 0 0 0.408
234 396 484 0 0 0.396
235 395 486 0 0 0.395
236 395 489 0 0 0.395
237 395 491 0 0 0.395
238 395 489 0 0 0.395
239 414 470 0 0 0.414
240 415 455 0 0 0.415
241 428 451 0 0 0.428
242 445 433 0 0 0.445
243 459 417 0 0 0.459
244 474 411 0 0 0.474
245 480 408 0 0 0.48
246 482 395 0 0 0.482
247 485 386 0 0 0.485
248 486 386 0 0 0.486
249 493 387 0 0 0.493
250 485 400 0 0 0.485
251 481 404 0 0 0.481
252 466 414 0 0 0.466
253 450 431 0 0 0.45
254 440 450 0 0 0.44
255 420 460 0 0 0.42
256 407 480 0 0 0.407
257 406 483 0 0 0.406
258 396 490 0 0 0.396
259 386 499 0 0 0.386
260 374 490 0 0 0.374
261 378 484 0 0 0.378
262 387 497 0 0 0.387
263 388 479 0 0 0.388
264 407 461 0 0 0.407
265 411 453 0 0 0.411
266 434 439 0 0 0.434
267 460 417 0 0 0.46
268 473 410 0 0 0.473
269 486 407 0 0 0.486
270 497 394 0 0 0.497
271 502 389 0 0 0.502
272 499 377 0 0 0.499
273 502 371 0 0 0.502
274 509 386 0 0 0.509
275 492 391 0 0 0.492
276 477 397 0 0 0.477
277 462 406 0 0 0.462
278 440 427 0 0 0.44
279 426 447 0 0 0.426
280 407 463 0 0 0.407
281 397 480 0 0 0.397
282 402 502 0 0 0.402
283 390 515 0 0 0.39
284 375 505 0 0 0.375
285 361 504 0 0 0.361
286 369 507 0 0 0.369
287 379 502 0 0 0.379
288 389 489 0 0 0.389
289 402 475 0 0 0.402
290 421 454 0 0 0.421
291 441 436 0 0 0.441
292 465 411 0 0 0.465
293 479 389 0 0 0.479
294 506 394 0 0 0.506
295 518 391 0 0 0.518
296 527 377 0 0 0.527
297 520 361 0 0 0.52
298 524 359 0 0 0.524
299 519 368 0 0 0.519
300 505 371 0 0 0.505
301 489 383 0 0 0.489
302 471 396 0 0 0.471
303 449 423 0 0 0.449
304 413 456 0 0 0.413
305 398 462 0 0 0.398
306 390 495 0 0 0.39
307 376 512 0 0 0.376
308 372 528 0 0 0.372
309 358 532 0 0 0.358
310 342 543 0 0 0.342
311 352 532 0 0 0.352
312 352 528 0 0 0.352
313 361 514 0 0 0.361
314 382 496 0 0 0.382
315 413 469 0 0 0.413
316 429 436 0 0 0.429
317 448 409 0 0 0.448
318 485 395 0 0 0.485
319 507 380 0 0 0.507
320 521 363 0 0 0.521
321 548 338 0 0 0.548
322 551 333 0 0 0.551
323 548 330 0 0 0.548
324 548 334 0 0 0.548
325 527 346 0 0 0.527
326 513 356 0 0 0.513
327 486 385 0 0 0.486
328 454 404 0 0 0.454
329 425 430 0 0 0.425
330 400 471 0 0 0.4
331 386 492 0 0 0.386
332 355 530 0 0 0.355
333 341 559 0 0 0.341
334 328 564 0 0 0.328
335 317 568 0 0 0.317
336 322 568 0 0 0.322
337 319 555 0 0 0.319
338 331 539 0 0 0.331
339 360 514 0 0 0.36
340 384 479 0 0 0.384
341 420 441 0 0 0.42
342 458 421 0 0 0.458
343 481 391 0 0 0.481
344 519 356 0 0 0.519
345 556 344 0 0 0.556
346 576 326 0 0 0.576
347 580 310 0 0 0.58
348 590 308 0 0 0.59
349 588 309 0 0 0.588
350 567 315 0 0 0.567
351 543 330 0 0 0.543
352 500 352 0 0 0.5
353 459 390 0 0 0.459
354 447 423 0 0 0.447
355 404 461 0 0 0.404
356 365 500 0 0 0.365
357 338 539 0 0 0.338
358 321 568 0 0 0.321
359 302 589 0 0 0.302
360 294 602 0 0 0.294
361 294 604 0 0 0.294
362 294 600 0 0 0.294
363 301 579 0 0 0.301
364 323 540 0 0 0.323
365 347 494 0 0 0.347
366 384 463 0 0 0.384
367 436 421 0 0 0.436
368 480 381 0 0 0.48
369 525 348 0 0 0.525
370 563 320 0 0 0.563
371 589 293 0 0 0.589
372 608 279 0 0 0.608
373 621 273 0 0 0.621
374 629 279 0 0 0.629
375 609 284 0 0 0.609
376 576 299 0 0 0.576
377 542 318 0 0 0.542
378 491 356 0 0 0.491
379 451 412 0 0 0.451
380 402 452 0 0 0.402
381 368 500 0 0 0.368
382 326 562 0 0 0.326
383 294 599 0 0 0.294
384 274 620 0 0 0.274
385 261 631 0 0 0.261
386 266 639 0 0 0.266
387 273 636 0 0 0.273
388 274 618 0 0 0.274
389 298 579 0 0 0.298
390 327 527 0 0 0.327
391 367 485 0 0 0.367
392 421 433 0 0 0.421
393 478 374 0 0 0.478
394 531 330 0 0 0.531
395 582 298 0 0 0.582
396 618 264 0 0 0.618
397 636 253 0 0 0.636
398 652 252 0 0 0.652
399 655 254 0 0 0.655
400 639 258 0 0 0.639
401 610 269 0 0 0.61
402 579 289 0 0 0.579
403 518 319 0 0 0.518
404 463 363 0 0 0.463
405 412 429 0 0 0.412
406 354 492 0 0 0.354
407 311 569 0 0 0.311
408 268 613 0 0 0.268
409 242 644 0 0 0.242
410 240 660 0 0 0.24
411 235 676 0 0 0.235
412 226 663 0 0 0.226
413 235 651 0 0 0.235
414 255 629 0 0 0.255
415 267 585 0 0 0.267
416 305 520 0 0 0.305
417 356 456 0 0 0.356
418 439 388 0 0 0.439
419 532 329 0 0 0.532
420 602 276 0 0 0.602
421 637 238 0 0 0.637
422 669 221 0 0 0.669
423 703 212 0 0 0.703
424 695 198 0 0 0.695
425 691 204 0 0 0.691
426 683 221 0 0 0.683
427 650 239 0 0 0.65
428 598 258 0 0 0.598
429 518 294 0 0 0.518
430 434 364 0 0 0.434
431 354 455 0 0 0.354
432 299 558 0 0 0.299
433 246 624 0 0 0.246
434 217 682 0 0 0.217
435 201 722 0 0 0.201
436 177 722 0 0 0.177
437 172 722 0 0 0.172
438 168 710 0 0 0.168
439 176 695 0 0 0.176
440 195 659 0 0 0.195
441 227 596 0 0 0.227
442 278 513 0 0 0.278
443 370 409 0 0 0.37
444 488 328 0 0 0.488
445 586 261 0 0 0.586
446 673 218 0 0 0.673
447 722 197 0 0 0.722
448 752 168 0 0 0.752
449 771 156 0 0 0.771
450 774 149 0 0 0.774
451 758 148 0 0 0.758
452 727 160 0 0 0.727
453 687 170 0 0 0.687
454 599 211 0 0 0.599
455 487 277 0 0 0.487
456 375 385 0 0 0.375
457 284 496 0 0 0.284
458 229 629 0 0 0.229
459 191 716 0 0 0.191
460 162 760 0 0 0.162
461 138 797 0 0 0.138
462 130 804 0 0 0.13
463 118 794 0 0 0.118
464 113 783 0 0 0.113
465 116 759 0 0 0.116
466 129 696 0 0 0.129
467 163 593 0 0 0.163
468 237 473 0 0 0.237
469 368 338 0 0 0.368
470 541 248 0 0 0.541
471 677 199 0 0 0.677
472 759 153 0 0 0.759
473 806 129 0 0 0.806
474 836 117 0 0 0.836
475 840 106 0 0 0.84
476 839 87 0 0 0.839
477 840 79 0 0 0.84
478 815 78 0 0 0.815
479 744 88 0 0 0.744
480 610 114 0 0 0.61
481 434 167 0 0 0.434
482 297 285 0 0 0.297
483 217 493 0 0 0.217
484 159 687 0 0 0.159
485 124 792 0 0 0.124
486 104 841 0 0 0.104
487 91 867 0 0 0.091
488 72 876 0 0 0.072
489 58 888 0 0 0.058
490 50 890 0 0 0.05
491 48 870 0 0 0.048
492 54 816 0 0 0.054
493 63 696 0 0 0.063
494 92 492 0 0 0.092
495 170 299 0 0 0.17
496 352 186 0 0 0.352
497 633 134 0 0 0.633
498 809 103 0 0 0.809
499 879 88 0 0 0.879
500 894 69 0 0 0.894
501 915 54 0 0 0.915
502 929 41 0 0 0.929
503 935 39 0 0 0.935
504 922 37 0 0 0.922
505 892 28 0 0 0.892
506 820 25 0 0 0.82
507 641 28 0 0 0.641
508 361 49 0 0 0.361
509 183 121 0 0 0.183
510 109 301 0 0 0.109
511 91 608 0 0 0.091
512 66 834 0 0 0.066
513 51 911 0 0 0.051
514 35 934 0 0 0.035
515 29 951 0 0 0.029
516 25 958 0 0 0.025
517 17 960 0 0 0.017
518 12 964 0 0 0.012
519 10 945 0 0 0.01
520 8 875 0 0 0.008
521 7 696 0 0 0.007
522 10 387 0 0 0.01
523 26 158 0 0 0.026
524 90 79 0 0 0.09
525 246 52 0 0 0.246
526 588 32 0 0 0.588
527 874 25 0 0 0.874
528 964 20 0 0 0.964
529 972 12 0 0 0.972
530 981 7 0 0 0.981
531 987 4 0 0 0.987
532 989 2 0 0 0.989
533 988 1 0 0 0.988
534 974 1 0 0 0.974
535 907 1 0 0 0.907
536 750 2 0 0 0.75
537 408 2 0 0 0.408
538 121 7 0 0 0.121
539 30 24 0 0 0.03
540 21 69 0 0 0.021
541 12 235 0 0 0.012
542 6 584 0 0 0.006
543 4 916 0 0 0.004
544 2 983 0 0 0.002
545 0 996 0 0 0
546 0 999 0 0 0
547 0 998 0 0 0
548 0 998 0 0 0
549 0 993 0 0 0
550 0 976 0 0 0
551 0 930 0 0 0
552 0 764 0 0 0
553 0 415 0 0 0
554 0 83 0 0 0
555 0 16 0 0 0
556 0 3 0 0 0
557 0 0 0 0 0
558 0 0 0 0 0
559 0 0 0 0 0
560 0 0 0 0 0
561 0 0 0 0 0
562 0 0 0 0 0
563 0 0 0 0 0
564 0 0 0 0 0
565 0 0 0 0 0
566 0 0 0 0 0
567 0 0 0 0 0
