1 2131 145 150 0.138433
2 3140 47 43 0.0286624
3 3549 6 6 0.00338123
4 3381 1 0 0.00029577
5 3488 0 0 0
6 3502 0 0 0
7 3524 0 0 0
8 3480 0 0 0
9 3554 0 0 0
10 3492 0 0 0
11 3472 0 0 0
12 3506 0 0 0
13 3466 0 0 0
14 3408 0 0 0
15 3514 0 0 0
16 3576 0 1 0.000279642
17 3442 0 0 0
18 3566 0 0 0
19 3478 0 1 0.000287522
20 3602 0 0 0
21 3472 1 1 0.000576037
22 3458 4 0 0.00115674
23 3447 4 6 0.00290107
24 3363 12 9 0.00624442
25 3457 12 9 0.00607463
26 3336 20 22 0.0125899
27 3145 26 26 0.0165342
28 3020 28 39 0.0221854
29 2943 40 54 0.0319402
30 2958 48 38 0.0290737
31 3022 47 44 0.0301125
32 2975 48 46 0.0315966
33 3079 42 50 0.0298798
34 3041 42 41 0.0272937
35 3207 42 34 0.0236982
36 3271 28 18 0.014063
37 3299 24 24 0.0145499
38 3303 11 17 0.00847714
39 3382 9 9 0.00532229
40 3434 5 3 0.00232964
41 3564 4 4 0.00224467
42 3400 3 2 0.00147059
43 3419 0 1 0.000292483
44 3504 0 0 0
45 3504 0 1 0.000285388
46 3414 0 0 0
47 3512 0 0 0
48 3496 1 1 0.000572082
49 3526 0 0 0
50 3489 1 0 0.000286615
51 3452 2 0 0.000579374
52 3537 4 2 0.00169635
53 3476 1 7 0.0023015
54 3494 1 7 0.00228964
55 3566 13 8 0.00588895
56 3390 6 8 0.00412979
57 3462 19 14 0.00953206
58 3273 16 22 0.0116101
59 3263 27 30 0.0174686
60 3064 22 24 0.0150131
61 3214 36 38 0.0230243
62 3131 36 25 0.0194826
63 3162 36 34 0.0221379
64 2967 43 46 0.0299966
65 3012 38 37 0.0249004
66 3087 39 39 0.0252672
67 3024 43 39 0.0271164
68 3041 28 45 0.0240053
69 3101 44 41 0.0274105
70 3078 43 29 0.0233918
71 2974 36 45 0.027236
72 3116 51 42 0.029846
73 3066 35 38 0.0238095
74 3093 35 36 0.0229551
75 3146 44 41 0.0270184
76 3040 42 41 0.0273026
77 3095 35 35 0.0226171
78 2988 46 47 0.0311245
79 3115 36 42 0.0250401
80 3124 44 32 0.0243278
81 3075 43 42 0.0276423
82 3116 31 43 0.0237484
83 3135 39 38 0.0245614
84 3136 43 44 0.0277423
85 3025 44 36 0.0264463
86 3015 34 35 0.0228856
87 3098 43 45 0.0284054
88 3119 37 39 0.0243668
89 3154 36 37 0.0231452
90 2920 42 40 0.0280822
91 3033 50 45 0.0313221
92 3120 36 37 0.0233974
93 3105 32 49 0.026087
94 3099 43 36 0.0254921
95 3072 44 38 0.0266927
96 3090 37 35 0.023301
97 3031 40 44 0.0277136
98 3134 37 40 0.0245692
99 3014 45 39 0.0278699
100 2977 40 42 0.0275445
101 3062 33 41 0.0241672
102 3078 36 34 0.022742
103 2930 53 47 0.0341297
104 3023 36 42 0.0258022
105 3107 40 34 0.0238172
106 3074 40 45 0.0276513
107 3179 41 37 0.024536
108 3093 40 41 0.0261882
109 3043 42 45 0.0285902
110 3135 38 29 0.0213716
111 3034 39 39 0.0257086
112 3142 43 47 0.0286442
113 3080 33 34 0.0217532
114 3133 38 36 0.0236195
115 3011 49 49 0.0325473
116 3088 41 33 0.0239637
117 3091 41 45 0.0278227
118 3124 36 37 0.0233675
119 3199 45 37 0.025633
120 3119 41 38 0.0253286
121 3082 40 41 0.0262816
122 3152 41 38 0.0250635
123 3066 31 40 0.0231572
124 2951 42 44 0.0291427
125 3092 44 33 0.024903
126 3005 29 29 0.0193012
127 3008 46 59 0.0349069
128 3072 37 48 0.0276693
129 3132 44 41 0.0271392
130 3077 37 37 0.0240494
131 3163 36 43 0.0249763
132 3115 42 45 0.0279294
133 3099 36 34 0.0225879
134 3072 38 39 0.0250651
135 3000 39 38 0.0256667
136 3060 43 43 0.0281046
137 3098 38 48 0.0277598
138 3128 33 29 0.019821
139 2992 44 33 0.0257353
140 2997 46 49 0.0316984
141 3082 45 43 0.0285529
142 3222 43 35 0.0242086
143 3128 47 32 0.0252558
144 3126 44 41 0.0271913
145 3229 37 37 0.0229173
146 3170 30 39 0.0217666
147 2991 43 40 0.0277499
148 3016 38 44 0.0271883
149 3054 58 38 0.0314342
150 3143 31 32 0.0200445
151 3125 30 39 0.02208
152 2953 37 48 0.0287843
153 2956 50 46 0.0324763
154 3095 34 43 0.0248788
155 3010 33 49 0.0272425
156 3070 41 45 0.028013
157 2999 37 36 0.0243414
158 3098 37 38 0.0242092
159 3053 34 38 0.0235834
160 3085 44 38 0.0265802
161 3063 36 53 0.0290565
162 3040 44 29 0.0240132
163 3169 42 40 0.0258757
164 3094 43 35 0.0252101
165 3072 47 42 0.0289714
166 3068 31 32 0.0205346
167 3010 49 38 0.0289037
168 3061 54 38 0.0300555
169 3086 39 48 0.0281918
170 3099 40 36 0.024524
171 3119 39 31 0.0224431
172 3123 37 41 0.024976
173 2978 57 40 0.0325722
174 3198 24 36 0.0187617
175 3069 41 42 0.0270446
176 3112 36 43 0.0253856
177 3064 43 46 0.029047
178 3183 34 36 0.0219918
179 3072 30 49 0.0257161
180 3047 43 49 0.0301936
181 3066 39 48 0.0283757
182 3038 38 37 0.0246873
183 3055 36 41 0.0252046
184 3097 41 36 0.0248628
185 3012 35 47 0.0272244
186 3026 39 34 0.0241243
187 3099 48 47 0.0306551
188 3164 38 30 0.0214918
189 3021 38 43 0.0268123
190 3020 42 32 0.0245033
191 3069 49 32 0.026393
192 3064 49 33 0.0267624
193 3077 37 47 0.0272993
194 3048 34 39 0.0239501
195 2941 48 37 0.0289017
196 3082 46 31 0.0249838
197 3007 48 44 0.0305953
198 3043 40 33 0.0239895
199 3003 39 38 0.025641
200 2990 38 48 0.0287625
201 3042 37 35 0.0236686
202 3173 30 47 0.0242673
203 3230 38 52 0.0278638
204 2964 29 47 0.025641
205 3113 45 42 0.0279473
206 3170 39 35 0.0233438
207 3118 41 45 0.0275818
208 3053 30 47 0.0252211
209 3039 41 43 0.0276407
210 3199 33 41 0.0231322
211 3133 37 44 0.0258538
212 3082 40 38 0.0253082
213 3054 29 39 0.0222659
214 3052 48 32 0.0262123
215 3058 44 36 0.0261609
216 3104 64 29 0.0299613
217 3084 41 44 0.0275616
218 3101 40 38 0.0251532
219 2921 40 37 0.0263608
220 3043 54 31 0.027933
221 3088 40 35 0.0242876
222 3131 38 38 0.0242734
223 3063 48 32 0.0261182
224 3028 37 46 0.0274108
225 3212 42 38 0.0249066
226 3115 37 35 0.023114
227 3097 38 43 0.0261543
228 3083 28 52 0.0259488
229 3104 38 47 0.027384
230 3168 37 42 0.0249369
231 2950 31 53 0.0284746
232 3064 38 45 0.0270888
233 3100 34 45 0.0254839
234 3128 36 38 0.0236573
235 3021 36 48 0.0278054
236 3104 42 41 0.0267397
237 3042 37 37 0.0243261
238 3086 38 41 0.0255995
239 3121 47 33 0.0256328
240 3009 39 32 0.0235959
241 3041 50 38 0.0289378
242 3101 48 35 0.0267656
243 3066 52 29 0.0264188
244 3082 49 39 0.0285529
245 3066 42 35 0.0251142
246 3092 38 35 0.0236093
247 2986 45 32 0.025787
248 3023 38 37 0.0248098
249 3035 45 42 0.0286656
250 3079 39 46 0.0276064
251 3084 35 36 0.023022
252 3128 35 48 0.0265345
253 3109 32 52 0.0270183
254 3206 42 48 0.0280724
255 3068 29 49 0.0254237
256 3181 29 55 0.0264068
257 3025 37 38 0.0247934
258 3049 35 39 0.0242703
259 3117 28 46 0.0237408
260 3134 33 33 0.0210593
261 2951 43 40 0.0281261
262 2991 44 49 0.0310933
263 3059 36 30 0.0215757
264 3175 51 34 0.0267717
265 3016 46 40 0.0285146
266 3079 52 35 0.0282559
267 3013 55 33 0.0292068
268 3001 50 31 0.026991
269 3135 48 36 0.0267943
270 3074 39 33 0.0234223
271 3093 38 28 0.0213385
272 3139 40 28 0.0216629
273 3023 47 43 0.0297717
274 2995 43 45 0.0293823
275 3132 34 39 0.0233078
276 3065 31 46 0.0251223
277 2990 37 44 0.0270903
278 3052 33 54 0.0285059
279 3010 36 51 0.0289037
280 3019 29 52 0.0268301
281 2912 29 50 0.0271291
282 3144 43 50 0.0295802
283 3207 28 41 0.0215154
284 3231 32 33 0.0201176
285 2953 29 44 0.0247206
286 3050 42 42 0.027541
287 3027 41 41 0.0270895
288 3047 47 31 0.0255989
289 2992 46 40 0.0287433
290 3192 55 30 0.0266291
291 3044 49 34 0.0272668
292 2989 53 25 0.0260957
293 3083 57 28 0.0275705
294 3150 55 46 0.0320635
295 3228 44 30 0.0229244
296 3201 38 30 0.0212434
297 3170 35 26 0.0192429
298 3117 45 39 0.026949
299 3005 42 40 0.0272879
300 3227 32 43 0.0232414
301 3108 39 42 0.0260618
302 3115 31 47 0.0250401
303 3048 31 52 0.027231
304 2963 21 61 0.0276747
305 3024 40 52 0.0304233
306 2986 36 63 0.0331547
307 3082 24 47 0.023037
308 3081 31 42 0.0236936
309 3146 31 43 0.0235219
310 3093 26 51 0.0248949
311 3042 42 32 0.0243261
312 3098 39 38 0.0248547
313 3011 40 33 0.0242444
314 3079 52 34 0.0279311
315 2945 52 34 0.029202
316 3052 56 19 0.024574
317 3076 55 36 0.0295839
318 3078 61 33 0.0305393
319 3103 53 27 0.0257815
320 3130 45 26 0.0226837
321 3120 53 26 0.0253205
322 3137 45 27 0.0229519
323 3162 36 35 0.0224541
324 3028 40 37 0.0254293
325 3094 31 46 0.0248869
326 3066 38 44 0.0267449
327 3177 29 48 0.0242367
328 3071 23 55 0.0253989
329 3123 32 59 0.0291386
330 3019 28 68 0.0317986
331 2990 31 47 0.026087
332 3146 22 64 0.0273363
333 3064 31 56 0.0283943
334 3140 23 40 0.0200637
335 3180 29 41 0.0220126
336 3098 36 46 0.0264687
337 3068 35 31 0.0215124
338 3041 41 32 0.0240053
339 3042 52 30 0.026956
340 3124 56 24 0.0256082
341 2929 64 30 0.0320929
342 2964 69 27 0.0323887
343 3071 45 34 0.0257245
344 3007 69 21 0.0299302
345 3092 60 28 0.0284605
346 3125 49 23 0.02304
347 3238 40 30 0.0216183
348 3126 45 29 0.0236724
349 3156 39 33 0.0228137
350 3205 31 36 0.0209048
351 3083 32 39 0.0230295
352 3060 21 52 0.0238562
353 3071 28 65 0.0302833
354 2949 33 67 0.0339098
355 3054 26 59 0.0278324
356 3099 21 67 0.0283963
357 2922 22 62 0.0287474
358 3073 23 59 0.026684
359 3003 26 50 0.025308
360 3044 31 46 0.0252957
361 3167 31 38 0.0217872
362 3140 32 35 0.0213376
363 3100 28 31 0.0190323
364 3109 50 26 0.0244452
365 2980 57 21 0.0261745
366 2955 63 28 0.0307953
367 2883 73 25 0.0339924
368 2983 66 22 0.0295005
369 3036 68 26 0.0309618
370 3122 64 22 0.0275464
371 3074 57 19 0.0247235
372 3141 50 24 0.0235594
373 3212 45 29 0.0230386
374 3130 36 37 0.0233227
375 3173 30 31 0.0192247
376 3040 24 36 0.0197368
377 3105 29 47 0.0244767
378 2961 22 63 0.0287065
379 3035 26 78 0.0342669
380 3044 19 66 0.0279238
381 2985 30 70 0.0335008
382 3100 15 81 0.0309677
383 3270 18 61 0.024159
384 3082 25 50 0.0243348
385 3200 23 48 0.0221875
386 3131 35 39 0.0236346
387 3211 31 33 0.0199315
388 3192 30 29 0.0184837
389 3032 46 24 0.0230871
390 3040 55 26 0.0266447
391 3034 59 24 0.0273566
392 2954 84 18 0.0345295
393 3083 72 22 0.0304898
394 2869 71 17 0.0306727
395 2974 76 18 0.0316073
396 3052 59 14 0.0239187
397 3132 53 28 0.0258621
398 3064 47 32 0.0257833
399 3105 33 31 0.0206119
400 3155 30 28 0.0183835
401 3076 26 37 0.0204811
402 3147 28 44 0.0228789
403 2938 23 48 0.0241661
404 2934 17 66 0.028289
405 2983 20 83 0.034529
406 2829 18 81 0.0349947
407 2899 16 91 0.0369093
408 2998 10 72 0.0273516
409 3067 21 63 0.0273883
410 3031 31 47 0.0257341
411 3199 25 44 0.0215692
412 3222 17 24 0.012725
413 3124 37 32 0.0220871
414 3103 43 26 0.0222365
415 2996 29 22 0.0170227
416 3018 58 18 0.0251822
417 2742 69 17 0.031364
418 3021 99 23 0.040384
419 2897 103 13 0.0400414
420 2973 91 10 0.0339724
421 3104 66 9 0.0241624
422 3095 57 27 0.0271405
423 3104 51 15 0.0212629
424 3227 29 18 0.0145646
425 3037 39 32 0.0233783
426 3157 21 39 0.0190054
427 3147 25 36 0.0193835
428 3083 17 36 0.017191
429 2989 19 59 0.0260957
430 2860 19 83 0.0356643
431 2873 11 101 0.0389836
432 2830 11 112 0.0434629
433 2972 4 93 0.032638
434 3167 22 73 0.0299968
435 3104 13 58 0.0228737
436 3217 15 32 0.0146099
437 3193 16 39 0.0172252
438 3127 21 24 0.0143908
439 3151 25 21 0.0145985
440 3096 38 23 0.0197028
441 3022 51 20 0.0234944
442 2867 62 18 0.0279037
443 2675 103 8 0.0414953
444 2686 122 12 0.0498883
445 2783 120 6 0.0452749
446 2868 100 15 0.0400976
447 3177 64 11 0.0236072
448 3109 46 10 0.0180122
449 3198 40 12 0.0162602
450 3283 28 14 0.0127932
451 3390 22 22 0.0129794
452 3228 20 32 0.016109
453 3144 22 28 0.0159033
454 3004 15 49 0.0213049
455 2819 10 78 0.0312167
456 2648 8 114 0.0460725
457 2631 9 126 0.0513113
458 2654 9 144 0.0576488
459 2893 8 97 0.0362945
460 3183 11 56 0.0210493
461 3085 4 51 0.0178282
462 3306 14 29 0.0130067
463 3264 8 22 0.00919118
464 3304 17 17 0.0102906
465 3139 18 25 0.0136986
466 3114 23 15 0.012203
467 2905 42 11 0.0182444
468 2661 83 6 0.0334461
469 2425 140 9 0.0614433
470 2597 181 7 0.0723912
471 2778 147 7 0.0554356
472 3217 86 5 0.0282872
473 3201 61 5 0.0206186
474 3295 38 10 0.0145675
475 3373 21 6 0.00800474
476 3259 17 6 0.00705738
477 3245 24 7 0.00955316
478 3193 17 10 0.008456
479 3071 12 16 0.00911755
480 2994 6 35 0.0136941
481 2454 5 60 0.0264874
482 2071 10 125 0.0651859
483 2072 6 213 0.105695
484 2368 3 199 0.0853041
485 2927 3 115 0.0403143
486 3290 1 55 0.0170213
487 3249 4 32 0.0110803
488 3407 5 16 0.00616378
489 3384 3 22 0.00738771
490 3288 4 18 0.006691
491 3327 4 15 0.00571085
492 3086 11 6 0.00550875
493 3049 19 5 0.00787143
494 2680 35 9 0.0164179
495 2066 81 6 0.0421104
496 1704 185 2 0.109742
497 1883 282 3 0.151354
498 2644 180 1 0.0684569
499 3260 75 1 0.0233129
500 3364 18 3 0.00624257
501 3381 25 3 0.00828157
502 3577 18 2 0.00559128
503 3423 17 4 0.00613497
504 3601 6 3 0.00249931
505 3347 5 0 0.00149388
506 3267 9 3 0.00367309
507 3006 6 5 0.00365935
508 2319 2 24 0.0112117
509 1512 2 73 0.0496032
510 1094 1 181 0.166362
511 1479 0 310 0.209601
512 2476 0 229 0.0924879
513 3196 3 79 0.0256571
514 3423 1 27 0.00817996
515 3335 0 20 0.005997
516 3405 1 7 0.00234949
517 3364 1 5 0.00178359
518 3381 1 9 0.0029577
519 3318 0 5 0.00150693
520 3380 0 3 0.000887574
521 3084 0 2 0.000648508
522 2405 3 1 0.0016632
523 1390 16 0 0.0115108
524 660 67 0 0.101515
525 642 157 0 0.244548
526 1045 342 0 0.327273
527 2169 287 0 0.132319
528 3213 91 0 0.0283224
529 3469 9 1 0.00288268
530 3462 9 0 0.00259965
531 3473 6 0 0.00172761
532 3375 2 0 0.000592593
533 3442 2 0 0.000581058
534 3387 2 0 0.000590493
535 3538 0 0 0
536 3210 0 1 0.000311526
537 2528 0 0 0
538 1381 0 5 0.00362056
539 408 0 17 0.0416667
540 168 0 46 0.27381
541 329 0 166 0.504559
542 863 0 349 0.404403
543 1990 0 332 0.166834
544 3170 0 67 0.0211356
545 3346 0 13 0.00388524
546 3484 0 3 0.000861079
547 3517 0 0 0
548 3453 0 0 0
549 3577 0 0 0
550 3477 0 0 0
551 3401 0 0 0
552 3167 0 0 0
553 2709 0 0 0
554 1431 0 0 0
555 283 0 0 0
556 60 0 0 0
557 7 0 0 0
558 0 0 0 0
559 0 0 0 0
560 0 0 0 0
561 0 0 0 0
562 0 0 0 0
563 0 0 0 0
564 0 0 0 0
565 0 0 0 0
566 0 0 0 0
567 0 0 0 0
