4 500
7 500
10 500
13 500
42 501
45 500
50 501
65 446
72 448
79 447
80 447
91 442
95 441
100 446
104 444
112 448
113 445
125 451
129 440
137 436
144 460
149 475
154 432
173 478
197 477
200 470
224 494
249 493
274 509
296 527
322 551
348 590
374 629
399 655
423 703
450 774
475 840
503 935
532 989
9293 1600521760
9297 1600521904
9300 32767
9305 1600521760
9309 164174570
9313 1600521952
9319 1600522668
9328 1078084306
9337 1600521952
9341 1600522552
9347 1600522488
9351 1600524156
9352 32767
9359 1600524156
9365 1600522616
9371 1600522584
9375 1600524155
9385 1600523120
9389 1600523504
9394 524288
9397 1
9401 1600524156
9402 32767
9413 1600523592
9418 7
9421 1
9425 1600524155
9426 32767
9434 1
9447 1600522452
9455 2026584188
9461 2026584184
9465 2026584160
9471 2026587512
9477 1600522480
9481 2061214480
9487 176185444
9493 1600522592
9496 32767
9499 100
9503 176185344
9507 1600522520
9521 1600523104
9527 1600522600
9533 1600526664
9537 164174570
9551 1685802760
9555 1685811184
9563 1685631114
9567 1685802760
9571 1685807912
9579 1685631114
9583 1685811184
9587 1685811184
9589 1685774512
9595 1685802760
9603 1685802760
9611 1600523152
9615 1685656163
9621 2026584160
9625 5966872
9631 1685802760
9635 1685662233
9641 1685729968
9647 1685802760
9653 1685774512
9661 1685811184
9669 1940
9675 1685577125
9681 1600523568
9685 2026587512
9691 2026587512
9703 1685802760
9707 1685807760
9715 1685631114
9719 1685807760
9723 1685807760
9735 1685802760
9739 1685807760
9743 5965568
9755 1685802760
9759 1685807760
9767 1685631114
9771 1685807760
9775 1685807760
9777 1685774512
9783 1685802760
9791 1685802760
9799 1600523904
9803 1685656163
9809 1685729968
9813 5966872
9819 1685802760
9823 1685662233
9829 1685729968
9835 1685802760
9841 1685774512
9849 1685807760
9857 1529
9863 1685577125
9869 1600524320
9873 1600527072
9877 8327168
9885 1600527072
9889 1769234802
9901 1600524208
9905 1600524224
9909 1600524792
9915 1600524760
9919 1600526331
9929 1600525296
9932 32767
9939 1600527072
9953 1600525752
9957 1600525768
9961 1
9965 1
9969 1600526331
9970 32767
9978 1
9979 1
9987 4
9993 1600526328
