15 1
18 1
32 68
42 1
63 71
70 65
77 66
83 68
92 70
96 69
102 71
114 71
126 86
130 64
139 63
143 63
151 70
154 68
160 74
164 65
167 61
179 73
184 74
188 60
192 66
198 72
208 65
216 59
227 88
243 59
247 66
252 68
255 68
260 65
263 55
268 51
278 78
284 63
293 63
303 90
316 51
329 97
342 45
353 113
365 44
378 118
404 145
430 184
456 227
482 409
509 694
528 6
539 946
9261 1600521760
9265 1600521904
9268 32767
9273 1600521760
9277 164174570
9281 1600521952
9287 1600522668
9296 1078084306
9305 1600521952
9309 1600522552
9315 1600522488
9319 1600524156
9320 32767
9327 1600524156
9333 1600522616
9339 1600522584
9343 1600524155
9353 1600523120
9357 1600523504
9362 524288
9365 1
9369 1600524156
9370 32767
9381 1600523592
9386 7
9389 1
9393 1600524155
9394 32767
9402 1
9415 1600522452
9423 2026584188
9429 2026584184
9433 2026584160
9439 2026587512
9445 1600522480
9449 2061214480
9455 176185444
9461 1600522592
9464 32767
9467 100
9471 176185344
9475 1600522520
9489 1600523104
9495 1600522600
9501 1600526664
9505 164174570
9519 1685802760
9523 1685811184
9531 1685631114
9535 1685802760
9539 1685807912
9547 1685631114
9551 1685811184
9555 1685811184
9557 1685774512
9563 1685802760
9571 1685802760
9579 1600523152
9583 1685656163
9589 2026584160
9593 5966872
9599 1685802760
9603 1685662233
9609 1685729968
9615 1685802760
9621 1685774512
9629 1685811184
9637 1940
9643 1685577125
9649 1600523568
9653 2026587512
9659 2026587512
9671 1685802760
9675 1685807760
9683 1685631114
9687 1685807760
9691 1685807760
9703 1685802760
9707 1685807760
9711 5965568
9723 1685802760
9727 1685807760
9735 1685631114
9739 1685807760
9743 1685807760
9745 1685774512
9751 1685802760
9759 1685802760
9767 1600523904
9771 1685656163
9777 1685729968
9781 5966872
9787 1685802760
9791 1685662233
9801 1600523920
9805 1600524064
9808 32767
9813 1600523920
9817 164174570
9821 1600524112
9827 1600524828
9831 1685577125
9836 1078908043
9841 1600527072
9845 1600524112
9849 1600524712
9855 1600524648
9859 1600526316
9860 32767
9867 1600526316
9873 1600524224
9877 1600524792
9883 1600524760
9887 1600526331
9897 1600525296
9901 1600524336
9905 1600524352
9909 1600524920
9915 1600524888
9919 1600526459
9929 1600525424
9932 32767
9937 1600526331
9938 32767
9946 1
9953 1600525880
9957 1600525896
9961 1
9965 1
9969 1600526459
9970 32767
9978 1
9979 1
9987 4
9993 1600526456
