1 256 8 29 0.144531
2 295 10 16 0.0881356
3 313 8 4 0.0383387
4 292 3 2 0.0171233
5 273 14 1 0.0549451
6 258 18 6 0.0930233
7 244 7 11 0.0737705
8 198 5 6 0.0555556
9 203 2 8 0.0492611
10 198 2 5 0.0353535
11 188 5 9 0.0744681
12 173 13 13 0.150289
13 203 11 13 0.118227
14 205 3 11 0.0682927
15 185 2 14 0.0864865
16 134 1 6 0.0522388
17 146 0 5 0.0342466
18 80 1 1 0.025
19 40 1 0 0.025
20 18 3 0 0.166667
21 15 4 0 0.266667
22 22 11 0 0.5
23 40 16 0 0.4
24 80 23 0 0.2875
25 127 12 0 0.0944882
26 124 1 0 0.00806452
27 46 2 0 0.0434783
28 10 1 0 0.1
29 11 0 0 0
30 8 0 0 0
31 0 0 0 0
32 0 0 0 0
33 0 0 0 0
34 0 0 0 0
35 0 0 0 0
36 0 0 0 0
37 0 0 0 0
38 0 0 0 0
39 0 0 0 0
40 0 0 0 0
