9799 1868038800
9803 1868038800
9805 1868005552
9811 1868033800
9819 1868033800
9827 1580161968
9831 1867887203
9837 1867961008
9841 26401864
9847 1868033800
9851 1867893273
9857 1867961008
9863 1868033800
9869 1868005552
9873 26401206
9877 1868038800
9885 1529
9891 1867808165
9897 1580162384
9901 1580162160
9905 1580162728
9913 1580164984
9925 1580163232
9928 32767
9931 0
9937 0
9944 539959472
9947 0
9953 1580163704
9961 1
9965 1580164267
9966 32767
9974 1
9975 1
9983 4
9989 1580164264
9993 1580164568
9999 1580164568
