9801 26401206
9809 1580161872
9813 1580162016
9816 32767
9821 1580161872
9824 32767
9829 1580162064
9835 1580162780
9839 1868033800
9843 1130254552
9849 26401206
9853 1580162064
9857 1580162664
9863 1580162600
9867 1580164268
9868 32767
9875 1580164268
9881 1580162728
9889 1580164984
9901 1580162256
9905 1580162824
9911 1580162792
9915 1580164363
9925 1580163328
9929 1580163704
9934 7
9937 1
9941 1580164267
9942 32767
9953 1580163800
9955 1
9961 1
9965 1580164363
9966 32767
9974 1
9983 4
9989 1580164360
9998 32728
