1 0 0 0 0 0
2 0 0 0 0 0
3 0 0 0 0 0
4 0 0 0 0 0
5 0 0 0 0 0
6 0 0 0 0 0
7 0 0 0 0 0
8 0 0 0 0 0
9 0 0 0 0 0
10 0 0 0 0 0
11 0 0 0 0 0
12 0 0 0 0 0
13 0 0 0 0 0
14 0 0 0 0 0
15 0 0 0 0 0
16 0 1 0 0 0
17 0 1 0 0 0
18 0 1 0 0 0
19 0 2 0 0 0
20 0 4 0 0 0
21 0 5 0 0 0
22 0 8 0 0 0
23 0 16 0 0 0
24 0 32 0 0 0
25 0 59 0 0 0
26 2 88 0 0 0.002
27 1 132 0 0 0.001
28 2 175 0 0 0.002
29 2 222 0 0 0.002
30 7 271 0 0 0.007
31 10 320 0 0 0.01
32 18 358 0 0 0.018
33 24 397 0 0 0.024
34 29 424 0 0 0.029
35 51 448 0 0 0.051
36 69 470 0 0 0.069
37 103 479 0 0 0.103
38 124 487 0 0 0.124
39 144 489 0 0 0.144
40 158 485 0 0 0.158
41 162 487 0 0 0.162
42 143 478 0 0 0.143
43 122 471 0 0 0.122
44 95 464 0 0 0.095
45 67 442 0 0 0.067
46 41 424 0 0 0.041
47 25 389 0 0 0.025
48 20 358 0 0 0.02
49 18 322 0 0 0.018
50 6 290 0 0 0.006
51 6 246 0 0 0.006
52 3 218 0 0 0.003
53 1 177 0 0 0.001
54 1 137 0 0 0.001
55 0 99 0 0 0
56 0 76 0 0 0
57 0 56 0 0 0
58 1 44 0 0 0.001
59 0 29 0 0 0
60 0 18 0 0 0
61 3 12 0 0 0.003
62 6 5 0 0 0.006
63 4 6 0 0 0.004
64 11 6 0 0 0.011
65 11 10 0 0 0.011
66 10 10 0 0 0.01
67 23 11 0 0 0.023
68 25 18 0 0 0.025
69 42 20 0 0 0.042
70 39 23 0 0 0.039
71 43 33 0 0 0.043
72 45 47 0 0 0.045
73 56 56 0 0 0.056
74 45 76 0 0 0.045
75 50 79 0 0 0.05
76 56 82 0 0 0.056
77 57 82 0 0 0.057
78 41 78 0 0 0.041
79 35 46 0 0 0.035
80 24 34 0 0 0.024
81 24 33 0 0 0.024
82 20 26 0 0 0.02
83 16 16 0 0 0.016
84 10 9 0 0 0.01
85 6 11 0 0 0.006
86 4 13 0 0 0.004
87 4 13 0 0 0.004
88 7 9 0 0 0.007
89 6 13 0 0 0.006
90 10 22 0 0 0.01
91 15 26 0 0 0.015
92 24 40 0 0 0.024
93 19 45 0 0 0.019
94 20 42 0 0 0.02
95 33 43 0 0 0.033
96 43 52 0 0 0.043
97 58 49 0 0 0.058
98 65 46 0 0 0.065
99 70 49 0 0 0.07
100 74 54 0 0 0.074
101 85 41 0 0 0.085
102 74 42 0 0 0.074
103 46 27 0 0 0.046
104 35 20 0 0 0.035
105 29 15 0 0 0.029
106 22 18 0 0 0.022
107 12 11 0 0 0.012
108 5 7 0 0 0.005
109 9 3 0 0 0.009
110 13 4 0 0 0.013
111 8 8 0 0 0.008
112 7 6 0 0 0.007
113 16 9 0 0 0.016
114 23 7 0 0 0.023
115 31 24 0 0 0.031
116 39 18 0 0 0.039
117 46 22 0 0 0.046
118 38 30 0 0 0.038
119 51 39 0 0 0.051
120 44 55 0 0 0.044
121 45 61 0 0 0.045
122 42 71 0 0 0.042
123 52 81 0 0 0.052
124 32 82 0 0 0.032
125 37 80 0 0 0.037
126 30 55 0 0 0.03
127 26 42 0 0 0.026
128 15 35 0 0 0.015
129 17 24 0 0 0.017
130 16 17 0 0 0.016
131 7 8 0 0 0.007
132 3 9 0 0 0.003
133 3 10 0 0 0.003
134 8 12 0 0 0.008
135 5 11 0 0 0.005
136 10 16 0 0 0.01
137 4 21 0 0 0.004
138 20 33 0 0 0.02
139 13 32 0 0 0.013
140 19 47 0 0 0.019
141 27 38 0 0 0.027
142 34 57 0 0 0.034
143 49 42 0 0 0.049
144 58 47 0 0 0.058
145 58 38 0 0 0.058
146 67 48 0 0 0.067
147 79 39 0 0 0.079
148 85 43 0 0 0.085
149 70 30 0 0 0.07
150 51 29 0 0 0.051
151 41 21 0 0 0.041
152 32 16 0 0 0.032
153 23 18 0 0 0.023
154 12 9 0 0 0.012
155 10 7 0 0 0.01
156 8 2 0 0 0.008
157 10 6 0 0 0.01
158 10 4 0 0 0.01
159 18 8 0 0 0.018
160 20 4 0 0 0.02
161 35 19 0 0 0.035
162 34 15 0 0 0.034
163 45 21 0 0 0.045
164 45 25 0 0 0.045
165 61 26 0 0 0.061
166 49 39 0 0 0.049
167 55 54 0 0 0.055
168 42 65 0 0 0.042
169 42 67 0 0 0.042
170 35 80 0 0 0.035
171 41 92 0 0 0.041
172 38 86 0 0 0.038
173 25 86 0 0 0.025
174 20 57 0 0 0.02
175 22 39 0 0 0.022
176 19 31 0 0 0.019
177 11 22 0 0 0.011
178 10 17 0 0 0.01
179 5 9 0 0 0.005
180 6 13 0 0 0.006
181 4 8 0 0 0.004
182 7 11 0 0 0.007
183 4 13 0 0 0.004
184 12 25 0 0 0.012
185 9 29 0 0 0.009
186 16 38 0 0 0.016
187 25 45 0 0 0.025
188 22 56 0 0 0.022
189 26 39 0 0 0.026
190 37 57 0 0 0.037
191 49 46 0 0 0.049
192 66 43 0 0 0.066
193 72 37 0 0 0.072
194 83 33 0 0 0.083
195 70 38 0 0 0.07
196 77 37 0 0 0.077
197 82 20 0 0 0.082
198 52 24 0 0 0.052
199 36 17 0 0 0.036
200 20 14 0 0 0.02
201 22 13 0 0 0.022
202 14 7 0 0 0.014
203 14 10 0 0 0.014
204 12 6 0 0 0.012
205 13 5 0 0 0.013
206 14 6 0 0 0.014
207 23 10 0 0 0.023
208 23 7 0 0 0.023
209 32 14 0 0 0.032
210 40 26 0 0 0.04
211 56 28 0 0 0.056
212 40 26 0 0 0.04
213 56 30 0 0 0.056
214 49 34 0 0 0.049
215 47 47 0 0 0.047
216 40 57 0 0 0.04
217 37 75 0 0 0.037
218 26 85 0 0 0.026
219 32 68 0 0 0.032
220 22 85 0 0 0.022
221 27 72 0 0 0.027
222 17 55 0 0 0.017
223 14 32 0 0 0.014
224 14 22 0 0 0.014
225 5 18 0 0 0.005
226 8 15 0 0 0.008
227 7 10 0 0 0.007
228 5 14 0 0 0.005
229 7 16 0 0 0.007
230 10 21 0 0 0.01
231 5 22 0 0 0.005
232 8 32 0 0 0.008
233 19 42 0 0 0.019
234 26 60 0 0 0.026
235 29 43 0 0 0.029
236 28 52 0 0 0.028
237 33 47 0 0 0.033
238 41 47 0 0 0.041
239 40 42 0 0 0.04
240 58 41 0 0 0.058
241 83 31 0 0 0.083
242 87 28 0 0 0.087
243 84 16 0 0 0.084
244 75 24 0 0 0.075
245 60 20 0 0 0.06
246 51 14 0 0 0.051
247 35 16 0 0 0.035
248 24 8 0 0 0.024
249 19 9 0 0 0.019
250 9 7 0 0 0.009
251 13 4 0 0 0.013
252 13 6 0 0 0.013
253 17 8 0 0 0.017
254 19 6 0 0 0.019
255 27 8 0 0 0.027
256 32 13 0 0 0.032
257 54 20 0 0 0.054
258 49 20 0 0 0.049
259 52 19 0 0 0.052
260 48 29 0 0 0.048
261 48 45 0 0 0.048
262 46 42 0 0 0.046
263 45 48 0 0 0.045
264 35 54 0 0 0.035
265 31 76 0 0 0.031
266 21 93 0 0 0.021
267 19 88 0 0 0.019
268 21 64 0 0 0.021
269 14 50 0 0 0.014
270 16 49 0 0 0.016
271 10 33 0 0 0.01
272 9 30 0 0 0.009
273 8 16 0 0 0.008
274 3 15 0 0 0.003
275 6 12 0 0 0.006
276 8 14 0 0 0.008
277 6 21 0 0 0.006
278 7 23 0 0 0.007
279 12 31 0 0 0.012
280 19 50 0 0 0.019
281 20 46 0 0 0.02
282 24 49 0 0 0.024
283 25 49 0 0 0.025
284 34 46 0 0 0.034
285 34 38 0 0 0.034
286 42 46 0 0 0.042
287 57 32 0 0 0.057
288 70 28 0 0 0.07
289 91 22 0 0 0.091
290 97 16 0 0 0.097
291 94 23 0 0 0.094
292 64 18 0 0 0.064
293 60 17 0 0 0.06
294 43 13 0 0 0.043
295 37 11 0 0 0.037
296 23 9 0 0 0.023
297 23 5 0 0 0.023
298 16 4 0 0 0.016
299 15 5 0 0 0.015
300 24 6 0 0 0.024
301 27 5 0 0 0.027
302 27 10 0 0 0.027
303 48 21 0 0 0.048
304 48 19 0 0 0.048
305 46 21 0 0 0.046
306 48 20 0 0 0.048
307 52 29 0 0 0.052
308 40 38 0 0 0.04
309 54 33 0 0 0.054
310 36 40 0 0 0.036
311 29 52 0 0 0.029
312 23 75 0 0 0.023
313 16 85 0 0 0.016
314 20 90 0 0 0.02
315 17 82 0 0 0.017
316 17 66 0 0 0.017
317 12 47 0 0 0.012
318 9 43 0 0 0.009
319 10 30 0 0 0.01
320 6 25 0 0 0.006
321 6 16 0 0 0.006
322 4 13 0 0 0.004
323 7 21 0 0 0.007
324 6 25 0 0 0.006
325 7 28 0 0 0.007
326 13 46 0 0 0.013
327 16 50 0 0 0.016
328 20 49 0 0 0.02
329 25 47 0 0 0.025
330 23 55 0 0 0.023
331 30 42 0 0 0.03
332 34 49 0 0 0.034
333 41 37 0 0 0.041
334 49 28 0 0 0.049
335 69 23 0 0 0.069
336 88 18 0 0 0.088
337 104 18 0 0 0.104
338 110 14 0 0 0.11
339 112 17 0 0 0.112
340 83 15 0 0 0.083
341 61 10 0 0 0.061
342 40 9 0 0 0.04
343 26 7 0 0 0.026
344 18 6 0 0 0.018
345 13 4 0 0 0.013
346 19 6 0 0 0.019
347 26 4 0 0 0.026
348 29 3 0 0 0.029
349 40 10 0 0 0.04
350 50 13 0 0 0.05
351 55 10 0 0 0.055
352 42 21 0 0 0.042
353 54 21 0 0 0.054
354 47 26 0 0 0.047
355 51 29 0 0 0.051
356 42 35 0 0 0.042
357 31 38 0 0 0.031
358 21 56 0 0 0.021
359 22 66 0 0 0.022
360 20 89 0 0 0.02
361 14 92 0 0 0.014
362 17 114 0 0 0.017
363 15 118 0 0 0.015
364 10 94 0 0 0.01
365 8 76 0 0 0.008
366 8 55 0 0 0.008
367 6 34 0 0 0.006
368 7 19 0 0 0.007
369 7 15 0 0 0.007
370 6 18 0 0 0.006
371 2 26 0 0 0.002
372 10 35 0 0 0.01
373 16 44 0 0 0.016
374 8 56 0 0 0.008
375 16 45 0 0 0.016
376 13 53 0 0 0.013
377 17 52 0 0 0.017
378 18 47 0 0 0.018
379 26 42 0 0 0.026
380 31 30 0 0 0.031
381 40 19 0 0 0.04
382 51 19 0 0 0.051
383 69 18 0 0 0.069
384 81 12 0 0 0.081
385 89 13 0 0 0.089
386 119 19 0 0 0.119
387 113 11 0 0 0.113
388 96 7 0 0 0.096
389 66 7 0 0 0.066
390 51 4 0 0 0.051
391 26 5 0 0 0.026
392 23 7 0 0 0.023
393 22 8 0 0 0.022
394 20 5 0 0 0.02
395 27 6 0 0 0.027
396 40 13 0 0 0.04
397 53 11 0 0 0.053
398 46 18 0 0 0.046
399 45 17 0 0 0.045
400 59 21 0 0 0.059
401 50 13 0 0 0.05
402 46 14 0 0 0.046
403 36 19 0 0 0.036
404 25 26 0 0 0.025
405 23 37 0 0 0.023
406 20 49 0 0 0.02
407 17 70 0 0 0.017
408 10 85 0 0 0.01
409 17 111 0 0 0.017
410 11 125 0 0 0.011
411 9 135 0 0 0.009
412 9 109 0 0 0.009
413 6 90 0 0 0.006
414 5 62 0 0 0.005
415 7 43 0 0 0.007
416 5 33 0 0 0.005
417 6 32 0 0 0.006
418 4 33 0 0 0.004
419 8 35 0 0 0.008
420 8 55 0 0 0.008
421 13 57 0 0 0.013
422 15 48 0 0 0.015
423 22 55 0 0 0.022
424 19 51 0 0 0.019
425 15 48 0 0 0.015
426 16 40 0 0 0.016
427 24 25 0 0 0.024
428 29 23 0 0 0.029
429 38 18 0 0 0.038
430 43 17 0 0 0.043
431 57 13 0 0 0.057
432 90 19 0 0 0.09
433 117 11 0 0 0.117
434 151 9 0 0 0.151
435 147 8 0 0 0.147
436 124 7 0 0 0.124
437 99 5 0 0 0.099
438 67 6 0 0 0.067
439 40 5 0 0 0.04
440 37 7 0 0 0.037
441 38 4 0 0 0.038
442 34 5 0 0 0.034
443 50 3 0 0 0.05
444 58 6 0 0 0.058
445 57 10 0 0 0.057
446 56 13 0 0 0.056
447 52 15 0 0 0.052
448 45 12 0 0 0.045
449 41 9 0 0 0.041
450 27 14 0 0 0.027
451 25 16 0 0 0.025
452 22 32 0 0 0.022
453 15 40 0 0 0.015
454 12 42 0 0 0.012
455 19 58 0 0 0.019
456 12 77 0 0 0.012
457 9 122 0 0 0.009
458 6 154 0 0 0.006
459 6 151 0 0 0.006
460 6 152 0 0 0.006
461 6 132 0 0 0.006
462 6 73 0 0 0.006
463 10 50 0 0 0.01
464 6 42 0 0 0.006
465 5 34 0 0 0.005
466 3 48 0 0 0.003
467 4 54 0 0 0.004
468 9 57 0 0 0.009
469 11 48 0 0 0.011
470 13 58 0 0 0.013
471 10 51 0 0 0.01
472 7 44 0 0 0.007
473 11 29 0 0 0.011
474 8 25 0 0 0.008
475 13 23 0 0 0.013
476 19 18 0 0 0.019
477 22 12 0 0 0.022
478 28 18 0 0 0.028
479 43 12 0 0 0.043
480 71 8 0 0 0.071
481 112 6 0 0 0.112
482 143 5 0 0 0.143
483 166 4 0 0 0.166
484 190 5 0 0 0.19
485 147 3 0 0 0.147
486 104 10 0 0 0.104
487 57 8 0 0 0.057
488 42 7 0 0 0.042
489 44 5 0 0 0.044
490 56 4 0 0 0.056
491 60 6 0 0 0.06
492 50 10 0 0 0.05
493 60 12 0 0 0.06
494 55 11 0 0 0.055
495 45 5 0 0 0.045
496 28 9 0 0 0.028
497 24 11 0 0 0.024
498 21 11 0 0 0.021
499 18 15 0 0 0.018
500 10 19 0 0 0.01
501 18 16 0 0 0.018
502 13 23 0 0 0.013
503 9 44 0 0 0.009
504 8 63 0 0 0.008
505 6 93 0 0 0.006
506 3 133 0 0 0.003
507 5 190 0 0 0.005
508 1 218 0 0 0.001
509 7 198 0 0 0.007
510 7 125 0 0 0.007
511 5 78 0 0 0.005
512 5 58 0 0 0.005
513 5 69 0 0 0.005
514 3 62 0 0 0.003
515 7 46 0 0 0.007
516 12 60 0 0 0.012
517 13 57 0 0 0.013
518 10 47 0 0 0.01
519 3 33 0 0 0.003
520 4 27 0 0 0.004
521 4 19 0 0 0.004
522 7 18 0 0 0.007
523 12 9 0 0 0.012
524 13 19 0 0 0.013
525 12 13 0 0 0.012
526 21 6 0 0 0.021
527 30 8 0 0 0.03
528 41 7 0 0 0.041
529 68 4 0 0 0.068
530 101 5 0 0 0.101
531 179 1 0 0 0.179
532 246 5 0 0 0.246
533 253 8 0 0 0.253
534 197 5 0 0 0.197
535 125 5 0 0 0.125
536 91 7 0 0 0.091
537 81 5 0 0 0.081
538 55 5 0 0 0.055
539 64 9 0 0 0.064
540 60 9 0 0 0.06
541 49 13 0 0 0.049
542 34 12 0 0 0.034
543 27 9 0 0 0.027
544 26 7 0 0 0.026
545 22 7 0 0 0.022
546 9 6 0 0 0.009
547 19 7 0 0 0.019
548 15 6 0 0 0.015
549 7 7 0 0 0.007
550 9 14 0 0 0.009
551 6 21 0 0 0.006
552 5 34 0 0 0.005
553 5 46 0 0 0.005
554 1 81 0 0 0.001
555 4 140 0 0 0.004
556 6 222 0 0 0.006
557 6 289 0 0 0.006
558 3 275 0 0 0.003
559 5 204 0 0 0.005
560 4 147 0 0 0.004
561 6 84 0 0 0.006
562 6 70 0 0 0.006
563 10 70 0 0 0.01
564 7 53 0 0 0.007
565 10 43 0 0 0.01
566 9 25 0 0 0.009
567 5 26 0 0 0.005
568 6 25 0 0 0.006
569 6 9 0 0 0.006
570 7 19 0 0 0.007
571 5 14 0 0 0.005
572 4 5 0 0 0.004
573 4 8 0 0 0.004
574 6 8 0 0 0.006
575 13 6 0 0 0.013
576 20 5 0 0 0.02
577 32 1 0 0 0.032
578 51 4 0 0 0.051
579 88 4 0 0 0.088
580 177 5 0 0 0.177
581 274 2 0 0 0.274
582 333 4 0 0 0.333
583 349 1 0 0 0.349
584 245 4 0 0 0.245
585 129 4 0 0 0.129
586 86 8 0 0 0.086
587 57 7 0 0 0.057
588 48 6 0 0 0.048
589 27 9 0 0 0.027
590 23 5 0 0 0.023
591 26 3 0 0 0.026
592 9 3 0 0 0.009
593 19 8 0 0 0.019
594 15 7 0 0 0.015
595 5 8 0 0 0.005
596 5 9 0 0 0.005
597 7 9 0 0 0.007
598 8 8 0 0 0.008
599 5 7 0 0 0.005
600 1 14 0 0 0.001
601 4 18 0 0 0.004
602 4 26 0 0 0.004
603 5 60 0 0 0.005
604 1 108 0 0 0.001
605 3 184 0 0 0.003
606 1 325 0 0 0.001
607 2 422 0 0 0.002
608 3 396 0 0 0.003
609 5 255 0 0 0.005
610 6 126 0 0 0.006
611 5 74 0 0 0.005
612 7 36 0 0 0.007
613 9 23 0 0 0.009
614 8 24 0 0 0.008
615 5 11 0 0 0.005
616 6 19 0 0 0.006
617 4 16 0 0 0.004
618 3 6 0 0 0.003
619 3 5 0 0 0.003
620 5 5 0 0 0.005
621 6 8 0 0 0.006
622 7 5 0 0 0.007
623 7 1 0 0 0.007
624 9 5 0 0 0.009
625 11 4 0 0 0.011
626 21 6 0 0 0.021
627 33 2 0 0 0.033
628 61 3 0 0 0.061
629 125 0 0 0 0.125
630 240 1 0 0 0.24
631 426 2 0 0 0.426
632 530 3 0 0 0.53
633 459 5 0 0 0.459
634 260 2 0 0 0.26
635 93 2 0 0 0.093
636 33 4 0 0 0.033
637 25 6 0 0 0.025
638 16 7 0 0 0.016
639 19 9 0 0 0.019
640 16 8 0 0 0.016
641 6 7 0 0 0.006
642 6 6 0 0 0.006
643 6 7 0 0 0.006
644 9 6 0 0 0.009
645 5 5 0 0 0.005
646 0 5 0 0 0
647 5 3 0 0 0.005
648 4 2 0 0 0.004
649 5 2 0 0 0.005
650 2 5 0 0 0.002
651 3 11 0 0 0.003
652 0 24 0 0 0
653 1 49 0 0 0.001
654 2 118 0 0 0.002
655 1 275 0 0 0.001
656 5 517 0 0 0.005
657 3 667 0 0 0.003
658 2 618 0 0 0.002
659 3 392 0 0 0.003
660 3 129 0 0 0.003
661 2 34 0 0 0.002
662 5 20 0 0 0.005
663 4 19 0 0 0.004
664 5 6 0 0 0.005
665 6 6 0 0 0.006
666 6 7 0 0 0.006
667 8 10 0 0 0.008
668 8 7 0 0 0.008
669 10 0 0 0 0.01
670 11 4 0 0 0.011
671 9 4 0 0 0.009
672 8 6 0 0 0.008
673 7 2 0 0 0.007
674 7 3 0 0 0.007
675 9 0 0 0 0.009
676 11 1 0 0 0.011
677 18 3 0 0 0.018
678 38 1 0 0 0.038
679 87 3 0 0 0.087
680 217 2 0 0 0.217
681 464 0 0 0 0.464
682 722 0 0 0 0.722
683 758 1 0 0 0.758
684 596 1 0 0 0.596
685 280 3 0 0 0.28
686 69 3 0 0 0.069
687 15 3 0 0 0.015
688 5 4 0 0 0.005
689 7 4 0 0 0.007
690 9 4 0 0 0.009
691 9 4 0 0 0.009
692 0 4 0 0 0
693 4 6 0 0 0.004
694 3 7 0 0 0.003
695 6 8 0 0 0.006
696 2 8 0 0 0.002
697 3 8 0 0 0.003
698 0 8 0 0 0
699 0 9 0 0 0
700 3 9 0 0 0.003
701 3 10 0 0 0.003
702 3 12 0 0 0.003
703 2 20 0 0 0.002
704 0 44 0 0 0
705 0 118 0 0 0
706 0 312 0 0 0
707 0 645 0 0 0
708 0 874 0 0 0
709 0 933 0 0 0
710 0 947 0 0 0
711 0 951 0 0 0
712 0 957 0 0 0
713 0 964 0 0 0
714 0 973 0 0 0
715 0 973 0 0 0
716 0 977 0 0 0
717 0 980 0 0 0
718 0 986 0 0 0
719 0 988 0 0 0
720 0 991 0 0 0
721 0 991 0 0 0
722 0 991 0 0 0
723 0 992 0 0 0
724 0 995 0 0 0
725 0 998 0 0 0
726 0 1000 0 0 0
727 0 1000 0 0 0
728 0 1000 0 0 0
729 0 1000 0 0 0
730 0 1000 0 0 0
731 0 1000 0 0 0
732 0 1000 0 0 0
733 0 1000 0 0 0
734 0 1000 0 0 0
735 0 1000 0 0 0
736 0 1000 0 0 0
