1 459 456 0 0 0.459
2 498 496 0 0 0.498
3 502 497 0 0 0.502
4 502 498 0 0 0.502
5 502 498 0 0 0.502
6 502 498 0 0 0.502
7 502 498 0 0 0.502
8 502 498 0 0 0.502
9 502 498 0 0 0.502
10 502 498 0 0 0.502
11 502 498 0 0 0.502
12 502 498 0 0 0.502
13 502 498 0 0 0.502
14 502 498 0 0 0.502
15 502 498 0 0 0.502
16 502 497 0 0 0.502
17 502 497 0 0 0.502
18 503 497 0 0 0.503
19 503 496 0 0 0.503
20 504 494 0 0 0.504
21 506 493 0 0 0.506
22 507 490 0 0 0.507
23 510 482 0 0 0.51
24 518 466 0 0 0.518
25 530 439 0 0 0.53
26 553 410 0 0 0.553
27 580 368 0 0 0.58
28 616 326 0 0 0.616
29 656 281 0 0 0.656
30 697 232 0 0 0.697
31 748 185 0 0 0.748
32 781 149 0 0 0.781
33 815 116 0 0 0.815
34 840 99 0 0 0.84
35 840 79 0 0 0.84
36 840 66 0 0 0.84
37 824 63 0 0 0.824
38 797 70 0 0 0.797
39 770 80 0 0 0.77
40 735 107 0 0 0.735
41 688 146 0 0 0.688
42 655 201 0 0 0.655
43 615 262 0 0 0.615
44 590 315 0 0 0.59
45 561 372 0 0 0.561
46 539 420 0 0 0.539
47 526 449 0 0 0.526
48 515 465 0 0 0.515
49 505 477 0 0 0.505
50 503 491 0 0 0.503
51 500 494 0 0 0.5
52 499 498 0 0 0.499
53 498 501 0 0 0.498
54 498 501 0 0 0.498
55 498 502 0 0 0.498
56 498 502 0 0 0.498
57 498 501 0 0 0.498
58 497 501 0 0 0.497
59 498 500 0 0 0.498
60 500 499 0 0 0.5
61 498 497 0 0 0.498
62 495 497 0 0 0.495
63 494 497 0 0 0.494
64 488 496 0 0 0.488
65 482 498 0 0 0.482
66 481 500 0 0 0.481
67 464 503 0 0 0.464
68 453 504 0 0 0.453
69 429 509 0 0 0.429
70 413 525 0 0 0.413
71 391 533 0 0 0.391
72 373 535 0 0 0.373
73 356 532 0 0 0.356
74 360 519 0 0 0.36
75 363 508 0 0 0.363
76 368 494 0 0 0.368
77 376 485 0 0 0.376
78 404 477 0 0 0.404
79 441 478 0 0 0.441
80 465 477 0 0 0.465
81 467 476 0 0 0.467
82 475 479 0 0 0.475
83 484 484 0 0 0.484
84 487 494 0 0 0.487
85 488 495 0 0 0.488
86 488 495 0 0 0.488
87 495 488 0 0 0.495
88 501 483 0 0 0.501
89 501 480 0 0 0.501
90 500 468 0 0 0.5
91 503 456 0 0 0.503
92 508 428 0 0 0.508
93 521 415 0 0 0.521
94 540 398 0 0 0.54
95 545 379 0 0 0.545
96 543 362 0 0 0.543
97 538 355 0 0 0.538
98 530 359 0 0 0.53
99 518 363 0 0 0.518
100 501 371 0 0 0.501
101 483 391 0 0 0.483
102 469 415 0 0 0.469
103 482 445 0 0 0.482
104 485 460 0 0 0.485
105 485 471 0 0 0.485
106 485 475 0 0 0.485
107 495 482 0 0 0.495
108 501 487 0 0 0.501
109 498 490 0 0 0.498
110 488 495 0 0 0.488
111 485 499 0 0 0.485
112 484 503 0 0 0.484
113 473 502 0 0 0.473
114 461 509 0 0 0.461
115 436 509 0 0 0.436
116 422 521 0 0 0.422
117 400 532 0 0 0.4
118 384 548 0 0 0.384
119 365 545 0 0 0.365
120 350 551 0 0 0.35
121 351 543 0 0 0.351
122 354 533 0 0 0.354
123 351 516 0 0 0.351
124 375 511 0 0 0.375
125 392 491 0 0 0.392
126 425 490 0 0 0.425
127 444 488 0 0 0.444
128 458 492 0 0 0.458
129 469 490 0 0 0.469
130 477 490 0 0 0.477
131 485 500 0 0 0.485
132 490 498 0 0 0.49
133 497 490 0 0 0.497
134 497 483 0 0 0.497
135 500 484 0 0 0.5
136 500 474 0 0 0.5
137 512 463 0 0 0.512
138 506 441 0 0 0.506
139 522 433 0 0 0.522
140 531 403 0 0 0.531
141 546 389 0 0 0.546
142 549 360 0 0 0.549
143 562 347 0 0 0.562
144 557 338 0 0 0.557
145 559 345 0 0 0.559
146 545 340 0 0 0.545
147 532 350 0 0 0.532
148 502 370 0 0 0.502
149 500 400 0 0 0.5
150 498 422 0 0 0.498
151 493 445 0 0 0.493
152 491 461 0 0 0.491
153 490 469 0 0 0.49
154 498 481 0 0 0.498
155 493 490 0 0 0.493
156 493 497 0 0 0.493
157 489 495 0 0 0.489
158 486 500 0 0 0.486
159 476 498 0 0 0.476
160 470 506 0 0 0.47
161 446 500 0 0 0.446
162 435 516 0 0 0.435
163 406 528 0 0 0.406
164 392 538 0 0 0.392
165 363 550 0 0 0.363
166 346 566 0 0 0.346
167 329 562 0 0 0.329
168 323 570 0 0 0.323
169 322 569 0 0 0.322
170 333 552 0 0 0.333
171 338 529 0 0 0.338
172 365 511 0 0 0.365
173 380 509 0 0 0.38
174 420 503 0 0 0.42
175 448 491 0 0 0.448
176 459 491 0 0 0.459
177 475 492 0 0 0.475
178 482 491 0 0 0.482
179 492 494 0 0 0.492
180 491 490 0 0 0.491
181 498 490 0 0 0.498
182 499 483 0 0 0.499
183 506 477 0 0 0.506
184 506 457 0 0 0.506
185 520 442 0 0 0.52
186 525 421 0 0 0.525
187 531 399 0 0 0.531
188 549 373 0 0 0.549
189 577 358 0 0 0.577
190 578 328 0 0 0.578
191 590 315 0 0 0.59
192 589 302 0 0 0.589
193 584 307 0 0 0.584
194 564 320 0 0 0.564
195 557 335 0 0 0.557
196 523 363 0 0 0.523
197 510 388 0 0 0.51
198 498 426 0 0 0.498
199 497 450 0 0 0.497
200 494 472 0 0 0.494
201 490 475 0 0 0.49
202 496 483 0 0 0.496
203 488 488 0 0 0.488
204 488 494 0 0 0.488
205 485 497 0 0 0.485
206 476 504 0 0 0.476
207 461 506 0 0 0.461
208 452 518 0 0 0.452
209 430 524 0 0 0.43
210 403 531 0 0 0.403
211 369 547 0 0 0.369
212 359 575 0 0 0.359
213 331 583 0 0 0.331
214 311 606 0 0 0.311
215 297 609 0 0 0.297
216 296 607 0 0 0.296
217 298 590 0 0 0.298
218 315 574 0 0 0.315
219 340 560 0 0 0.34
220 365 528 0 0 0.365
221 395 506 0 0 0.395
222 431 497 0 0 0.431
223 456 498 0 0 0.456
224 468 496 0 0 0.468
225 480 497 0 0 0.48
226 485 492 0 0 0.485
227 492 491 0 0 0.492
228 496 485 0 0 0.496
229 500 477 0 0 0.5
230 504 465 0 0 0.504
231 516 457 0 0 0.516
232 525 435 0 0 0.525
233 533 406 0 0 0.533
234 541 373 0 0 0.541
235 570 358 0 0 0.57
236 588 332 0 0 0.588
237 609 311 0 0 0.609
238 617 295 0 0 0.617
239 623 295 0 0 0.623
240 618 283 0 0 0.618
241 597 289 0 0 0.597
242 585 300 0 0 0.585
243 562 338 0 0 0.562
244 528 373 0 0 0.528
245 510 410 0 0 0.51
246 504 431 0 0 0.504
247 499 450 0 0 0.499
248 499 469 0 0 0.499
249 492 480 0 0 0.492
250 492 492 0 0 0.492
251 489 494 0 0 0.489
252 480 501 0 0 0.48
253 471 504 0 0 0.471
254 461 514 0 0 0.461
255 440 525 0 0 0.44
256 420 535 0 0 0.42
257 381 545 0 0 0.381
258 364 567 0 0 0.364
259 339 590 0 0 0.339
260 313 610 0 0 0.313
261 292 615 0 0 0.292
262 282 630 0 0 0.282
263 272 635 0 0 0.272
264 274 637 0 0 0.274
265 278 615 0 0 0.278
266 304 582 0 0 0.304
267 342 551 0 0 0.342
268 381 534 0 0 0.381
269 416 520 0 0 0.416
270 428 507 0 0 0.428
271 456 501 0 0 0.456
272 469 492 0 0 0.469
273 482 494 0 0 0.482
274 492 490 0 0 0.492
275 500 482 0 0 0.5
276 506 472 0 0 0.506
277 512 461 0 0 0.512
278 525 445 0 0 0.525
279 534 423 0 0 0.534
280 537 394 0 0 0.537
281 563 371 0 0 0.563
282 590 337 0 0 0.59
283 611 315 0 0 0.611
284 626 294 0 0 0.626
285 645 283 0 0 0.645
286 645 267 0 0 0.645
287 659 252 0 0 0.659
288 647 255 0 0 0.647
289 617 270 0 0 0.617
290 582 305 0 0 0.582
291 547 336 0 0 0.547
292 538 380 0 0 0.538
293 517 406 0 0 0.517
294 509 435 0 0 0.509
295 499 453 0 0 0.499
296 496 472 0 0 0.496
297 489 483 0 0 0.489
298 482 498 0 0 0.482
299 477 503 0 0 0.477
300 462 508 0 0 0.462
301 449 519 0 0 0.449
302 434 529 0 0 0.434
303 396 535 0 0 0.396
304 367 566 0 0 0.367
305 343 590 0 0 0.343
306 320 612 0 0 0.32
307 292 627 0 0 0.292
308 275 647 0 0 0.275
309 251 662 0 0 0.251
310 243 681 0 0 0.243
311 240 679 0 0 0.24
312 246 656 0 0 0.246
313 274 625 0 0 0.274
314 308 582 0 0 0.308
315 341 560 0 0 0.341
316 382 535 0 0 0.382
317 417 524 0 0 0.417
318 438 510 0 0 0.438
319 458 502 0 0 0.458
320 477 492 0 0 0.477
321 492 486 0 0 0.492
322 501 482 0 0 0.501
323 503 469 0 0 0.503
324 514 455 0 0 0.514
325 528 437 0 0 0.528
326 539 402 0 0 0.539
327 561 373 0 0 0.561
328 583 348 0 0 0.583
329 609 319 0 0 0.609
330 630 292 0 0 0.63
331 653 275 0 0 0.653
332 672 245 0 0 0.672
333 694 228 0 0 0.694
334 703 220 0 0 0.703
335 687 221 0 0 0.687
336 654 240 0 0 0.654
337 624 254 0 0 0.624
338 587 289 0 0 0.587
339 554 317 0 0 0.554
340 538 364 0 0 0.538
341 522 407 0 0 0.522
342 508 443 0 0 0.508
343 495 472 0 0 0.495
344 489 487 0 0 0.489
345 486 497 0 0 0.486
346 474 501 0 0 0.474
347 461 509 0 0 0.461
348 445 523 0 0 0.445
349 413 537 0 0 0.413
350 384 553 0 0 0.384
351 356 579 0 0 0.356
352 326 611 0 0 0.326
353 296 629 0 0 0.296
354 268 659 0 0 0.268
355 236 684 0 0 0.236
356 213 710 0 0 0.213
357 206 725 0 0 0.206
358 202 721 0 0 0.202
359 206 706 0 0 0.206
360 214 677 0 0 0.214
361 242 652 0 0 0.242
362 265 604 0 0 0.265
363 299 568 0 0 0.299
364 358 538 0 0 0.358
365 403 513 0 0 0.403
366 438 499 0 0 0.438
367 467 493 0 0 0.467
368 488 486 0 0 0.488
369 498 480 0 0 0.498
370 508 468 0 0 0.508
371 521 451 0 0 0.521
372 531 424 0 0 0.531
373 545 395 0 0 0.545
374 576 360 0 0 0.576
375 605 334 0 0 0.605
376 632 302 0 0 0.632
377 661 270 0 0 0.661
378 698 237 0 0 0.698
379 721 211 0 0 0.721
380 747 192 0 0 0.747
381 753 188 0 0 0.753
382 747 183 0 0 0.747
383 726 187 0 0 0.726
384 706 201 0 0 0.706
385 673 225 0 0 0.673
386 613 249 0 0 0.613
387 578 298 0 0 0.578
388 547 350 0 0 0.547
389 520 407 0 0 0.52
390 501 444 0 0 0.501
391 490 479 0 0 0.49
392 479 491 0 0 0.479
393 469 501 0 0 0.469
394 454 521 0 0 0.454
395 433 534 0 0 0.433
396 403 544 0 0 0.403
397 368 568 0 0 0.368
398 337 599 0 0 0.337
399 305 633 0 0 0.305
400 263 657 0 0 0.263
401 240 697 0 0 0.24
402 208 732 0 0 0.208
403 188 757 0 0 0.188
404 176 773 0 0 0.176
405 168 772 0 0 0.168
406 164 767 0 0 0.164
407 168 745 0 0 0.168
408 183 722 0 0 0.183
409 198 674 0 0 0.198
410 232 632 0 0 0.232
411 279 577 0 0 0.279
412 339 543 0 0 0.339
413 394 510 0 0 0.394
414 436 497 0 0 0.436
415 466 484 0 0 0.466
416 493 469 0 0 0.493
417 508 454 0 0 0.508
418 524 439 0 0 0.524
419 544 413 0 0 0.544
420 562 375 0 0 0.562
421 593 337 0 0 0.593
422 630 307 0 0 0.63
423 655 268 0 0 0.655
424 695 235 0 0 0.695
425 728 209 0 0 0.728
426 759 185 0 0 0.759
427 784 167 0 0 0.784
428 793 155 0 0 0.793
429 797 147 0 0 0.797
430 790 150 0 0 0.79
431 772 158 0 0 0.772
432 738 153 0 0 0.738
433 701 171 0 0 0.701
434 643 197 0 0 0.643
435 592 253 0 0 0.592
436 552 317 0 0 0.552
437 522 374 0 0 0.522
438 496 431 0 0 0.496
439 481 474 0 0 0.481
440 465 491 0 0 0.465
441 444 514 0 0 0.444
442 425 536 0 0 0.425
443 391 556 0 0 0.391
444 349 587 0 0 0.349
445 313 620 0 0 0.313
446 273 658 0 0 0.273
447 242 691 0 0 0.242
448 213 730 0 0 0.213
449 183 767 0 0 0.183
450 164 795 0 0 0.164
451 149 810 0 0 0.149
452 135 811 0 0 0.135
453 131 814 0 0 0.131
454 130 816 0 0 0.13
455 124 799 0 0 0.124
456 129 782 0 0 0.129
457 139 730 0 0 0.139
458 170 670 0 0 0.17
459 228 615 0 0 0.228
460 285 557 0 0 0.285
461 347 515 0 0 0.347
462 425 496 0 0 0.425
463 468 472 0 0 0.468
464 499 453 0 0 0.499
465 525 436 0 0 0.525
466 545 404 0 0 0.545
467 576 366 0 0 0.576
468 614 320 0 0 0.614
469 658 283 0 0 0.658
470 684 245 0 0 0.684
471 725 214 0 0 0.725
472 765 184 0 0 0.765
473 797 163 0 0 0.797
474 818 149 0 0 0.818
475 831 133 0 0 0.831
476 840 123 0 0 0.84
477 845 121 0 0 0.845
478 841 113 0 0 0.841
479 840 105 0 0 0.84
480 816 105 0 0 0.816
481 760 122 0 0 0.76
482 704 148 0 0 0.704
483 643 187 0 0 0.643
484 564 241 0 0 0.564
485 519 331 0 0 0.519
486 485 401 0 0 0.485
487 462 473 0 0 0.462
488 445 506 0 0 0.445
489 415 536 0 0 0.415
490 373 567 0 0 0.373
491 325 609 0 0 0.325
492 293 647 0 0 0.293
493 253 675 0 0 0.253
494 217 717 0 0 0.217
495 187 763 0 0 0.187
496 165 798 0 0 0.165
497 145 820 0 0 0.145
498 130 838 0 0 0.13
499 118 849 0 0 0.118
500 112 859 0 0 0.112
501 101 865 0 0 0.101
502 90 874 0 0 0.09
503 84 863 0 0 0.084
504 90 839 0 0 0.09
505 98 803 0 0 0.098
506 113 751 0 0 0.113
507 144 661 0 0 0.144
508 193 588 0 0 0.193
509 283 512 0 0 0.283
510 388 480 0 0 0.388
511 463 454 0 0 0.463
512 513 424 0 0 0.513
513 546 380 0 0 0.546
514 595 340 0 0 0.595
515 641 306 0 0 0.641
516 668 260 0 0 0.668
517 711 219 0 0 0.711
518 760 183 0 0 0.76
519 798 166 0 0 0.798
520 822 147 0 0 0.822
521 845 132 0 0 0.845
522 860 115 0 0 0.86
523 872 107 0 0 0.872
524 878 90 0 0 0.878
525 894 81 0 0 0.894
526 896 77 0 0 0.896
527 888 74 0 0 0.888
528 877 75 0 0 0.877
529 847 81 0 0 0.847
530 801 93 0 0 0.801
531 709 111 0 0 0.709
532 600 149 0 0 0.6
533 524 215 0 0 0.524
534 477 321 0 0 0.477
535 444 426 0 0 0.444
536 395 507 0 0 0.395
537 347 567 0 0 0.347
538 315 625 0 0 0.315
539 267 660 0 0 0.267
540 221 710 0 0 0.221
541 186 752 0 0 0.186
542 162 792 0 0 0.162
543 142 822 0 0 0.142
544 126 841 0 0 0.126
545 109 862 0 0 0.109
546 103 882 0 0 0.103
547 87 887 0 0 0.087
548 77 902 0 0 0.077
549 75 911 0 0 0.075
550 68 909 0 0 0.068
551 64 909 0 0 0.064
552 64 897 0 0 0.064
553 66 883 0 0 0.066
554 73 845 0 0 0.073
555 83 773 0 0 0.083
556 104 668 0 0 0.104
557 142 563 0 0 0.142
558 239 483 0 0 0.239
559 368 423 0 0 0.368
560 483 366 0 0 0.483
561 585 325 0 0 0.585
562 649 275 0 0 0.649
563 695 225 0 0 0.695
564 751 189 0 0 0.751
565 788 159 0 0 0.788
566 823 143 0 0 0.823
567 843 126 0 0 0.843
568 863 106 0 0 0.863
569 885 100 0 0 0.885
570 889 85 0 0 0.889
571 904 77 0 0 0.904
572 918 73 0 0 0.918
573 922 66 0 0 0.922
574 923 63 0 0 0.923
575 923 58 0 0 0.923
576 921 54 0 0 0.921
577 912 55 0 0 0.912
578 886 59 0 0 0.886
579 848 60 0 0 0.848
580 753 65 0 0 0.753
581 625 99 0 0 0.625
582 509 154 0 0 0.509
583 408 242 0 0 0.408
584 341 410 0 0 0.341
585 291 576 0 0 0.291
586 234 672 0 0 0.234
587 195 741 0 0 0.195
588 162 784 0 0 0.162
589 143 821 0 0 0.143
590 126 846 0 0 0.126
591 106 865 0 0 0.106
592 101 887 0 0 0.101
593 83 890 0 0 0.083
594 71 907 0 0 0.071
595 66 921 0 0 0.066
596 62 924 0 0 0.062
597 55 929 0 0 0.055
598 51 933 0 0 0.051
599 49 939 0 0 0.049
600 49 936 0 0 0.049
601 46 932 0 0 0.046
602 44 926 0 0 0.044
603 41 894 0 0 0.041
604 50 841 0 0 0.05
605 59 754 0 0 0.059
606 89 585 0 0 0.089
607 158 418 0 0 0.158
608 284 317 0 0 0.284
609 493 247 0 0 0.493
610 664 204 0 0 0.664
611 756 165 0 0 0.756
612 815 142 0 0 0.815
613 845 123 0 0 0.845
614 866 102 0 0 0.866
615 887 97 0 0 0.887
616 895 80 0 0 0.895
617 913 67 0 0 0.913
618 927 64 0 0 0.927
619 933 59 0 0 0.933
620 936 54 0 0 0.936
621 938 48 0 0 0.938
622 945 43 0 0 0.945
623 949 43 0 0 0.949
624 947 39 0 0 0.947
625 950 35 0 0 0.95
626 943 30 0 0 0.943
627 936 29 0 0 0.936
628 907 29 0 0 0.907
629 840 35 0 0 0.84
630 712 47 0 0 0.712
631 500 72 0 0 0.5
632 327 140 0 0 0.327
633 234 302 0 0 0.234
634 176 562 0 0 0.176
635 144 761 0 0 0.144
636 122 841 0 0 0.122
637 102 867 0 0 0.102
638 92 885 0 0 0.092
639 74 898 0 0 0.074
640 62 914 0 0 0.062
641 57 930 0 0 0.057
642 53 935 0 0 0.053
643 49 938 0 0 0.049
644 42 943 0 0 0.042
645 39 951 0 0 0.039
646 39 956 0 0 0.039
647 36 956 0 0 0.036
648 34 960 0 0 0.034
649 29 964 0 0 0.029
650 27 966 0 0 0.027
651 24 962 0 0 0.024
652 24 952 0 0 0.024
653 25 925 0 0 0.025
654 25 855 0 0 0.025
655 32 692 0 0 0.032
656 47 431 0 0 0.047
657 96 234 0 0 0.096
658 227 153 0 0 0.227
659 481 124 0 0 0.481
660 763 105 0 0 0.763
661 873 91 0 0 0.873
662 902 73 0 0 0.902
663 918 59 0 0 0.918
664 935 54 0 0 0.935
665 939 49 0 0 0.939
666 942 45 0 0 0.942
667 946 36 0 0 0.946
668 954 31 0 0 0.954
669 959 31 0 0 0.959
670 958 27 0 0 0.958
671 962 25 0 0 0.962
672 965 21 0 0 0.965
673 971 20 0 0 0.971
674 973 17 0 0 0.973
675 974 17 0 0 0.974
676 972 16 0 0 0.972
677 964 15 0 0 0.964
678 947 14 0 0 0.947
679 898 12 0 0 0.898
680 769 12 0 0 0.769
681 516 20 0 0 0.516
682 234 44 0 0 0.234
683 124 117 0 0 0.124
684 92 311 0 0 0.092
685 75 642 0 0 0.075
686 57 871 0 0 0.057
687 52 930 0 0 0.052
688 48 943 0 0 0.048
689 42 947 0 0 0.042
690 34 953 0 0 0.034
691 27 960 0 0 0.027
692 27 969 0 0 0.027
693 23 967 0 0 0.023
694 20 970 0 0 0.02
695 14 972 0 0 0.014
696 12 978 0 0 0.012
697 9 980 0 0 0.009
698 9 983 0 0 0.009
699 9 982 0 0 0.009
700 6 982 0 0 0.006
701 5 982 0 0 0.005
702 2 983 0 0 0.002
703 0 978 0 0 0
704 0 956 0 0 0
705 0 882 0 0 0
706 0 688 0 0 0
707 0 355 0 0 0
708 0 126 0 0 0
709 0 67 0 0 0
710 0 53 0 0 0
711 0 49 0 0 0
712 0 43 0 0 0
713 0 36 0 0 0
714 0 27 0 0 0
715 0 27 0 0 0
716 0 23 0 0 0
717 0 20 0 0 0
718 0 14 0 0 0
719 0 12 0 0 0
720 0 9 0 0 0
721 0 9 0 0 0
722 0 9 0 0 0
723 0 8 0 0 0
724 0 5 0 0 0
725 0 2 0 0 0
726 0 0 0 0 0
727 0 0 0 0 0
728 0 0 0 0 0
729 0 0 0 0 0
730 0 0 0 0 0
731 0 0 0 0 0
732 0 0 0 0 0
733 0 0 0 0 0
734 0 0 0 0 0
735 0 0 0 0 0
736 0 0 0 0 0
