1 2141 158 155 0.146193
2 3276 39 40 0.0241148
3 3444 4 1 0.0014518
4 3442 0 1 0.000290529
5 3600 0 0 0
6 3548 0 0 0
7 3568 0 0 0
8 3494 0 0 0
9 3512 0 0 0
10 3530 0 0 0
11 3332 0 0 0
12 3466 0 0 0
13 3420 0 0 0
14 3410 0 0 0
15 3422 0 0 0
16 3548 0 0 0
17 3456 0 0 0
18 3400 1 0 0.000294118
19 3444 0 0 0
20 3519 1 0 0.000284172
21 3462 2 0 0.000577701
22 3478 1 0 0.000287522
23 3538 3 0 0.000847937
24 3450 8 0 0.00231884
25 3358 12 0 0.00357356
26 3473 25 0 0.00719839
27 3368 28 2 0.00890736
28 3330 38 1 0.0117117
29 3349 42 2 0.0131383
30 3199 46 0 0.0143795
31 3274 56 2 0.0177153
32 3291 43 2 0.0136737
33 3281 46 6 0.0158488
34 3181 40 10 0.0157183
35 3256 26 4 0.00921376
36 3205 28 10 0.0118565
37 3108 24 6 0.00965251
38 3100 9 15 0.00774194
39 3063 8 15 0.00750898
40 2988 6 27 0.0110442
41 2956 0 43 0.0145467
42 3096 3 55 0.0187339
43 3075 1 62 0.0204878
44 2918 1 53 0.0185058
45 3140 0 57 0.0181529
46 3215 0 48 0.01493
47 3344 0 29 0.00867225
48 3366 0 16 0.00475342
49 3345 0 12 0.00358744
50 3407 0 14 0.00410919
51 3496 0 3 0.000858124
52 3633 0 4 0.00110102
53 3386 0 3 0.000886001
54 3444 0 0 0
55 3356 0 1 0.000297974
56 3452 0 0 0
57 3532 0 0 0
58 3386 0 0 0
59 3445 1 1 0.000580552
60 3589 2 0 0.000557258
61 3425 1 0 0.000291971
62 3514 1 1 0.000569152
63 3433 1 4 0.00145645
64 3409 3 2 0.00146671
65 3498 2 8 0.00285878
66 3426 6 8 0.0040864
67 3465 5 9 0.0040404
68 3306 7 16 0.00695705
69 3356 11 18 0.00864124
70 3292 15 34 0.0148846
71 3337 14 32 0.0137848
72 3261 14 30 0.0134928
73 3264 27 33 0.0183824
74 3187 32 39 0.022278
75 3140 44 36 0.0254777
76 3054 45 34 0.0258677
77 2915 46 37 0.0284734
78 2989 51 39 0.0301104
79 2970 58 27 0.0286195
80 3248 36 23 0.018165
81 3367 19 17 0.010692
82 3440 20 16 0.0104651
83 3356 17 12 0.00864124
84 3400 11 14 0.00735294
85 3380 4 7 0.00325444
86 3430 3 5 0.00233236
87 3404 9 2 0.00323149
88 3477 12 3 0.00431406
89 3445 5 6 0.00319303
90 3442 7 4 0.00319582
91 3466 14 6 0.00577034
92 3391 20 6 0.00766735
93 3161 27 19 0.0145524
94 3380 33 13 0.0136095
95 3321 32 14 0.0138512
96 3180 30 22 0.0163522
97 3187 39 29 0.0213367
98 3209 37 38 0.0233718
99 3157 34 41 0.0237567
100 2884 34 47 0.028086
101 3049 40 47 0.0285339
102 3060 22 47 0.022549
103 3096 32 47 0.0255168
104 3248 23 31 0.0166256
105 3306 17 23 0.0120992
106 3401 11 18 0.0085269
107 3346 14 14 0.0083682
108 3452 9 10 0.00550406
109 3383 6 5 0.00325155
110 3548 2 8 0.00281849
111 3469 2 10 0.00345921
112 3399 6 8 0.00411886
113 3517 3 5 0.00227467
114 3533 8 13 0.00594396
115 3447 2 19 0.00609225
116 3244 19 25 0.0135635
117 3332 10 25 0.0105042
118 3223 14 38 0.016134
119 3390 20 26 0.0135693
120 3222 22 44 0.0204842
121 3025 35 33 0.0224793
122 3063 37 37 0.0241593
123 3070 37 30 0.0218241
124 3092 46 42 0.0284605
125 3083 49 27 0.0246513
126 3079 56 30 0.0279311
127 3201 36 21 0.0178069
128 3247 25 22 0.0144749
129 3256 25 12 0.0113636
130 3315 17 10 0.0081448
131 3346 14 15 0.00866707
132 3401 7 6 0.00382241
133 3377 9 2 0.00325733
134 3431 6 1 0.00204022
135 3391 6 6 0.00353878
136 3531 8 3 0.00311526
137 3470 14 8 0.00634006
138 3379 13 3 0.00473513
139 3335 26 17 0.0128936
140 3390 23 8 0.00914454
141 3204 35 12 0.0146692
142 3359 25 15 0.0119083
143 3308 48 20 0.0205562
144 3194 32 28 0.0187852
145 3154 39 37 0.0240964
146 3213 32 37 0.0214753
147 3148 36 37 0.0231893
148 3122 26 50 0.0243434
149 3035 34 51 0.0280066
150 3142 23 44 0.021324
151 3254 20 35 0.0169023
152 3263 15 26 0.0125651
153 3312 13 23 0.0108696
154 3250 15 18 0.0101538
155 3432 4 11 0.00437063
156 3458 6 8 0.00404858
157 3480 2 4 0.00172414
158 3517 5 8 0.00369633
159 3289 4 6 0.00304044
160 3410 7 11 0.00527859
161 3454 2 11 0.00376375
162 3366 12 24 0.0106952
163 3215 6 24 0.00933126
164 3262 11 25 0.0110362
165 3285 19 32 0.0155251
166 3147 15 44 0.018748
167 3245 22 33 0.0169492
168 3038 26 45 0.0233706
169 3055 35 36 0.0232406
170 3124 37 33 0.0224072
171 3050 39 28 0.0219672
172 3027 50 26 0.0251074
173 2981 35 33 0.0228111
174 3132 55 20 0.0239464
175 3126 41 11 0.0166347
176 3290 26 18 0.0133739
177 3376 20 12 0.00947867
178 3410 13 7 0.0058651
179 3418 12 7 0.00555881
180 3475 4 4 0.00230216
181 3576 11 6 0.00475391
182 3397 8 4 0.00353253
183 3430 9 5 0.00408163
184 3495 12 4 0.00457797
185 3337 20 9 0.00869044
186 3305 16 4 0.00605144
187 3337 25 10 0.0104885
188 3350 33 18 0.0152239
189 3225 50 18 0.0210853
190 3251 27 15 0.0129191
191 3146 47 23 0.0222505
192 3202 36 20 0.0174891
193 3205 34 33 0.0209048
194 3163 30 39 0.0218147
195 3226 28 48 0.0235586
196 3160 21 48 0.0218354
197 3185 28 36 0.0200942
198 3140 14 56 0.022293
199 3192 19 36 0.0172306
200 3230 10 29 0.0120743
201 3379 8 10 0.00532702
202 3361 10 12 0.00654567
203 3477 3 11 0.00402646
204 3389 8 10 0.0053113
205 3346 6 8 0.0041841
206 3418 3 11 0.00409596
207 3328 5 11 0.00480769
208 3413 7 16 0.00673894
209 3351 3 16 0.00566995
210 3387 6 25 0.00915264
211 3246 16 34 0.0154036
212 3153 17 43 0.0190295
213 3240 19 31 0.0154321
214 3290 16 43 0.0179331
215 3190 20 36 0.0175549
216 3137 29 37 0.0210392
217 3185 30 31 0.0191523
218 3145 38 32 0.0222576
219 3170 53 22 0.0236593
220 3160 39 24 0.0199367
221 3029 49 14 0.0207989
222 3133 46 20 0.0210661
223 3166 33 11 0.0138977
224 3349 22 10 0.00955509
225 3332 15 12 0.00810324
226 3369 13 5 0.00534283
227 3459 13 7 0.00578202
228 3456 7 5 0.00347222
229 3505 9 3 0.00342368
230 3479 11 4 0.00431158
231 3341 15 8 0.00688417
232 3424 15 3 0.00525701
233 3387 24 5 0.00856215
234 3271 25 10 0.0107001
235 3169 48 16 0.0201956
236 3175 34 17 0.016063
237 3141 41 15 0.0178287
238 3299 37 21 0.0175811
239 3161 36 31 0.0211958
240 3203 33 20 0.016547
241 3190 32 28 0.0188088
242 3160 27 35 0.0196203
243 3027 26 52 0.0257681
244 3087 12 55 0.0217039
245 3126 15 48 0.0201536
246 3271 16 31 0.0143687
247 3187 10 31 0.0128648
248 3371 13 24 0.010976
249 3340 6 18 0.00718563
250 3227 7 17 0.00743725
251 3605 6 5 0.00305132
252 3426 2 11 0.00379451
253 3406 6 11 0.00499119
254 3325 5 13 0.00541353
255 3490 3 16 0.00544413
256 3459 5 20 0.00722752
257 3360 9 26 0.0104167
258 3257 17 39 0.0171937
259 3260 16 38 0.0165644
260 3230 11 41 0.0160991
261 3283 15 36 0.0155346
262 3250 23 35 0.0178462
263 3123 22 33 0.0176113
264 3156 29 37 0.0209125
265 3112 30 30 0.0192802
266 3130 38 22 0.0191693
267 3136 53 17 0.0223214
268 3075 55 14 0.022439
269 3216 45 17 0.0192786
270 3205 25 11 0.0112324
271 3235 34 12 0.0142195
272 3362 20 8 0.00832838
273 3282 19 7 0.007922
274 3516 12 7 0.00540387
275 3447 14 3 0.00493182
276 3625 11 3 0.00386207
277 3390 9 5 0.00412979
278 3429 18 4 0.00641586
279 3452 18 4 0.00637312
280 3353 20 10 0.00894721
281 3085 42 15 0.0184765
282 3272 38 7 0.0137531
283 3194 36 14 0.0156544
284 3148 38 14 0.0165184
285 3266 41 22 0.0192897
286 3316 29 21 0.0150784
287 3157 44 15 0.0186886
288 3178 26 25 0.0160478
289 3139 23 32 0.0175215
290 3177 20 49 0.0217186
291 3137 10 48 0.018489
292 3362 16 55 0.0211184
293 3215 13 38 0.0158631
294 3184 12 37 0.0153894
295 3319 9 25 0.010244
296 3422 9 26 0.0102279
297 3358 7 14 0.00625372
298 3498 4 18 0.00628931
299 3323 4 10 0.00421306
300 3281 3 9 0.00365742
301 3322 5 15 0.00602047
302 3371 5 20 0.0074162
303 3343 4 21 0.00747831
304 3206 9 38 0.01466
305 3205 12 38 0.0156006
306 3195 15 36 0.0159624
307 3375 13 37 0.0148148
308 3155 12 41 0.0167987
309 3250 20 30 0.0153846
310 3134 18 44 0.019783
311 3171 20 30 0.0157679
312 3206 26 26 0.0162196
313 3079 38 17 0.0178629
314 3126 50 12 0.0198337
315 3157 46 16 0.0196389
316 3156 53 12 0.0205957
317 3230 44 14 0.0179567
318 3345 30 12 0.0125561
319 3382 27 6 0.00975754
320 3349 23 8 0.00925649
321 3388 19 4 0.00678867
322 3393 12 5 0.00501032
323 3482 7 2 0.00258472
324 3352 16 6 0.00656325
325 3382 18 3 0.00620934
326 3322 20 3 0.00692354
327 3265 34 9 0.01317
328 3206 37 11 0.0149719
329 3162 39 8 0.014864
330 3311 33 14 0.0141951
331 3165 43 13 0.0176935
332 3275 37 14 0.0155725
333 3189 42 13 0.0172468
334 3157 35 18 0.0167881
335 3324 22 18 0.0120337
336 3170 17 31 0.015142
337 3135 16 30 0.014673
338 3006 16 47 0.0209581
339 2941 11 42 0.0180211
340 3055 14 59 0.0238953
341 3085 11 49 0.0194489
342 3269 9 44 0.0162129
343 3312 6 33 0.0117754
344 3449 6 20 0.00753842
345 3344 4 12 0.00478469
346 3296 4 10 0.00424757
347 3346 5 11 0.00478183
348 3311 4 17 0.00634249
349 3509 2 23 0.00712454
350 3340 8 27 0.010479
351 3295 11 34 0.0136571
352 3194 3 46 0.0153413
353 3287 13 31 0.0133861
354 3237 9 44 0.0163732
355 3198 10 38 0.0150094
356 3189 12 44 0.0175604
357 3199 15 33 0.0150047
358 3362 13 27 0.0118977
359 3175 20 15 0.0110236
360 3154 24 18 0.0133164
361 3038 39 17 0.0184332
362 3131 37 11 0.0153306
363 2987 45 13 0.0194175
364 2925 68 14 0.0280342
365 3124 51 8 0.018886
366 3100 41 6 0.0151613
367 3224 33 6 0.0120968
368 3397 25 3 0.00824257
369 3242 15 5 0.00616903
370 3408 14 5 0.00557512
371 3384 15 6 0.00620567
372 3294 18 0 0.00546448
373 3300 25 5 0.00909091
374 3265 34 11 0.0137825
375 3209 42 5 0.0146463
376 3287 36 12 0.014603
377 3214 39 6 0.0140012
378 3262 49 11 0.0183936
379 3272 38 7 0.0137531
380 3331 39 8 0.0141099
381 3173 26 11 0.0116609
382 3332 18 13 0.00930372
383 3154 18 21 0.0123653
384 3186 17 25 0.0131827
385 3181 12 37 0.015404
386 3135 8 38 0.014673
387 3087 16 57 0.0236476
388 3060 10 58 0.0222222
389 3046 6 63 0.0226527
390 3344 6 40 0.013756
391 3216 4 40 0.0136816
392 3278 3 17 0.00610128
393 3508 5 16 0.00598632
394 3198 3 20 0.00719199
395 3520 4 18 0.00625
396 3367 4 21 0.00742501
397 3317 7 29 0.0108532
398 3333 5 43 0.0144014
399 3355 7 40 0.0140089
400 3229 7 35 0.0130071
401 3170 15 47 0.0195584
402 3329 7 43 0.0150195
403 3188 6 36 0.0131744
404 3297 6 29 0.0106157
405 3255 10 20 0.00921659
406 3302 13 20 0.00999394
407 3236 16 15 0.00957973
408 3269 23 15 0.0116243
409 3169 31 9 0.0126223
410 2974 44 16 0.0201748
411 2887 53 8 0.0211292
412 2919 66 6 0.024666
413 3150 59 7 0.0209524
414 3132 45 4 0.015645
415 3138 35 3 0.0121096
416 3404 30 5 0.010282
417 3376 19 3 0.00651659
418 3273 20 6 0.00794378
419 3263 27 3 0.00919399
420 3306 23 5 0.00846945
421 3284 38 2 0.0121803
422 3242 44 5 0.0151141
423 3396 40 8 0.0141343
424 3263 47 10 0.0174686
425 3248 39 10 0.0150862
426 3278 37 5 0.0128127
427 3196 35 2 0.011577
428 3434 22 8 0.00873617
429 3400 20 7 0.00794118
430 3359 16 18 0.0101221
431 3304 13 17 0.0090799
432 3193 10 11 0.00657689
433 3032 16 26 0.0138522
434 3034 8 32 0.0131839
435 2965 8 63 0.023946
436 3022 5 68 0.0241562
437 2971 5 60 0.0218782
438 3271 4 62 0.0201773
439 3190 4 46 0.015674
440 3333 4 23 0.00810081
441 3317 6 26 0.00964727
442 3378 4 27 0.00917703
443 3328 4 22 0.0078125
444 3287 2 36 0.0115607
445 3243 4 41 0.013876
446 3351 7 48 0.016413
447 3273 8 43 0.015582
448 3221 8 44 0.0161441
449 3301 5 39 0.0133293
450 3254 3 36 0.0119852
451 3332 5 22 0.00810324
452 3409 2 19 0.00616016
453 3233 9 20 0.00897
454 3418 9 13 0.00643651
455 3303 10 9 0.00575235
456 3256 13 15 0.00859951
457 3138 18 11 0.00924156
458 3027 36 8 0.0145358
459 2964 63 5 0.022942
460 2997 61 4 0.0216884
461 2881 66 4 0.0242971
462 3079 82 4 0.0279311
463 3271 49 2 0.0155916
464 3297 35 8 0.0130422
465 3442 30 5 0.0101685
466 3343 22 4 0.00777745
467 3283 35 3 0.0115748
468 3241 45 2 0.0145017
469 3185 52 6 0.0182104
470 3242 34 6 0.0123381
471 3290 46 8 0.0164134
472 3290 43 6 0.0148936
473 3288 37 1 0.0115572
474 3456 23 5 0.00810185
475 3257 22 4 0.00798281
476 3432 18 3 0.00611888
477 3353 15 7 0.00656129
478 3370 9 7 0.00474777
479 3323 17 3 0.00601866
480 3189 12 8 0.00627156
481 3185 7 22 0.00910518
482 3049 5 30 0.0114792
483 2941 5 43 0.016321
484 2885 3 58 0.0211438
485 2763 4 92 0.0347448
486 3099 1 78 0.0254921
487 3040 7 77 0.0276316
488 3255 5 37 0.0129032
489 3332 5 33 0.0114046
490 3222 3 33 0.0111732
491 3305 4 48 0.0157337
492 3297 2 44 0.0139521
493 3271 6 36 0.0128401
494 3252 7 48 0.0169127
495 3258 7 47 0.0165746
496 3248 1 40 0.0126232
497 3433 2 26 0.00815613
498 3411 3 21 0.00703606
499 3409 3 18 0.00616016
500 3366 3 17 0.00594177
501 3493 6 9 0.0042943
502 3447 1 17 0.00522193
503 3370 1 11 0.00356083
504 3309 11 6 0.0051375
505 3166 13 7 0.00631712
506 3159 18 6 0.00759734
507 2905 35 2 0.0127367
508 2849 50 5 0.019305
509 2670 97 1 0.0367041
510 2614 110 5 0.0439939
511 3062 80 7 0.0284128
512 3247 53 3 0.0172467
513 3311 37 4 0.012383
514 3264 51 4 0.0168505
515 3300 52 2 0.0163636
516 3254 34 2 0.0110633
517 3238 50 6 0.0172946
518 3253 50 4 0.0166001
519 3322 40 9 0.0147502
520 3418 27 2 0.00848449
521 3389 26 3 0.0085571
522 3458 18 0 0.00520532
523 3436 18 1 0.00552969
524 3399 7 0 0.00205943
525 3414 17 2 0.00556532
526 3470 13 2 0.00432277
527 3285 5 4 0.00273973
528 3445 7 7 0.00406386
529 3272 5 8 0.00397311
530 3286 4 17 0.00639075
531 3193 5 19 0.00751644
532 2839 1 43 0.0154984
533 2548 4 73 0.0302198
534 2638 6 109 0.0435936
535 2790 4 109 0.0405018
536 3177 2 85 0.0273843
537 3125 4 62 0.02112
538 3205 2 60 0.0193448
539 3264 2 41 0.013174
540 3170 4 54 0.0182965
541 3368 5 51 0.0166271
542 3283 3 42 0.013707
543 3292 6 33 0.0118469
544 3351 2 19 0.00626679
545 3365 1 22 0.00683507
546 3333 1 20 0.00630063
547 3440 1 7 0.00232558
548 3333 3 17 0.0060006
549 3430 3 13 0.00466472
550 3452 0 5 0.00144844
551 3434 1 8 0.00262085
552 3358 4 5 0.00268017
553 3271 7 5 0.0036686
554 3397 8 5 0.00382691
555 3130 14 1 0.00479233
556 3030 27 4 0.010231
557 2655 42 4 0.0173258
558 2388 99 5 0.0435511
559 2633 133 2 0.0512723
560 2769 117 3 0.0433369
561 3073 104 0 0.0338432
562 3223 68 4 0.0223394
563 3242 51 1 0.0160395
564 3323 59 6 0.0195606
565 3280 43 3 0.0140244
566 3319 37 3 0.0120518
567 3428 21 5 0.0075846
568 3359 21 0 0.00625186
569 3422 23 1 0.00701344
570 3497 7 2 0.00257363
571 3516 18 5 0.00654152
572 3379 14 1 0.00443918
573 3413 5 1 0.00175798
574 3438 5 2 0.00203607
575 3424 7 0 0.00204439
576 3484 6 1 0.00200918
577 3451 5 2 0.0020284
578 3439 1 8 0.00261704
579 3435 4 5 0.00262009
580 3128 4 10 0.0044757
581 2787 5 36 0.0147112
582 2579 1 58 0.0228771
583 2323 3 88 0.0391735
584 2275 1 172 0.076044
585 2608 1 167 0.0644172
586 3057 2 102 0.0340203
587 3202 4 72 0.0237352
588 3322 4 46 0.0150512
589 3291 2 42 0.0133698
590 3416 4 25 0.00848946
591 3393 3 20 0.00677866
592 3212 2 24 0.00809465
593 3549 0 8 0.00225416
594 3442 2 18 0.00581058
595 3449 0 15 0.00434909
596 3392 1 5 0.00176887
597 3460 0 5 0.00144509
598 3405 2 5 0.0020558
599 3343 3 8 0.00329046
600 3347 1 5 0.00179265
601 3408 1 1 0.000586854
602 3466 2 4 0.0017311
603 3497 2 4 0.00171576
604 3264 10 5 0.00459559
605 3240 12 1 0.00401235
606 2940 31 3 0.0115646
607 2392 70 0 0.0292642
608 1948 128 1 0.0662218
609 2129 213 2 0.100986
610 2495 175 3 0.0713427
611 3114 94 3 0.0311496
612 3240 63 2 0.0200617
613 3325 33 1 0.0102256
614 3347 23 3 0.00776815
615 3336 21 3 0.00719424
616 3424 10 1 0.00321262
617 3467 18 2 0.00576868
618 3426 15 2 0.00496205
619 3410 6 0 0.00175953
620 3501 5 0 0.00142816
621 3482 5 2 0.00201034
622 3321 8 0 0.00240891
623 3630 5 1 0.00165289
624 3416 0 0 0
625 3417 5 0 0.00146327
626 3484 3 0 0.000861079
627 3479 5 0 0.00143719
628 3454 2 3 0.0014476
629 3208 3 6 0.00280549
630 3103 0 13 0.00418949
631 2618 1 27 0.0106952
632 1941 2 71 0.0376095
633 1592 1 165 0.104271
634 1904 5 262 0.140231
635 2659 1 200 0.0755923
636 3047 1 83 0.0275681
637 3588 1 29 0.0083612
638 3474 0 19 0.0054692
639 3357 0 15 0.00446828
640 3477 3 18 0.00603969
641 3311 1 16 0.0051344
642 3477 1 5 0.00172563
643 3471 1 5 0.00172861
644 3375 1 5 0.00177778
645 3447 2 9 0.00319118
646 3452 0 5 0.00144844
647 3433 2 0 0.000582581
648 3565 1 4 0.00140252
649 3433 0 4 0.00116516
650 3379 0 5 0.00147973
651 3439 0 2 0.000581564
652 3604 0 3 0.000832408
653 3369 2 0 0.000593648
654 3393 2 1 0.000884173
655 3176 8 2 0.00314861
656 2505 20 1 0.00838323
657 1728 50 3 0.0306713
658 1130 132 2 0.118584
659 1321 255 0 0.193036
660 2084 282 0 0.135317
661 3048 110 1 0.0364173
662 3422 32 0 0.00935126
663 3447 17 2 0.00551204
664 3460 18 0 0.00520231
665 3471 5 0 0.00144051
666 3523 4 1 0.00141924
667 3462 6 0 0.0017331
668 3433 8 0 0.00233032
669 3479 7 0 0.00201207
670 3425 0 0 0
671 3449 4 2 0.00173963
672 3351 3 1 0.00119367
673 3353 6 1 0.00208768
674 3374 2 0 0.000592768
675 3462 3 0 0.000866551
676 3321 0 0 0
677 3497 0 1 0.000285959
678 3367 3 0 0.000891001
679 3336 1 1 0.00059952
680 3226 3 2 0.00154991
681 2808 2 8 0.00356125
682 1913 0 24 0.0125457
683 956 0 74 0.0774059
684 821 0 194 0.236297
685 1417 0 333 0.235004
686 2508 0 229 0.0913078
687 3268 0 59 0.0180539
688 3384 0 14 0.00413712
689 3444 0 4 0.00116144
690 3431 0 6 0.00174876
691 3468 0 7 0.00201845
692 3461 0 9 0.0026004
693 3489 0 0 0
694 3414 0 4 0.00117165
695 3492 0 3 0.000859107
696 3497 0 6 0.00171576
697 3471 0 2 0.000576203
698 3431 0 3 0.000874381
699 3441 0 0 0
700 3475 0 0 0
701 3659 0 1 0.000273299
702 3482 0 3 0.000861574
703 3499 0 3 0.000857388
704 3437 0 2 0.000581903
705 3414 0 0 0
706 3115 0 0 0
707 2498 0 0 0
708 1228 0 0 0
709 443 0 0 0
710 259 0 0 0
711 206 0 0 0
712 191 0 0 0
713 148 0 0 0
714 126 0 0 0
715 91 0 0 0
716 89 0 0 0
717 88 0 0 0
718 64 0 0 0
719 55 0 0 0
720 42 0 0 0
721 33 0 0 0
722 30 0 0 0
723 33 0 0 0
724 32 0 0 0
725 19 0 0 0
726 11 0 0 0
727 0 0 0 0
728 0 0 0 0
729 0 0 0 0
730 0 0 0 0
731 0 0 0 0
732 0 0 0 0
733 0 0 0 0
734 0 0 0 0
735 0 0 0 0
736 0 0 0 0
