26 2
41 162
53 1
73 56
77 57
101 85
119 51
123 52
148 85
165 61
194 83
197 82
211 56
242 87
257 54
290 97
303 48
309 54
339 112
351 55
373 16
386 119
400 59
423 22
434 151
444 58
463 10
470 13
484 190
491 60
509 7
517 13
533 253
556 6
563 10
570 7
583 349
598 8
599 5
613 9
632 530
644 9
647 5
656 5
670 11
683 758
690 9
695 6
697 3
702 3
9261 1459349024
9265 1459349168
9268 32767
9273 1459349024
9276 32767
9281 1459349216
9287 1459349932
9296 1078008493
9305 1459349216
9309 1459349816
9315 1459349752
9319 1459351420
9320 32767
9327 1459351420
9333 1459349880
9339 1459349848
9343 1459351419
9353 1459350384
9357 1459350768
9362 524288
9365 1
9369 1459351420
9370 32767
9381 1459350856
9386 7
9389 1
9393 1459351419
9394 32767
9402 1
9415 1459349716
9423 2026584188
9429 2026584184
9433 2026584160
9439 2026587512
9445 1459349744
9449 2061214480
9456 32708
9461 1459349856
9464 32767
9467 100
9475 1459349784
9489 1459350368
9495 1459349864
9501 1459353928
9507 147115226
9519 1659445000
9523 1659453424
9531 1659273354
9535 1659445000
9539 1659450152
9547 1659273354
9551 1659453424
9555 1659453424
9557 1659416752
9563 1659445000
9571 1659445000
9579 1459350416
9583 1659298403
9589 2026584160
9593 147139608
9599 1659445000
9603 1659304473
9609 1659372208
9615 1659445000
9621 1659416752
9625 147139337
9629 1659453424
9637 1940
9643 1659219365
9649 1459350832
9653 2026587512
9659 2026587512
9671 1659445000
9675 1659450000
9683 1659273354
9687 1659450000
9691 1659450000
9703 1659445000
9707 1659450000
9711 147138304
9723 1659445000
9727 1659450000
9735 1659273354
9739 1659450000
9743 1659450000
9745 1659416752
9751 1659445000
9759 1659445000
9767 1459351168
9771 1659298403
9777 1659372208
9781 147139608
9787 1659445000
9791 1659304473
9801 1459351184
9805 1459351328
9808 32767
9813 1459351184
9816 32767
9821 1459351376
9827 1459352092
9831 1659219365
9836 1079057197
9841 1459354336
9845 1459351376
9849 1459351976
9855 1459351912
9859 1459353580
9860 32767
9867 1459353580
9873 1459351488
9877 1459352056
9883 1459352024
9887 1459353595
9897 1459352560
9901 1459351600
9905 1459351616
9909 1459352184
9915 1459352152
9919 1459353723
9929 1459352688
9932 32767
9937 1459353595
9938 32767
9946 1
9953 1459353144
9957 1459353160
9961 1
9965 1
9969 1459353723
9970 32767
9978 1
9979 1
9987 4
9993 1459353720
