3 502
7 502
10 502
13 502
34 840
53 498
60 500
95 545
108 501
143 562
150 498
191 590
239 623
287 659
334 703
381 753
429 797
477 845
526 896
574 923
625 950
675 974
9293 1459349024
9297 1459349168
9300 32767
9305 1459349024
9308 32767
9313 1459349216
9319 1459349932
9328 1078008493
9337 1459349216
9341 1459349816
9347 1459349752
9351 1459351420
9352 32767
9359 1459351420
9365 1459349880
9371 1459349848
9375 1459351419
9385 1459350384
9389 1459350768
9394 524288
9397 1
9401 1459351420
9402 32767
9413 1459350856
9418 7
9421 1
9425 1459351419
9426 32767
9434 1
9447 1459349716
9455 2026584188
9461 2026584184
9465 2026584160
9471 2026587512
9477 1459349744
9481 2061214480
9488 32708
9493 1459349856
9496 32767
9499 100
9507 1459349784
9521 1459350368
9527 1459349864
9533 1459353928
9539 147115226
9551 1659445000
9555 1659453424
9563 1659273354
9567 1659445000
9571 1659450152
9579 1659273354
9583 1659453424
9587 1659453424
9589 1659416752
9595 1659445000
9603 1659445000
9611 1459350416
9615 1659298403
9621 2026584160
9625 147139608
9631 1659445000
9635 1659304473
9641 1659372208
9647 1659445000
9653 1659416752
9657 147139337
9661 1659453424
9669 1940
9675 1659219365
9681 1459350832
9685 2026587512
9691 2026587512
9703 1659445000
9707 1659450000
9715 1659273354
9719 1659450000
9723 1659450000
9735 1659445000
9739 1659450000
9743 147138304
9755 1659445000
9759 1659450000
9767 1659273354
9771 1659450000
9775 1659450000
9777 1659416752
9783 1659445000
9791 1659445000
9799 1459351168
9803 1659298403
9809 1659372208
9813 147139608
9819 1659445000
9823 1659304473
9829 1659372208
9835 1659445000
9841 1659416752
9845 147138926
9849 1659450000
9857 1529
9863 1659219365
9869 1459351584
9873 1459354336
9875 147121752
9885 1459354336
9889 1769234802
9901 1459351472
9905 1459351488
9909 1459352056
9915 1459352024
9919 1459353595
9929 1459352560
9932 32767
9939 1459354336
9953 1459353016
9957 1459353032
9961 1
9965 1
9969 1459353595
9970 32767
9978 1
9979 1
9987 4
9993 1459353592
