9801 223558070
9809 1383005008
9813 1383005152
9816 32767
9821 1383005008
9825 1925227834
9829 1383005200
9835 1383005916
9839 1755008776
9843 1130254552
9849 223558070
9853 1383005200
9857 1383005800
9863 1383005736
9867 1383007404
9868 32767
9875 1383007404
9881 1383005864
9889 1383008120
9901 1383005392
9905 1383005960
9911 1383005928
9915 1383007499
9925 1383006464
9929 1383006840
9934 7
9937 1
9941 1383007403
9942 32767
9953 1383006936
9955 1
9961 1
9965 1383007499
9966 32767
9974 1
9983 4
9989 1383007496
9999 1946169344
