9799 1755013776
9803 1755013776
9805 1754980528
9811 1755008776
9819 1755008776
9827 1383005104
9831 1754862179
9837 1754935984
9841 223558728
9847 1755008776
9851 1754868249
9857 1754935984
9863 1755008776
9869 1754980528
9873 223558070
9877 1755013776
9885 1529
9891 1754783141
9897 1383005520
9901 1383005296
9905 1383005864
9913 1383008120
9925 1383006368
9928 32767
9931 0
9937 0
9944 539959472
9947 0
9953 1383006840
9961 1
9965 1383007403
9966 32767
9974 1
9975 1
9983 4
9989 1383007400
9993 1383007704
9999 1383007704
