9801 145766838
9809 1460796240
9813 1460796384
9816 32767
9821 1460796240
9825 29404890
9829 1460796432
9835 1460797148
9839 1866034952
9843 1130254552
9849 145766838
9853 1460796432
9857 1460797032
9863 1460796968
9867 1460798636
9868 32767
9875 1460798636
9881 1460797096
9889 1460799352
9901 1460796624
9905 1460797192
9911 1460797160
9915 1460798731
9925 1460797696
9929 1460798072
9934 7
9937 1
9941 1460798635
9942 32767
9953 1460798168
9955 1
9961 1
9965 1460798731
9966 32767
9974 1
9983 4
9989 1460798728
9999 41955328
