9799 1866039952
9803 1866039952
9805 1866006704
9811 1866034952
9819 1866034952
9827 1460796336
9831 1865888355
9837 1865962160
9841 145767496
9847 1866034952
9851 1865894425
9857 1865962160
9863 1866034952
9869 1866006704
9873 145766838
9877 1866039952
9885 1529
9891 1865809317
9897 1460796752
9901 1460796528
9905 1460797096
9913 1460799352
9925 1460797600
9928 32767
9931 0
9937 0
9944 539959472
9947 0
9953 1460798072
9961 1
9965 1460798635
9966 32767
9974 1
9975 1
9983 4
9989 1460798632
9993 1460798936
9999 1460798936
