1 456 455 0 0 0.456
2 502 463 0 0 0.502
3 524 392 0 0 0.524
4 581 252 0 0 0.581
5 704 96 0 0 0.704
6 861 22 0 0 0.861
7 927 3 0 0 0.927
8 873 3 0 0 0.873
9 736 1 0 0 0.736
10 599 2 0 0 0.599
11 457 3 0 0 0.457
12 334 4 0 0 0.334
13 236 10 0 0 0.236
14 132 20 0 0 0.132
15 75 55 0 0 0.075
16 31 146 0 0 0.031
17 14 346 0 0 0.014
18 2 650 0 0 0.002
19 2 753 0 0 0.002
20 1 563 0 0 0.001
21 2 245 0 0 0.002
22 6 43 0 0 0.006
23 25 10 0 0 0.025
24 75 0 0 0 0.075
25 200 0 0 0 0.2
26 451 0 0 0 0.451
27 672 0 0 0 0.672
28 657 0 0 0 0.657
29 401 0 0 0 0.401
30 134 0 0 0 0.134
31 19 0 0 0 0.019
32 5 0 0 0 0.005
33 0 0 0 0 0
34 0 0 0 0 0
35 0 0 0 0 0
36 0 0 0 0 0
37 0 0 0 0 0
38 0 0 0 0 0
39 0 0 0 0 0
40 0 0 0 0 0
41 0 0 0 0 0
42 0 0 0 0 0
43 0 0 0 0 0
