1 0 6 0 0 0
2 0 28 0 0 0
3 0 95 0 0 0
4 0 220 0 0 0
5 4 331 0 0 0.004
6 11 329 0 0 0.011
7 42 256 0 0 0.042
8 118 177 0 0 0.118
9 260 114 0 0 0.26
10 399 73 0 0 0.399
11 539 36 0 0 0.539
12 662 15 0 0 0.662
13 753 7 0 0 0.753
14 846 4 0 0 0.846
15 866 5 0 0 0.866
16 811 12 0 0 0.811
17 603 37 0 0 0.603
18 261 87 0 0 0.261
19 43 202 0 0 0.043
20 11 425 0 0 0.011
21 0 753 0 0 0
22 4 947 0 0 0.004
23 4 961 0 0 0.004
24 13 912 0 0 0.013
25 33 767 0 0 0.033
26 86 463 0 0 0.086
27 179 149 0 0 0.179
28 318 25 0 0 0.318
29 592 7 0 0 0.592
30 864 2 0 0 0.864
31 979 2 0 0 0.979
32 993 2 0 0 0.993
33 998 2 0 0 0.998
34 998 2 0 0 0.998
35 998 2 0 0 0.998
36 998 2 0 0 0.998
37 998 2 0 0 0.998
38 998 2 0 0 0.998
39 998 2 0 0 0.998
40 998 2 0 0 0.998
41 998 2 0 0 0.998
42 998 2 0 0 0.998
43 998 2 0 0 0.998
