1 2083 155 158 0.150264
2 3257 46 32 0.0239484
3 3364 22 4 0.00772889
4 3235 57 0 0.0176198
5 2966 127 0 0.0428186
6 2798 165 1 0.0593281
7 3047 97 0 0.0318346
8 3372 23 1 0.00711744
9 3028 5 0 0.00165125
10 2576 3 1 0.0015528
11 2165 0 2 0.000923788
12 1566 1 1 0.00127714
13 1251 0 7 0.00559552
14 838 1 12 0.0155131
15 508 1 38 0.0767717
16 471 0 99 0.210191
17 644 0 225 0.349379
18 1322 0 354 0.267776
19 2272 1 219 0.096831
20 2651 0 33 0.0124481
21 1904 1 11 0.00630252
22 891 8 0 0.00897868
23 168 20 1 0.125
24 125 59 0 0.472
25 250 145 0 0.58
26 706 304 0 0.430595
27 1567 314 0 0.200383
28 2316 124 0 0.0535406
29 2320 18 0 0.00775862
30 1424 5 0 0.00351124
31 460 0 0 0
32 58 0 0 0
33 12 0 0 0
34 0 0 0 0
35 0 0 0 0
36 0 0 0 0
37 0 0 0 0
38 0 0 0 0
39 0 0 0 0
40 0 0 0 0
41 0 0 0 0
42 0 0 0 0
43 0 0 0 0
