15 866
33 998
36 998
39 998
42 998
9261 1404425776
9265 1404425920
9268 32767
9273 1404425776
9276 32767
9281 1404425968
9287 1404426684
9296 1070491408
9299 1
9305 1404425968
9309 1404426568
9315 1404426504
9319 1404428172
9320 32767
9327 1404428172
9333 1404426632
9339 1404426600
9343 1404428171
9353 1404427136
9357 1404427520
9362 524288
9365 1
9369 1404428172
9370 32767
9381 1404427608
9386 7
9389 1
9393 1404428171
9394 32767
9402 1
9415 1404426468
9423 2026584188
9429 2026584184
9433 2026584160
9439 2026587512
9445 1404426496
9449 2061214480
9456 32712
9461 1404426608
9464 32767
9467 100
9475 1404426536
9489 1404427120
9495 1404426616
9501 1404430680
9507 202038486
9519 1779150600
9523 1779159024
9531 1778978954
9535 1779150600
9539 1779155752
9547 1778978954
9551 1779159024
9555 1779159024
9557 1779122352
9563 1779150600
9571 1779150600
9579 1404427168
9583 1779004003
9589 2026584160
9593 202062872
9599 1779150600
9603 1779010073
9609 1779077808
9615 1779150600
9621 1779122352
9625 202062601
9629 1779159024
9637 1940
9643 1778924965
9649 1404427584
9653 2026587512
9659 2026587512
9671 1779150600
9675 1779155600
9683 1778978954
9687 1779155600
9691 1779155600
9703 1779150600
9707 1779155600
9711 202061568
9723 1779150600
9727 1779155600
9735 1778978954
9739 1779155600
9743 1779155600
9745 1779122352
9751 1779150600
9759 1779150600
9767 1404427920
9771 1779004003
9777 1779077808
9781 202062872
9787 1779150600
9791 1779010073
9801 1404427936
9805 1404428080
9808 32767
9813 1404427936
9816 32767
9821 1404428128
9827 1404428844
9831 1778924965
9836 1079224400
9841 1404431088
9845 1404428128
9849 1404428728
9855 1404428664
9859 1404430332
9860 32767
9867 1404430332
9873 1404428240
9877 1404428808
9883 1404428776
9887 1404430347
9897 1404429312
9901 1404428352
9905 1404428368
9909 1404428936
9915 1404428904
9919 1404430475
9929 1404429440
9932 32767
9937 1404430347
9938 32767
9946 1
9953 1404429896
9957 1404429912
9961 1
9965 1
9969 1404430475
9970 32767
9978 1
9979 1
9987 4
9993 1404430472
