7 927
27 672
9293 1404425776
9297 1404425920
9300 32767
9305 1404425776
9308 32767
9313 1404425968
9319 1404426684
9328 1070491408
9331 1
9337 1404425968
9341 1404426568
9347 1404426504
9351 1404428172
9352 32767
9359 1404428172
9365 1404426632
9371 1404426600
9375 1404428171
9385 1404427136
9389 1404427520
9394 524288
9397 1
9401 1404428172
9402 32767
9413 1404427608
9418 7
9421 1
9425 1404428171
9426 32767
9434 1
9447 1404426468
9455 2026584188
9461 2026584184
9465 2026584160
9471 2026587512
9477 1404426496
9481 2061214480
9488 32712
9493 1404426608
9496 32767
9499 100
9507 1404426536
9521 1404427120
9527 1404426616
9533 1404430680
9539 202038486
9551 1779150600
9555 1779159024
9563 1778978954
9567 1779150600
9571 1779155752
9579 1778978954
9583 1779159024
9587 1779159024
9589 1779122352
9595 1779150600
9603 1779150600
9611 1404427168
9615 1779004003
9621 2026584160
9625 202062872
9631 1779150600
9635 1779010073
9641 1779077808
9647 1779150600
9653 1779122352
9657 202062601
9661 1779159024
9669 1940
9675 1778924965
9681 1404427584
9685 2026587512
9691 2026587512
9703 1779150600
9707 1779155600
9715 1778978954
9719 1779155600
9723 1779155600
9735 1779150600
9739 1779155600
9743 202061568
9755 1779150600
9759 1779155600
9767 1778978954
9771 1779155600
9775 1779155600
9777 1779122352
9783 1779150600
9791 1779150600
9799 1404427920
9803 1779004003
9809 1779077808
9813 202062872
9819 1779150600
9823 1779010073
9829 1779077808
9835 1779150600
9841 1779122352
9845 202062190
9849 1779155600
9857 1529
9863 1778924965
9869 1404428336
9873 1404431088
9875 202045016
9885 1404431088
9889 1769234802
9901 1404428224
9905 1404428240
9909 1404428808
9915 1404428776
9919 1404430347
9929 1404429312
9932 32767
9939 1404431088
9953 1404429768
9957 1404429784
9961 1
9965 1
9969 1404430347
9970 32767
9978 1
9979 1
9987 4
9993 1404430344
