1 79 63 51 0.51 0.79
2 91 52 48 0.48 0.91
3 80 49 32 0.32 0.8
4 56 59 23 0.23 0.56
5 51 66 26 0.26 0.51
6 45 62 25 0.25 0.45
7 45 52 16 0.16 0.45
8 46 48 19 0.19 0.46
9 43 45 17 0.17 0.43
10 42 41 13 0.13 0.42
11 43 44 15 0.15 0.43
12 44 43 19 0.19 0.44
13 43 34 10 0.1 0.43
14 45 33 16 0.16 0.45
15 42 36 14 0.14 0.42
16 31 36 9 0.09 0.31
17 27 41 5 0.05 0.27
18 32 39 13 0.13 0.32
19 36 30 14 0.14 0.36
20 36 31 9 0.09 0.36
21 35 29 10 0.1 0.35
22 33 30 9 0.09 0.33
23 30 29 8 0.08 0.3
24 30 35 14 0.14 0.3
25 28 32 7 0.07 0.28
26 30 26 7 0.07 0.3
27 35 27 10 0.1 0.35
28 31 27 9 0.09 0.31
29 25 35 8 0.08 0.25
30 23 32 7 0.07 0.23
31 29 29 9 0.09 0.29
32 27 26 6 0.06 0.27
33 25 22 5 0.05 0.25
34 33 19 4 0.04 0.33
35 28 22 5 0.05 0.28
36 31 27 8 0.08 0.31
37 30 28 7 0.07 0.3
38 27 32 6 0.06 0.27
39 24 32 8 0.08 0.24
40 21 31 4 0.04 0.21
41 22 23 3 0.03 0.22
42 26 19 5 0.05 0.26
43 29 16 5 0.05 0.29
44 24 18 3 0.03 0.24
45 16 21 8 0.08 0.16
46 15 23 2 0.02 0.15
47 16 22 4 0.04 0.16
48 19 19 6 0.06 0.19
49 24 17 4 0.04 0.24
50 21 21 4 0.04 0.21
51 21 20 8 0.08 0.21
52 20 25 2 0.02 0.2
53 22 25 6 0.06 0.22
54 22 23 2 0.02 0.22
55 25 24 5 0.05 0.25
56 24 22 4 0.04 0.24
57 19 16 0 0 0.19
58 15 20 2 0.02 0.15
59 17 22 4 0.04 0.17
60 16 20 4 0.04 0.16
61 19 18 3 0.03 0.19
62 19 18 3 0.03 0.19
63 23 19 3 0.03 0.23
64 15 18 2 0.02 0.15
65 13 16 2 0.02 0.13
66 10 19 3 0.03 0.1
67 11 19 1 0.01 0.11
68 20 20 9 0.09 0.2
69 21 15 2 0.02 0.21
70 27 16 3 0.03 0.27
71 20 21 6 0.06 0.2
72 17 24 5 0.05 0.17
73 13 20 0 0 0.13
74 17 19 5 0.05 0.17
75 14 9 0 0 0.14
76 12 9 0 0 0.12
77 12 8 1 0.01 0.12
78 7 11 0 0 0.07
79 11 12 1 0.01 0.11
80 10 14 1 0.01 0.1
81 15 13 2 0.02 0.15
82 10 9 0 0 0.1
83 10 13 0 0 0.1
84 8 16 2 0.02 0.08
85 11 12 3 0.03 0.11
86 12 9 1 0.01 0.12
87 16 8 0 0 0.16
88 13 7 1 0.01 0.13
89 12 9 3 0.03 0.12
90 13 5 0 0 0.13
91 9 5 0 0 0.09
92 4 4 0 0 0.04
93 2 9 1 0.01 0.02
94 1 9 0 0 0.01
95 2 9 0 0 0.02
96 4 7 2 0.02 0.04
97 3 5 0 0 0.03
98 7 4 0 0 0.07
99 7 7 2 0.02 0.07
100 9 4 1 0.01 0.09
101 13 4 0 0 0.13
102 12 5 2 0.02 0.12
103 11 10 3 0.03 0.11
104 7 11 0 0 0.07
105 8 14 1 0.01 0.08
106 10 14 1 0.01 0.1
107 10 16 2 0.02 0.1
108 14 17 5 0.05 0.14
109 15 9 2 0.02 0.15
110 13 6 0 0 0.13
111 16 6 2 0.02 0.16
112 14 6 0 0 0.14
113 9 10 0 0 0.09
114 8 15 2 0.02 0.08
115 7 15 1 0.01 0.07
116 9 17 1 0.01 0.09
117 10 17 2 0.02 0.1
118 11 10 1 0.01 0.11
119 10 8 2 0.02 0.1
120 15 12 1 0.01 0.15
121 16 13 3 0.03 0.16
122 16 10 3 0.03 0.16
123 12 5 0 0 0.12
124 11 5 1 0.01 0.11
125 8 7 0 0 0.08
126 7 7 2 0.02 0.07
127 6 10 0 0 0.06
128 5 9 0 0 0.05
129 8 9 0 0 0.08
130 10 5 2 0.02 0.1
131 9 12 1 0.01 0.09
132 5 13 1 0.01 0.05
133 4 15 0 0 0.04
134 4 17 1 0.01 0.04
135 3 8 1 0.01 0.03
136 6 5 0 0 0.06
137 13 4 1 0.01 0.13
138 11 2 0 0 0.11
139 8 3 0 0 0.08
140 8 1 0 0 0.08
141 6 0 0 0 0.06
142 2 0 0 0 0.02
143 5 0 0 0 0.05
144 5 0 0 0 0.05
145 2 0 0 0 0.02
146 2 0 0 0 0.02
147 1 0 0 0 0.01
148 0 0 0 0 0
149 0 0 0 0 0
150 0 0 0 0 0
151 0 0 0 0 0
152 0 0 0 0 0
153 0 0 0 0 0
154 0 0 0 0 0
155 0 0 0 0 0
156 0 0 0 0 0
157 0 0 0 0 0
158 0 0 0 0 0
