1 1 22 0 0 0.01
2 4 33 0 0 0.04
3 15 28 0 0 0.15
4 30 14 1 0.01 0.3
5 22 17 2 0.02 0.22
6 29 24 5 0.05 0.29
7 25 28 5 0.05 0.25
8 29 26 8 0.08 0.29
9 28 30 8 0.08 0.28
10 31 31 8 0.08 0.31
11 29 25 8 0.08 0.29
12 29 36 8 0.08 0.29
13 27 33 8 0.08 0.27
14 35 21 8 0.08 0.35
15 40 25 8 0.08 0.4
16 40 28 8 0.08 0.4
17 31 28 8 0.08 0.31
18 28 35 8 0.08 0.28
19 30 39 8 0.08 0.3
20 35 34 8 0.08 0.35
21 37 30 8 0.08 0.37
22 38 31 8 0.08 0.38
23 38 31 9 0.09 0.38
24 37 33 9 0.09 0.37
25 34 39 9 0.09 0.34
26 38 38 9 0.09 0.38
27 32 34 9 0.09 0.32
28 45 30 9 0.09 0.45
29 46 26 9 0.09 0.46
30 39 37 10 0.1 0.39
31 39 32 10 0.1 0.39
32 40 38 11 0.11 0.4
33 41 37 11 0.11 0.41
34 39 36 12 0.12 0.39
35 53 24 12 0.12 0.53
36 43 32 12 0.12 0.43
37 46 34 12 0.12 0.46
38 43 29 12 0.12 0.43
39 41 40 12 0.12 0.41
40 36 37 12 0.12 0.36
41 39 45 12 0.12 0.39
42 34 48 13 0.13 0.34
43 50 38 13 0.13 0.5
44 50 29 14 0.14 0.5
45 56 36 14 0.14 0.56
46 50 38 14 0.14 0.5
47 40 44 14 0.14 0.4
48 39 50 14 0.14 0.39
49 41 50 14 0.14 0.41
50 41 41 14 0.14 0.41
51 48 43 14 0.14 0.48
52 48 35 14 0.14 0.48
53 38 42 14 0.14 0.38
54 42 37 14 0.14 0.42
55 41 48 14 0.14 0.41
56 39 38 14 0.14 0.39
57 40 48 14 0.14 0.4
58 45 43 14 0.14 0.45
59 37 47 14 0.14 0.37
60 40 48 14 0.14 0.4
61 37 48 14 0.14 0.37
62 42 46 14 0.14 0.42
63 43 40 14 0.14 0.43
64 53 40 14 0.14 0.53
65 50 41 15 0.15 0.5
66 47 48 15 0.15 0.47
67 40 51 15 0.15 0.4
68 35 55 15 0.15 0.35
69 44 51 15 0.15 0.44
70 40 42 15 0.15 0.4
71 52 36 16 0.16 0.52
72 54 40 16 0.16 0.54
73 50 40 16 0.16 0.5
74 45 43 16 0.16 0.45
75 55 47 16 0.16 0.55
76 53 45 16 0.16 0.53
77 52 47 16 0.16 0.52
78 57 44 16 0.16 0.57
79 52 46 16 0.16 0.52
80 48 48 16 0.16 0.48
81 45 49 16 0.16 0.45
82 49 52 16 0.16 0.49
83 44 53 16 0.16 0.44
84 40 57 16 0.16 0.4
85 38 61 16 0.16 0.38
86 43 58 16 0.16 0.43
87 45 52 16 0.16 0.45
88 48 51 16 0.16 0.48
89 52 48 16 0.16 0.52
90 52 49 16 0.16 0.52
91 62 40 16 0.16 0.62
92 64 44 16 0.16 0.64
93 62 45 16 0.16 0.62
94 55 52 16 0.16 0.55
95 46 59 16 0.16 0.46
96 39 68 16 0.16 0.39
97 40 72 16 0.16 0.4
98 37 68 16 0.16 0.37
99 40 64 16 0.16 0.4
100 44 64 16 0.16 0.44
101 49 52 16 0.16 0.49
102 54 47 16 0.16 0.54
103 57 45 16 0.16 0.57
104 54 47 16 0.16 0.54
105 50 46 16 0.16 0.5
106 41 54 16 0.16 0.41
107 43 57 16 0.16 0.43
108 40 55 16 0.16 0.4
109 43 58 16 0.16 0.43
110 43 56 16 0.16 0.43
111 50 50 16 0.16 0.5
112 54 45 16 0.16 0.54
113 62 38 16 0.16 0.62
114 61 34 16 0.16 0.61
115 56 44 16 0.16 0.56
116 44 51 16 0.16 0.44
117 43 51 16 0.16 0.43
118 41 58 16 0.16 0.41
119 47 58 16 0.16 0.47
120 44 49 16 0.16 0.44
121 48 48 16 0.16 0.48
122 54 44 16 0.16 0.54
123 58 45 16 0.16 0.58
124 60 42 16 0.16 0.6
125 64 38 16 0.16 0.64
126 66 41 16 0.16 0.66
127 64 38 16 0.16 0.64
128 58 44 16 0.16 0.58
129 50 51 16 0.16 0.5
130 58 47 16 0.16 0.58
131 53 45 16 0.16 0.53
132 52 52 16 0.16 0.52
133 46 52 16 0.16 0.46
134 34 63 16 0.16 0.34
135 33 75 16 0.16 0.33
136 29 77 16 0.16 0.29
137 37 64 16 0.16 0.37
138 43 63 16 0.16 0.43
139 51 54 16 0.16 0.51
140 59 48 16 0.16 0.59
141 65 45 16 0.16 0.65
142 74 40 16 0.16 0.74
143 75 36 16 0.16 0.75
144 79 32 16 0.16 0.79
145 82 32 16 0.16 0.82
146 84 30 16 0.16 0.84
147 87 28 16 0.16 0.87
148 88 28 16 0.16 0.88
149 88 28 16 0.16 0.88
150 88 28 16 0.16 0.88
151 88 28 16 0.16 0.88
152 88 28 16 0.16 0.88
153 88 28 16 0.16 0.88
154 88 28 16 0.16 0.88
155 88 28 16 0.16 0.88
156 88 28 16 0.16 0.88
157 88 28 16 0.16 0.88
158 88 28 16 0.16 0.88
