1 311 29 33 0.199357
2 289 16 7 0.0795848
3 300 4 7 0.0366667
4 299 4 11 0.0501672
5 256 10 17 0.105469
6 280 17 13 0.107143
7 289 14 9 0.0795848
8 289 18 13 0.107266
9 239 14 16 0.125523
10 255 18 15 0.129412
11 238 16 16 0.134454
12 253 17 22 0.15415
13 225 12 8 0.0888889
14 237 21 9 0.126582
15 180 14 17 0.172222
16 198 8 16 0.121212
17 178 11 18 0.162921
18 223 17 18 0.156951
19 171 17 10 0.157895
20 173 17 15 0.184971
21 188 17 13 0.159574
22 177 14 17 0.175141
23 170 13 14 0.158824
24 156 15 20 0.224359
25 165 10 13 0.139394
26 161 21 11 0.198758
27 155 12 15 0.174194
28 163 19 13 0.196319
29 172 14 19 0.19186
30 172 9 15 0.139535
31 147 17 10 0.183673
32 157 12 14 0.165605
33 139 15 13 0.201439
34 135 18 11 0.214815
35 164 18 13 0.189024
36 143 14 23 0.258741
37 219 17 18 0.159817
38 157 13 17 0.191083
39 166 13 20 0.198795
40 141 12 13 0.177305
41 156 16 14 0.192308
42 116 13 13 0.224138
43 134 25 9 0.253731
44 118 7 7 0.118644
45 119 8 14 0.184874
46 101 9 15 0.237624
47 127 7 13 0.15748
48 114 11 10 0.184211
49 125 17 12 0.232
50 129 10 12 0.170543
51 115 15 12 0.234783
52 104 13 14 0.259615
53 160 14 19 0.20625
54 121 14 8 0.181818
55 154 21 24 0.292208
56 133 11 9 0.150376
57 123 9 13 0.178862
58 121 17 16 0.272727
59 115 11 17 0.243478
60 108 11 11 0.203704
61 109 13 12 0.229358
62 104 17 12 0.278846
63 105 16 10 0.247619
64 108 11 11 0.203704
65 86 8 10 0.209302
66 87 6 14 0.229885
67 86 8 12 0.232558
68 103 16 16 0.31068
69 100 14 6 0.2
70 115 17 13 0.26087
71 124 14 13 0.217742
72 115 11 13 0.208696
73 93 9 10 0.204301
74 128 11 10 0.164062
75 93 11 5 0.172043
76 87 6 9 0.172414
77 60 5 6 0.183333
78 58 7 7 0.241379
79 63 11 12 0.365079
80 68 6 11 0.25
81 65 10 8 0.276923
82 84 6 7 0.154762
83 62 7 12 0.306452
84 81 6 13 0.234568
85 85 7 5 0.141176
86 71 11 5 0.225352
87 69 12 6 0.26087
88 71 6 6 0.169014
89 57 10 7 0.298246
90 60 8 6 0.233333
91 55 9 2 0.2
92 43 4 7 0.255814
93 28 2 7 0.321429
94 30 0 7 0.233333
95 31 1 9 0.322581
96 28 2 8 0.357143
97 25 2 3 0.2
98 29 6 3 0.310345
99 35 5 3 0.228571
100 41 7 2 0.219512
101 45 12 2 0.311111
102 52 7 3 0.192308
103 54 7 8 0.277778
104 52 3 7 0.192308
105 54 6 9 0.277778
106 63 6 14 0.31746
107 87 11 12 0.264368
108 94 12 10 0.234043
109 73 10 5 0.205479
110 75 6 5 0.146667
111 65 12 5 0.261538
112 69 9 7 0.231884
113 63 12 8 0.31746
114 65 7 8 0.230769
115 57 4 12 0.280702
116 74 6 15 0.283784
117 68 9 9 0.264706
118 73 6 8 0.191781
119 63 9 5 0.222222
120 71 11 8 0.267606
121 86 14 10 0.27907
122 79 11 4 0.189873
123 67 6 5 0.164179
124 47 6 4 0.212766
125 46 7 6 0.282609
126 49 6 6 0.244898
127 44 4 6 0.227273
128 48 2 8 0.208333
129 46 5 11 0.347826
130 53 13 4 0.320755
131 50 3 9 0.24
132 65 5 12 0.261538
133 54 4 8 0.222222
134 67 3 15 0.268657
135 55 3 5 0.145455
136 40 4 4 0.2
137 36 15 1 0.444444
138 49 7 4 0.22449
139 36 8 1 0.25
140 43 8 0 0.186047
141 29 4 0 0.137931
142 22 5 0 0.227273
143 8 4 0 0.5
144 21 4 0 0.190476
145 15 0 0 0
146 7 2 0 0.285714
147 9 2 0 0.222222
148 3 0 0 0
149 0 0 0 0
150 0 0 0 0
151 0 0 0 0
152 0 0 0 0
153 0 0 0 0
154 0 0 0 0
155 0 0 0 0
156 0 0 0 0
157 0 0 0 0
158 0 0 0 0
