99799 1709957776
99803 1709957776
99805 1709924528
99811 1709952776
99819 1709952776
99827 1573428160
99831 1709806179
99837 1709879984
99841 33135688
99847 1709952776
99851 1709812249
99857 1709879984
99863 1709952776
99869 1709924528
99873 33135030
99877 1709957776
99885 1529
99891 1709727141
99897 1573428576
99901 1573428352
99905 1573428920
99913 1573431176
99925 1573429424
99928 32767
99931 0
99937 0
99944 539959472
99947 0
99953 1573429896
99961 1
99965 1573430459
99966 32767
99974 1
99975 1
99983 4
99989 1573430456
99993 1573430760
99999 1573430760
