99801 33135030
99809 1573428064
99813 1573428208
99816 32767
99821 1573428064
99824 32767
99829 1573428256
99835 1573428972
99839 1709952776
99843 1130254552
99849 33135030
99853 1573428256
99857 1573428856
99863 1573428792
99867 1573430460
99868 32767
99875 1573430460
99881 1573428920
99889 1573431176
99901 1573428448
99905 1573429016
99911 1573428984
99915 1573430555
99925 1573429520
99929 1573429896
99934 7
99937 1
99941 1573430459
99942 32767
99953 1573429992
99955 1
99961 1
99965 1573430555
99966 32767
99974 1
99983 4
99989 1573430552
99998 32692
