7 289
16 219
28 216
41 211
48 184
54 228
64 204
74 219
77 202
86 229
98 246
110 249
122 258
133 256
145 262
156 271
169 282
179 252
192 263
203 261
215 279
226 276
238 321
250 350
262 384
274 345
286 318
297 350
309 315
321 305
332 312
344 301
356 345
368 344
379 353
392 317
403 275
415 310
426 291
438 278
450 296
461 289
473 283
485 305
496 291
508 325
520 354
532 348
543 349
555 384
567 395
579 379
590 318
603 331
614 377
626 326
638 338
649 353
661 343
673 352
685 365
697 348
709 345
720 384
733 368
744 353
757 380
769 317
780 341
792 299
803 273
815 334
826 372
838 407
851 396
863 380
874 370
886 334
898 284
909 311
921 402
933 398
945 458
958 425
970 438
982 406
994 370
1006 325
1018 293
1029 327
1042 321
1052 325
1064 407
1077 403
1088 425
1100 417
1112 361
1124 353
1136 361
1147 293
1159 293
1171 292
1182 289
1193 306
1206 331
1218 354
1230 345
1242 305
1254 312
1266 347
1277 310
1289 315
1301 346
1313 359
1325 375
1337 410
1349 337
1361 322
1374 313
1385 322
1397 290
1408 316
1420 340
1432 325
1444 350
1456 303
1467 279
1479 266
1490 253
1502 291
1513 362
1526 368
1538 307
1549 329
1562 293
1573 286
1585 286
1597 281
1609 324
1620 365
1632 379
1645 433
1657 412
1668 361
1681 327
1692 320
1704 265
1716 295
1727 336
1739 373
1751 380
1763 336
1775 343
1787 339
1799 320
1810 318
1821 307
1833 351
1845 360
1857 367
1869 324
1882 330
1893 336
1905 313
1917 338
1929 312
1940 328
1952 317
1963 330
1975 310
1987 332
1998 346
2010 356
2023 365
2035 412
2047 373
2059 381
2071 336
2082 298
2095 330
2106 362
2117 329
2130 377
2142 387
2154 433
2166 431
2178 436
2190 360
2202 324
2214 323
2226 303
2238 318
2249 355
2261 336
2273 338
2284 301
2296 349
2309 334
2320 306
2332 309
2343 271
2355 309
2367 333
2378 380
2390 384
2403 390
2415 446
2427 412
2439 379
2452 431
2464 375
2475 333
2486 279
2498 278
2510 312
2522 377
2534 419
2546 392
2558 387
2570 336
2582 333
2594 279
2605 288
2616 276
2627 268
2639 315
2651 327
2663 324
2674 306
2687 299
2698 310
2709 285
2721 285
2733 273
2744 272
2756 305
2768 314
2780 341
2792 353
2804 355
2815 336
2828 337
2840 359
2852 325
2864 322
2875 339
2888 351
2899 352
2911 371
2923 374
2935 364
2947 346
2959 323
2971 349
2983 311
2994 266
3006 286
3018 291
3029 312
3041 324
3053 391
3065 380
3077 354
3088 317
3100 299
3112 305
3123 285
3136 313
3147 325
3159 344
3170 395
3183 376
3195 373
3207 331
3219 324
3230 302
3242 300
3253 328
3265 367
3277 382
3289 372
3302 386
3313 355
3325 366
3338 411
3350 365
3361 391
3373 356
3385 349
3397 364
3409 332
3421 352
3433 341
3444 340
3456 361
3468 397
3480 403
3492 371
3504 342
3516 344
3527 283
3538 245
3550 262
3562 336
3574 385
3585 370
3597 355
3609 323
3621 288
3633 293
3644 288
3656 334
3668 316
3680 362
3692 345
3704 341
3716 338
3728 304
3739 266
3751 279
3763 276
3774 281
3786 335
3797 338
3809 354
3821 315
3833 282
3845 291
3857 301
3869 314
3880 336
3892 341
3904 314
3915 316
3926 342
3939 391
3950 344
3962 347
3974 345
3986 330
3998 306
4009 290
4021 331
4033 353
4044 342
4056 330
4068 328
4080 347
4093 338
4104 352
4116 326
4128 361
4140 387
4152 321
4163 357
4175 340
4187 348
4198 313
4210 337
4222 291
4234 276
4246 296
4257 342
4269 341
4280 315
4293 324
4304 357
4316 344
4328 337
4340 288
4351 285
4363 297
4374 321
4386 353
4398 355
4410 328
4422 330
4433 311
4445 335
4457 338
4469 337
4481 400
4493 359
4505 353
4516 337
4529 363
4540 364
4552 296
4564 321
4576 324
4588 362
4600 363
4611 325
4623 340
4635 348
4647 356
4659 359
4671 361
4683 349
4695 399
4706 335
4718 297
4730 276
4741 294
4753 329
4765 305
4777 346
4789 319
4801 324
4812 327
4824 312
4835 290
4847 309
4859 335
4871 379
4883 408
4895 424
4906 371
4919 345
4931 313
4942 309
4954 305
4965 306
4977 363
4989 422
5001 375
5013 378
5025 352
5037 336
5049 303
5059 293
5071 294
5083 337
5095 344
5107 322
5119 331
5130 351
5142 328
5154 325
5165 318
5177 298
5189 321
5201 335
5212 333
5225 355
5236 337
5248 372
5260 348
5272 336
5284 356
5295 364
5307 385
5319 338
5331 338
5342 300
5354 332
5366 322
5377 304
5389 312
5401 388
5413 377
5425 320
5437 326
5449 333
5460 335
5472 287
5483 292
5495 301
5506 288
5518 334
5530 297
5542 310
5555 266
5566 299
5578 298
5590 281
5601 262
5612 310
5624 330
5636 343
5647 352
5660 367
5672 354
5683 319
5695 308
5706 289
5718 296
5730 305
5742 296
5754 286
5765 321
5777 350
5788 327
5801 349
5812 333
5824 350
5836 336
5848 379
5859 410
5872 414
5884 422
5896 374
5908 394
5920 380
5932 329
5944 285
5955 288
5966 337
5978 333
5990 344
6002 367
6014 366
6025 326
6037 348
6049 361
6061 341
6072 353
6084 365
6096 361
6108 289
6120 282
6130 280
6143 343
6155 347
6166 356
6179 361
6190 329
6202 317
6214 346
6225 361
6237 356
6249 364
6261 456
6273 427
6286 373
6297 329
6309 296
6320 271
6332 283
6344 322
6355 335
6367 378
6379 347
6392 340
6404 340
6415 332
6427 302
6439 314
6451 282
6462 277
6474 289
6485 298
6498 368
6509 420
6522 379
6534 396
6546 355
6558 335
6570 283
6581 291
6593 328
6604 360
6616 427
6629 451
6641 440
6654 503
6666 390
6679 402
6690 368
6703 334
6714 306
6726 308
6738 282
6750 326
6762 396
6774 374
6786 423
6798 355
6810 303
6822 296
6834 265
6846 270
6857 275
6868 317
6880 290
6892 286
6904 249
6916 223
6928 241
6939 247
6950 277
6962 318
6974 311
6985 304
6997 331
7009 356
7022 345
7034 331
7046 301
7058 302
7069 289
7080 257
7092 278
7104 272
7116 302
7127 289
7139 266
7151 270
7163 306
7175 305
7187 287
7198 289
7210 311
7222 351
7234 323
7244 259
7257 266
7268 278
7280 298
7291 305
7303 319
7315 326
7327 347
7339 317
7350 317
7362 278
7373 274
7385 307
7396 291
7408 305
7420 278
7431 278
7444 277
7455 301
7467 266
7478 254
7490 294
7502 340
7514 333
7526 324
7537 350
7550 391
7562 387
7574 363
7586 363
7598 339
7610 340
7621 346
7633 321
7645 276
7656 291
7668 340
7679 339
7691 336
7703 359
7715 330
7727 367
7739 360
7750 331
7762 317
7773 293
7786 292
7797 265
7809 303
7820 321
7832 342
7845 305
7856 309
7868 295
7879 306
7892 281
7903 301
7915 357
7927 321
7939 363
7951 339
7962 329
7975 344
7986 299
7998 322
8009 344
8021 369
8033 388
8045 390
8057 401
8069 346
8081 325
8092 305
8103 295
8115 335
8127 379
8139 430
8152 468
8164 496
8177 543
8190 633
8205 774
8224 1000
8227 1000
8230 1000
8233 1000
9261 1389221424
9265 1389221568
9268 32767
9273 1389221424
9276 32767
9281 1389221616
9287 1389222332
9296 1078773800
9305 1389221616
9309 1389222216
9315 1389222152
9319 1389223820
9320 32767
9327 1389223820
9333 1389222280
9339 1389222248
9343 1389223819
9353 1389222784
9357 1389223168
9362 524288
9365 1
9369 1389223820
9370 32767
9381 1389223256
9386 7
9389 1
9393 1389223819
9394 32767
9402 1
9415 1389222116
9423 2026584188
9429 2026584184
9435 2063605860
9439 2026587512
9445 1389222144
9451 2063605760
9455 2063605860
9461 1389222256
9464 32767
9467 100
9471 2063605760
9475 1389222184
9489 1389222768
9495 1389222264
9501 1389226328
9505 2043004778
9519 1719602952
9523 1719611376
9531 1719431306
9535 1719602952
9539 1719608104
9547 1719431306
9551 1719611376
9555 1719611376
9557 1719574704
9563 1719602952
9571 1719602952
9579 1389222816
9583 1719456355
9589 2026584160
9593 217267224
9599 1719602952
9603 1719462425
9609 1719530160
9615 1719602952
9621 1719574704
9625 217266953
9629 1719611376
9637 1940
9643 1719377317
9649 1389223232
9653 2026587512
9659 2026587512
9671 1719602952
9675 1719607952
9683 1719431306
9687 1719607952
9691 1719607952
9703 1719602952
9707 1719607952
9711 217265920
9723 1719602952
9727 1719607952
9735 1719431306
9739 1719607952
9743 1719607952
9745 1719574704
9751 1719602952
9759 1719602952
9767 1389223568
9771 1719456355
9777 1719530160
9781 217267224
9787 1719602952
9791 1719462425
9801 1389223584
9805 1389223728
9808 32767
9813 1389223584
9817 2043004777
9821 1389223776
9827 1389224492
9831 1719377317
9836 1076385801
9841 1389226736
9845 1389223776
9849 1389224376
9855 1389224312
9859 1389225980
9860 32767
9867 1389225980
9873 1389223888
9877 1389224456
9883 1389224424
9887 1389225995
9897 1389224960
9901 1389224000
9905 1389224016
9909 1389224584
9915 1389224552
9919 1389226123
9929 1389225088
9932 32767
9937 1389225995
9938 32767
9946 1
9953 1389225544
9957 1389225560
9961 1
9965 1
9969 1389226123
9970 32767
9978 1
9979 1
9987 4
9993 1389226120
