12 425
26 371
39 359
52 370
62 377
72 377
84 398
95 411
107 418
120 414
131 437
142 440
154 441
166 445
177 429
189 429
200 430
212 421
224 458
236 488
248 512
259 538
271 535
283 516
295 512
306 496
318 491
330 486
341 495
353 521
365 527
376 513
388 460
400 459
412 489
423 491
435 469
447 461
459 471
470 476
482 460
494 463
505 486
517 513
529 542
540 511
552 531
564 527
576 519
588 514
600 523
611 510
623 501
635 519
646 479
658 512
670 532
682 545
694 505
706 519
718 511
730 519
742 554
753 514
766 514
777 515
789 509
800 459
812 494
823 527
835 566
848 562
860 557
871 545
883 510
896 449
907 483
918 541
930 580
942 594
955 583
967 579
979 584
991 535
1003 475
1015 459
1027 478
1038 492
1050 527
1061 540
1074 556
1085 552
1097 565
1109 556
1121 525
1133 507
1145 483
1156 461
1168 472
1179 455
1191 495
1203 523
1216 492
1228 506
1240 483
1252 480
1263 527
1275 451
1286 503
1298 498
1310 555
1322 533
1334 540
1346 518
1358 483
1371 477
1382 498
1394 465
1405 493
1417 526
1429 519
1441 498
1453 483
1465 465
1476 442
1488 455
1499 459
1510 517
1522 527
1535 490
1547 483
1559 488
1571 440
1582 460
1594 460
1606 492
1617 538
1629 544
1642 600
1654 552
1666 528
1678 514
1690 470
1701 463
1713 467
1724 482
1736 512
1749 540
1760 506
1772 498
1785 525
1796 507
1808 505
1819 499
1831 544
1842 546
1854 530
1866 486
1878 492
1890 516
1902 504
1914 505
1926 479
1937 472
1949 507
1960 495
1972 485
1984 507
1995 507
2008 547
2020 559
2032 545
2044 564
2056 539
2068 511
2080 476
2091 487
2103 515
2115 516
2127 556
2139 571
2151 577
2163 571
2175 594
2187 535
2199 490
2211 507
2223 470
2235 502
2246 495
2258 544
2270 504
2282 474
2294 492
2306 520
2317 508
2329 472
2340 464
2352 472
2364 492
2375 533
2388 570
2400 568
2412 583
2424 569
2437 546
2449 559
2461 538
2473 513
2484 488
2495 478
2507 487
2519 541
2531 564
2543 582
2555 579
2567 511
2579 502
2590 494
2602 458
2613 459
2625 443
2636 484
2648 509
2660 503
2672 476
2684 493
2695 470
2707 460
2719 457
2730 448
2742 460
2753 479
2765 492
2777 527
2789 514
2801 510
2813 507
2825 512
2837 523
2849 509
2861 511
2873 494
2885 502
2896 533
2908 533
2920 546
2932 528
2944 537
2956 521
2968 497
2981 493
2992 454
3003 456
3015 448
3027 478
3038 514
3050 539
3062 544
3074 496
3086 497
3097 454
3109 457
3121 511
3133 485
3144 514
3156 523
3167 531
3180 551
3192 546
3204 517
3216 484
3228 465
3239 516
3251 492
3262 543
3274 556
3286 562
3299 535
3311 534
3323 525
3335 535
3347 528
3358 547
3370 510
3382 510
3394 518
3406 520
3418 513
3430 530
3441 506
3453 526
3465 568
3477 557
3489 541
3501 508
3513 511
3525 474
3536 454
3548 464
3559 500
3571 553
3583 567
3595 530
3606 504
3618 483
3630 478
3641 469
3653 508
3665 507
3677 516
3689 540
3701 501
3713 494
3725 459
3736 458
3748 451
3760 449
3771 473
3783 484
3794 494
3806 535
3819 487
3831 461
3842 461
3854 479
3865 498
3877 513
3889 520
3900 506
3912 502
3923 508
3936 549
3948 539
3959 522
3971 499
3984 467
3995 490
4006 492
4018 531
4030 517
4041 506
4054 500
4066 520
4077 518
4089 501
4101 509
4113 508
4124 501
4137 526
4149 529
4161 530
4172 507
4184 490
4196 503
4208 514
4219 473
4231 466
4243 479
4254 510
4266 535
4278 527
4290 502
4302 536
4313 503
4325 494
4337 482
4349 480
4360 478
4371 486
4383 496
4395 533
4407 513
4419 505
4431 489
4443 485
4454 519
4466 514
4478 537
4490 525
4502 544
4514 519
4526 527
4538 522
4549 477
4562 479
4573 515
4585 540
4597 551
4609 513
4620 512
4633 516
4644 523
4656 559
4668 557
4680 504
4692 536
4703 510
4715 471
4727 485
4739 464
4750 469
4762 497
4774 534
4786 512
4798 514
4810 484
4821 487
4832 460
4844 476
4856 522
4868 551
4880 564
4892 567
4904 559
4916 500
4928 473
4939 454
4951 467
4962 504
4974 520
4986 543
4998 563
5010 546
5022 553
5034 500
5045 495
5057 464
5068 485
5080 504
5092 521
5104 509
5116 485
5127 514
5139 532
5151 503
5163 493
5175 480
5186 482
5198 487
5210 502
5222 516
5233 531
5245 551
5257 525
5269 521
5281 534
5293 531
5304 553
5316 521
5328 527
5339 470
5352 480
5363 497
5375 479
5386 495
5398 543
5410 551
5422 531
5434 493
5446 509
5457 487
5469 465
5480 467
5493 475
5504 484
5516 486
5528 489
5540 471
5551 456
5564 465
5575 470
5587 477
5598 466
5610 460
5621 490
5633 518
5645 518
5657 539
5669 530
5680 521
5692 456
5703 457
5715 472
5727 495
5738 480
5750 486
5762 485
5774 501
5786 535
5798 523
5810 494
5821 520
5833 526
5845 546
5857 548
5869 583
5881 566
5893 552
5905 554
5917 551
5929 522
5941 478
5952 490
5963 491
5975 515
5987 517
5999 522
6011 529
6023 534
6034 488
6046 518
6058 530
6069 508
6081 519
6094 509
6104 476
6117 469
6128 456
6140 496
6152 525
6164 513
6176 524
6188 515
6199 478
6211 512
6223 529
6235 536
6246 528
6259 582
6271 583
6283 560
6294 503
6306 466
6319 449
6329 475
6341 466
6353 506
6364 532
6376 544
6389 520
6400 505
6412 484
6425 473
6437 475
6448 454
6459 445
6471 468
6483 472
6495 541
6507 559
6519 568
6531 549
6544 532
6555 488
6567 460
6578 459
6590 489
6602 538
6613 569
6626 588
6638 586
6651 601
6663 583
6676 578
6688 546
6700 490
6712 479
6723 469
6735 457
6747 510
6759 530
6771 561
6783 566
6795 535
6807 478
6820 450
6831 451
6842 454
6854 465
6866 483
6878 490
6890 452
6901 449
6913 400
6926 411
6937 418
6948 457
6959 487
6971 476
6983 484
6995 510
7006 492
7019 506
7031 506
7043 471
7055 491
7067 452
7078 440
7089 434
7101 449
7113 468
7125 481
7136 471
7148 472
7160 473
7171 463
7184 480
7195 456
7207 485
7219 507
7231 496
7242 462
7253 428
7266 446
7277 493
7288 514
7300 491
7312 491
7324 526
7336 505
7348 469
7359 492
7371 469
7382 478
7394 495
7405 466
7418 463
7429 458
7441 459
7453 449
7464 436
7476 429
7487 465
7499 506
7511 511
7523 493
7535 504
7547 547
7559 549
7571 522
7583 552
7595 530
7607 489
7618 512
7630 526
7642 481
7653 489
7665 483
7676 540
7689 510
7700 517
7712 488
7724 500
7736 528
7747 534
7759 511
7771 482
7783 465
7794 454
7806 491
7818 498
7829 497
7841 489
7853 479
7865 508
7877 481
7889 455
7900 474
7912 516
7924 515
7936 540
7948 509
7960 506
7972 504
7984 480
7995 482
8007 488
8018 501
8030 550
8042 567
8054 546
8066 538
8078 498
8089 476
8101 489
8112 484
8124 534
8136 604
8148 601
8161 644
8174 642
8187 725
8201 775
8217 837
9293 1389221424
9297 1389221568
9300 32767
9305 1389221424
9308 32767
9313 1389221616
9319 1389222332
9328 1078773800
9337 1389221616
9341 1389222216
9347 1389222152
9351 1389223820
9352 32767
9359 1389223820
9365 1389222280
9371 1389222248
9375 1389223819
9385 1389222784
9389 1389223168
9394 524288
9397 1
9401 1389223820
9402 32767
9413 1389223256
9418 7
9421 1
9425 1389223819
9426 32767
9434 1
9447 1389222116
9455 2026584188
9461 2026584184
9467 2063605860
9471 2026587512
9477 1389222144
9483 2063605760
9487 2063605860
9493 1389222256
9496 32767
9499 100
9503 2063605760
9507 1389222184
9521 1389222768
9527 1389222264
9533 1389226328
9537 2043004778
9551 1719602952
9555 1719611376
9563 1719431306
9567 1719602952
9571 1719608104
9579 1719431306
9583 1719611376
9587 1719611376
9589 1719574704
9595 1719602952
9603 1719602952
9611 1389222816
9615 1719456355
9621 2026584160
9625 217267224
9631 1719602952
9635 1719462425
9641 1719530160
9647 1719602952
9653 1719574704
9657 217266953
9661 1719611376
9669 1940
9675 1719377317
9681 1389223232
9685 2026587512
9691 2026587512
9703 1719602952
9707 1719607952
9715 1719431306
9719 1719607952
9723 1719607952
9735 1719602952
9739 1719607952
9743 217265920
9755 1719602952
9759 1719607952
9767 1719431306
9771 1719607952
9775 1719607952
9777 1719574704
9783 1719602952
9791 1719602952
9799 1389223568
9803 1719456355
9809 1719530160
9813 217267224
9819 1719602952
9823 1719462425
9829 1719530160
9835 1719602952
9841 1719574704
9845 217266542
9849 1719607952
9857 1529
9863 1719377317
9869 1389223984
9873 1389226736
9875 217249368
9885 1389226736
9889 1769234802
9901 1389223872
9905 1389223888
9909 1389224456
9915 1389224424
9919 1389225995
9929 1389224960
9932 32767
9939 1389226736
9953 1389225416
9957 1389225432
9961 1
9965 1
9969 1389225995
9970 32767
9978 1
9979 1
9987 4
9993 1389225992
