1 107 97 3 0.003 0.107
2 331 327 14 0.014 0.331
3 462 447 50 0.05 0.462
4 510 490 126 0.126 0.51
5 574 524 215 0.215 0.574
6 624 564 277 0.277 0.624
7 671 605 323 0.323 0.671
8 691 622 346 0.346 0.691
9 700 639 355 0.355 0.7
10 713 640 362 0.362 0.713
11 705 653 364 0.364 0.705
12 698 662 365 0.365 0.698
13 696 667 365 0.365 0.696
14 693 671 366 0.366 0.693
15 690 675 367 0.367 0.69
16 686 678 367 0.367 0.686
17 683 684 368 0.368 0.683
18 681 684 368 0.368 0.681
19 678 689 369 0.369 0.678
20 676 692 369 0.369 0.676
21 676 693 369 0.369 0.676
22 676 693 369 0.369 0.676
23 676 693 369 0.369 0.676
24 676 693 369 0.369 0.676
25 676 693 369 0.369 0.676
26 676 693 369 0.369 0.676
27 676 693 369 0.369 0.676
28 676 693 369 0.369 0.676
29 676 693 369 0.369 0.676
30 676 693 369 0.369 0.676
31 676 693 369 0.369 0.676
