1 2093 162 152 0.150024
2 2470 72 85 0.0635628
3 1464 121 106 0.155055
4 985 121 109 0.233503
5 1005 82 81 0.162189
6 782 87 74 0.205882
7 631 47 50 0.153724
8 298 29 28 0.191275
9 185 14 23 0.2
10 93 12 7 0.204301
11 50 1 11 0.24
12 32 0 9 0.28125
13 17 0 3 0.176471
14 19 0 4 0.210526
15 17 0 3 0.176471
16 13 0 4 0.307692
17 14 0 4 0.285714
18 8 0 2 0.25
19 12 0 3 0.25
20 4 0 2 0.5
21 1 0 0 0
22 0 0 0 0
23 0 0 0 0
24 0 0 0 0
25 0 0 0 0
26 0 0 0 0
27 0 0 0 0
28 0 0 0 0
29 0 0 0 0
30 0 0 0 0
31 0 0 0 0
