9293 1343698480
9297 1343698624
9300 32767
9305 1343698480
9309 407233370
9313 1343698672
9319 1343699388
9328 1070562004
9331 1
9337 1343698672
9341 1343699272
9347 1343699208
9351 1343700876
9352 32767
9359 1343700876
9365 1343699336
9371 1343699304
9375 1343700875
9385 1343699840
9389 1343700224
9394 524288
9397 1
9401 1343700876
9402 32767
9413 1343700312
9418 8
9421 1
9425 1343700875
9426 32767
9434 1
9447 1343699172
9455 2026584188
9461 2026584184
9465 2026584160
9471 2026587512
9477 1343699200
9481 2061214480
9487 419434596
9493 1343699312
9496 32767
9499 100
9503 419434496
9507 1343699240
9521 1343699824
9527 1343699320
9533 1343703384
9537 407233370
9551 1832513288
9555 1832521712
9563 1832341642
9567 1832513288
9571 1832518440
9579 1832341642
9583 1832521712
9587 1832521712
9589 1832485040
9595 1832513288
9603 1832513288
9611 1343699872
9615 1832366691
9621 2026584160
9625 262790168
9631 1832513288
9635 1832372761
9641 1832440496
9647 1832513288
9653 1832485040
9657 262789897
9661 1832521712
9669 1940
9675 1832287653
9681 1343700288
9685 2026587512
9691 2026587512
9703 1832513288
9707 1832518288
9715 1832341642
9719 1832518288
9723 1832518288
9735 1832513288
9739 1832518288
9743 262788864
9755 1832513288
9759 1832518288
9767 1832341642
9771 1832518288
9775 1832518288
9777 1832485040
9783 1832513288
9791 1832513288
9799 1343700624
9803 1832366691
9809 1832440496
9813 262790168
9819 1832513288
9823 1832372761
9829 1832440496
9835 1832513288
9841 1832485040
9845 262789486
9849 1832518288
9857 1529
9863 1832287653
9869 1343701040
9873 1343703792
9875 262772312
9885 1343703792
9889 1769234802
9901 1343700928
9905 1343700944
9909 1343701512
9915 1343701480
9919 1343703051
9929 1343702016
9932 32767
9939 1343703792
9953 1343702472
9957 1343702488
9961 1
9965 1
9969 1343703051
9970 32767
9978 1
9979 1
9987 4
9993 1343703048
