10 713
20 676
26 676
29 676
9261 1343698480
9265 1343698624
9268 32767
9273 1343698480
9277 407233370
9281 1343698672
9287 1343699388
9296 1070562004
9299 1
9305 1343698672
9309 1343699272
9315 1343699208
9319 1343700876
9320 32767
9327 1343700876
9333 1343699336
9339 1343699304
9343 1343700875
9353 1343699840
9357 1343700224
9362 524288
9365 1
9369 1343700876
9370 32767
9381 1343700312
9386 8
9389 1
9393 1343700875
9394 32767
9402 1
9415 1343699172
9423 2026584188
9429 2026584184
9433 2026584160
9439 2026587512
9445 1343699200
9449 2061214480
9455 419434596
9461 1343699312
9464 32767
9467 100
9471 419434496
9475 1343699240
9489 1343699824
9495 1343699320
9501 1343703384
9505 407233370
9519 1832513288
9523 1832521712
9531 1832341642
9535 1832513288
9539 1832518440
9547 1832341642
9551 1832521712
9555 1832521712
9557 1832485040
9563 1832513288
9571 1832513288
9579 1343699872
9583 1832366691
9589 2026584160
9593 262790168
9599 1832513288
9603 1832372761
9609 1832440496
9615 1832513288
9621 1832485040
9625 262789897
9629 1832521712
9637 1940
9643 1832287653
9649 1343700288
9653 2026587512
9659 2026587512
9671 1832513288
9675 1832518288
9683 1832341642
9687 1832518288
9691 1832518288
9703 1832513288
9707 1832518288
9711 262788864
9723 1832513288
9727 1832518288
9735 1832341642
9739 1832518288
9743 1832518288
9745 1832485040
9751 1832513288
9759 1832513288
9767 1343700624
9771 1832366691
9777 1832440496
9781 262790168
9787 1832513288
9791 1832372761
9801 1343700640
9805 1343700784
9808 32767
9813 1343700640
9817 407233370
9821 1343700832
9827 1343701548
9831 1832287653
9836 1075198179
9841 1343703792
9845 1343700832
9849 1343701432
9855 1343701368
9859 1343703036
9860 32767
9867 1343703036
9873 1343700944
9877 1343701512
9883 1343701480
9887 1343703051
9897 1343702016
9901 1343701056
9905 1343701072
9909 1343701640
9915 1343701608
9919 1343703179
9929 1343702144
9932 32767
9937 1343703051
9938 32767
9946 1
9953 1343702600
9957 1343702616
9961 1
9965 1
9969 1343703179
9970 32767
9978 1
9979 1
9987 4
9993 1343703176
