4 999
99293 1428604624
99297 1428604768
99300 32767
99305 1428604624
99308 32767
99313 1428604816
99319 1428605532
99328 1071375239
99331 1
99337 1428604816
99341 1428605416
99347 1428605352
99351 1428607020
99352 32767
99359 1428607020
99365 1428605480
99371 1428605448
99375 1428607019
99385 1428605984
99389 1428606368
99394 524288
99397 1
99401 1428607020
99402 32767
99409 117440513
99413 1428606456
99418 8
99421 1
99425 1428607019
99426 32767
99434 1
99447 1428605316
99455 2026584188
99461 2026584184
99465 2026584160
99471 2026587512
99477 1428605344
99481 2061214480
99488 32698
99493 1428605456
99496 32767
99499 100
99507 1428605384
99521 1428605968
99527 1428605464
99533 1428609528
99539 177859801
99551 1770045192
99555 1770053616
99563 1769873546
99567 1770045192
99571 1770050344
99579 1769873546
99583 1770053616
99587 1770053616
99589 1770016944
99595 1770045192
99603 1770045192
99611 1428606016
99615 1769898595
99621 2026584160
99625 177884184
99631 1770045192
99635 1769904665
99641 1769972400
99647 1770045192
99653 1770016944
99657 177883913
99661 1770053616
99669 1940
99675 1769819557
99681 1428606432
99685 2026587512
99691 2026587512
99703 1770045192
99707 1770050192
99715 1769873546
99719 1770050192
99723 1770050192
99735 1770045192
99739 1770050192
99743 177882880
99755 1770045192
99759 1770050192
99767 1769873546
99771 1770050192
99775 1770050192
99777 1770016944
99783 1770045192
99791 1770045192
99799 1428606768
99803 1769898595
99809 1769972400
99813 177884184
99819 1770045192
99823 1769904665
99829 1769972400
99835 1770045192
99841 1770016944
99845 177883502
99849 1770050192
99857 1529
99863 1769819557
99869 1428607184
99873 1428609936
99875 177866328
99885 1428609936
99889 1769234802
99901 1428607072
99905 1428607088
99909 1428607656
99915 1428607624
99919 1428609195
99929 1428608160
99932 32767
99939 1428609936
99953 1428608616
99957 1428608632
99961 1
99965 1
99969 1428609195
99970 32767
99978 1
99979 1
99987 3
99993 1428609192
