14 1000
17 1000
20 1000
23 1000
99261 1428604624
99265 1428604768
99268 32767
99273 1428604624
99276 32767
99281 1428604816
99287 1428605532
99296 1071375239
99299 1
99305 1428604816
99309 1428605416
99315 1428605352
99319 1428607020
99320 32767
99327 1428607020
99333 1428605480
99339 1428605448
99343 1428607019
99353 1428605984
99357 1428606368
99362 524288
99365 1
99369 1428607020
99370 32767
99377 117440513
99381 1428606456
99386 8
99389 1
99393 1428607019
99394 32767
99402 1
99415 1428605316
99423 2026584188
99429 2026584184
99433 2026584160
99439 2026587512
99445 1428605344
99449 2061214480
99456 32698
99461 1428605456
99464 32767
99467 100
99475 1428605384
99489 1428605968
99495 1428605464
99501 1428609528
99507 177859801
99519 1770045192
99523 1770053616
99531 1769873546
99535 1770045192
99539 1770050344
99547 1769873546
99551 1770053616
99555 1770053616
99557 1770016944
99563 1770045192
99571 1770045192
99579 1428606016
99583 1769898595
99589 2026584160
99593 177884184
99599 1770045192
99603 1769904665
99609 1769972400
99615 1770045192
99621 1770016944
99625 177883913
99629 1770053616
99637 1940
99643 1769819557
99649 1428606432
99653 2026587512
99659 2026587512
99671 1770045192
99675 1770050192
99683 1769873546
99687 1770050192
99691 1770050192
99703 1770045192
99707 1770050192
99711 177882880
99723 1770045192
99727 1770050192
99735 1769873546
99739 1770050192
99743 1770050192
99745 1770016944
99751 1770045192
99759 1770045192
99767 1428606768
99771 1769898595
99777 1769972400
99781 177884184
99787 1770045192
99791 1769904665
99801 1428606784
99805 1428606928
99808 32767
99813 1428606784
99816 32767
99821 1428606976
99827 1428607692
99831 1769819557
99836 1082694277
99841 1428609936
99845 1428606976
99849 1428607576
99855 1428607512
99859 1428609180
99860 32767
99867 1428609180
99873 1428607088
99877 1428607656
99883 1428607624
99887 1428609195
99897 1428608160
99901 1428607200
99905 1428607216
99909 1428607784
99915 1428607752
99919 1428609323
99929 1428608288
99932 32767
99937 1428609195
99938 32767
99946 1
99953 1428608744
99957 1428608760
99961 1
99965 1
99969 1428609323
99970 32767
99978 1
99979 1
99987 3
99993 1428609320
