12 60
21 51
25 54
31 49
35 41
43 48
47 46
51 46
56 39
60 38
65 42
70 31
76 36
79 34
86 37
92 38
96 38
101 44
106 44
112 30
118 37
122 51
128 31
134 28
139 22
149 38
154 40
159 40
162 32
168 31
172 30
175 30
181 36
186 31
192 28
198 30
203 29
208 29
213 34
223 33
229 36
234 45
240 37
245 35
249 29
255 31
260 40
266 33
271 33
277 31
286 33
290 33
293 30
300 37
309 31
315 34
320 43
326 35
335 28
340 37
346 28
354 40
358 40
363 30
365 22
372 27
379 34
384 38
392 39
396 36
401 30
408 35
411 28
418 28
423 33
429 40
433 41
438 36
442 33
449 33
454 35
458 29
464 33
468 33
475 36
480 38
485 40
491 28
495 38
505 32
511 39
515 34
521 32
527 32
535 23
545 37
552 27
557 31
567 30
570 26
578 25
583 35
588 31
593 34
597 30
602 30
608 28
614 36
618 36
625 28
631 33
637 38
642 41
647 31
653 33
667 39
672 36
685 26
690 32
694 32
700 34
706 37
710 41
715 45
719 44
724 43
725 34
733 40
739 34
749 36
755 37
763 34
769 33
774 37
780 36
785 28
791 27
797 32
803 37
808 33
813 35
819 36
824 35
829 33
833 38
838 30
843 35
849 32
853 26
862 35
866 40
871 40
875 41
879 40
884 44
889 44
895 29
902 29
908 32
913 39
918 32
925 36
929 31
934 24
948 36
956 35
966 18
976 41
981 34
985 33
989 33
993 39
1011 38
1018 36
1022 42
1031 25
1040 31
1046 35
1051 33
1056 30
1061 33
1067 29
1071 36
1076 38
1080 38
1086 45
1092 35
1096 33
1106 34
1110 36
1114 42
1124 32
1132 28
1135 27
1142 24
1145 24
1148 24
1153 27
1158 25
1165 27
1174 29
1178 29
1182 30
1186 31
1190 37
1194 31
1202 30
1206 31
1214 34
1221 38
1228 32
1236 42
1238 34
1248 33
1252 33
1256 34
1267 36
1277 39
1280 36
1286 41
1290 39
1296 30
1302 37
1306 31
1312 34
1316 30
1321 36
1326 45
1331 37
1335 34
1339 36
1343 35
1351 32
1357 37
1368 40
1374 45
1378 40
1383 36
1388 28
1395 35
1400 41
1409 36
1413 20
1423 38
1427 30
1432 37
1438 35
1442 32
1447 38
1452 32
1459 36
1465 37
1474 31
1484 35
1490 37
1496 39
1501 32
1506 38
1512 30
1522 36
1526 36
1531 40
1542 29
1548 33
1555 38
1559 36
1567 33
1571 34
1577 31
1581 35
1588 37
1592 35
1596 35
1603 44
1607 42
1612 26
1618 33
1624 32
1628 30
1632 36
1641 35
1646 38
1650 38
1655 34
1661 25
1668 27
1673 36
1678 39
1684 30
1690 40
1694 35
1699 41
1700 36
1708 34
1714 30
1720 39
1732 32
1740 30
1749 36
1755 29
1759 36
1765 33
1770 40
1774 42
1780 37
1787 34
1788 33
1797 30
1805 37
1810 38
1822 30
1827 31
1831 35
1837 33
1842 38
1847 39
1852 40
1857 38
1861 39
1867 41
1872 44
1876 41
1881 35
1885 28
1891 30
1897 22
1903 25
1910 30
1915 29
1922 33
1927 31
1937 25
1945 32
1951 34
1955 33
1958 32
1962 36
1966 33
1972 33
1978 31
1984 39
1986 35
1998 30
2005 27
2010 35
2016 41
2020 39
2024 43
2030 41
2034 34
2038 34
2043 29
2046 28
2052 29
2063 40
2068 32
2072 35
2078 31
2081 30
2085 35
2095 42
2100 39
2104 42
2109 36
2113 37
2118 28
2123 31
2127 25
2134 35
2139 34
2144 47
2150 38
2154 41
2159 38
2164 38
2168 42
2173 37
2178 36
2181 27
2187 38
2192 30
2197 34
2203 34
2215 37
2219 36
2223 34
2230 36
2233 36
2238 36
2242 36
2247 40
2252 38
2257 42
2261 28
2267 24
2274 36
2280 38
2285 28
2291 39
2298 35
2304 33
2308 31
2313 42
2319 40
2323 35
2329 36
2334 50
2339 29
2345 35
2350 27
2356 29
2362 35
2371 28
2376 36
2381 40
2388 32
2395 31
2400 34
2403 34
2409 34
2416 31
2426 32
2430 32
2434 32
2440 42
2445 25
2454 30
2459 40
2463 41
2469 37
2476 32
2483 38
2489 33
2495 37
2498 36
2505 31
2510 36
2518 31
2524 32
2525 27
2532 21
2540 30
2547 29
2553 36
2558 39
2563 46
2569 42
2573 38
2577 32
2585 26
2597 37
2602 41
2608 25
2616 28
2620 30
2626 34
2632 39
2634 30
2641 29
2648 34
2653 29
2659 29
2665 43
2669 40
2676 31
2680 36
2684 36
2685 34
2695 42
2699 38
2704 30
2709 43
2710 36
2719 37
2725 32
2730 21
2737 17
2748 34
2756 31
2767 36
2771 27
2783 40
2788 39
2793 30
2799 34
2804 37
2815 36
2821 34
2825 33
2831 34
2835 43
2840 41
2845 32
2851 36
2858 37
2865 28
2871 32
2877 31
2883 32
2893 34
2897 38
2903 31
2910 36
2915 33
2920 32
2925 32
2930 36
2934 36
2938 37
2943 35
2949 36
2950 28
2962 40
2966 38
2980 36
2987 34
2991 34
2997 35
3001 38
3007 37
3011 45
3020 37
3024 37
3036 37
3041 37
3047 43
3056 32
3062 33
3067 33
3072 39
3077 42
3081 47
3086 45
3091 44
3095 38
3101 36
3105 33
3113 38
3118 37
3122 38
3131 38
3141 36
3144 33
3149 35
3155 32
3161 32
3165 31
3170 26
3173 26
3177 31
3183 34
3191 37
3194 35
3200 37
3204 36
3211 20
3220 27
3225 38
3236 39
3240 30
3253 38
3257 35
3265 37
3271 39
3275 39
3282 37
3286 33
3293 30
3301 36
3309 38
3315 32
3320 36
3324 31
3329 29
3335 32
3340 26
3345 32
3350 34
3355 39
3360 32
3366 22
3372 30
3378 32
3382 37
3389 33
3395 35
3399 37
3405 31
3411 32
3421 20
3425 29
3429 34
3434 39
3439 30
3445 33
3449 32
3456 32
3460 43
3461 40
3470 36
3474 33
3481 40
3486 43
3487 35
3496 32
3502 29
3509 39
3515 27
3525 33
3531 31
3536 37
3541 31
3546 30
3552 35
3556 39
3562 28
3567 29
3572 32
3576 41
3581 35
3586 34
3591 33
3594 27
3602 40
3606 33
3610 35
3616 37
3621 37
3627 35
3635 28
3640 34
3646 40
3650 31
3656 35
3660 36
3665 38
3670 37
3675 37
3679 33
3684 35
3697 36
3702 36
3707 37
3720 36
3725 38
3730 42
3734 33
3739 37
3744 40
3747 32
3751 37
3756 41
3762 39
3768 32
3773 41
3780 32
3784 35
3788 33
3792 35
3797 37
3807 33
3811 28
3821 39
3826 36
3833 34
3836 34
3841 39
3853 25
3858 33
3862 37
3868 34
3873 31
3878 40
3883 35
3892 23
3899 29
3903 30
3909 38
3915 24
3919 29
3925 26
3932 31
3937 32
3947 24
3950 23
3957 33
3963 31
3968 35
3972 37
3978 24
3986 30
3990 31
3993 30
3996 28
4001 38
4005 41
4010 27
4018 33
4021 33
4022 32
4033 36
4038 40
4044 33
4051 32
4057 32
4063 37
4068 39
4074 31
4079 35
4084 32
4088 31
4094 35
4100 36
4106 27
4118 30
4122 37
4128 35
4133 28
4139 33
4143 33
4149 37
4154 34
4161 38
4165 36
4171 28
4175 39
4180 36
4185 40
4191 33
4198 29
4204 26
4210 35
4216 31
4220 36
4226 35
4231 35
4237 40
4243 30
4251 40
4254 36
4259 36
4264 38
4270 38
4275 39
4283 34
4287 35
4293 42
4294 34
4302 40
4306 45
4310 42
4316 38
4321 35
4322 35
4331 37
4337 36
4342 38
4350 31
4354 36
4356 27
4366 37
4371 38
4377 37
4383 36
4395 29
4400 34
4405 36
4409 37
4420 40
4424 27
4431 32
4435 29
4436 24
4446 29
4451 41
4455 45
4459 36
4469 32
4473 32
4478 31
4483 36
4488 36
4494 34
4498 38
4504 40
4510 35
4514 36
4520 30
4524 32
4530 35
4534 31
4540 27
4550 40
4556 28
4568 39
4573 31
4579 28
4585 35
4589 37
4595 36
4600 25
4606 33
4614 31
4617 31
4622 35
4625 30
4631 30
4636 37
4641 37
4645 34
4664 31
4668 36
4674 38
4678 34
4688 38
4694 35
4698 25
4707 33
4716 25
4721 38
4727 36
4732 35
4737 35
4740 32
4755 31
4759 27
4764 31
4771 29
4773 29
4781 25
4786 35
4791 42
4797 36
4801 33
4810 35
4814 40
4816 28
4826 26
4834 31
4838 30
4845 29
4848 27
4856 31
4862 35
4868 34
4873 43
4879 39
4889 32
4893 36
4897 38
4903 39
4908 37
4913 38
4918 36
4923 28
4930 36
4935 40
4940 47
4946 27
4954 23
4962 27
4966 45
4972 33
4976 32
4981 34
4986 36
4990 30
4993 28
4999 38
5004 42
5008 34
5014 42
5019 41
5022 28
5028 22
5036 28
5041 32
5046 38
5052 32
5058 28
5059 24
5071 29
5075 34
5087 41
5093 37
5100 36
5109 26
5116 25
5123 31
5130 23
5134 28
5139 36
5145 32
5153 34
5157 26
5163 37
5173 28
5178 34
5190 37
5194 46
5202 38
5205 28
5209 26
5215 30
5220 32
5225 30
5236 37
5240 40
5245 40
5249 41
5255 33
5263 33
5269 27
5273 29
5277 35
5284 30
5289 35
5295 35
5303 33
5308 25
5315 24
5321 35
5325 34
5330 30
5347 23
5355 41
5365 36
5373 30
5378 31
5386 35
5393 40
5399 35
5404 27
5408 31
5418 38
5423 38
5434 31
5438 28
5446 33
5451 39
5455 27
5463 35
5466 34
5472 32
5478 26
5484 22
5491 33
5495 30
5505 30
5511 38
5516 33
5520 30
5525 40
5528 32
5533 36
5537 41
5542 31
5547 36
5551 32
5556 35
5563 34
5568 35
5573 39
5578 36
5585 35
5588 31
5594 28
5605 38
5611 28
5617 32
5621 24
5628 28
5633 44
5639 30
5644 31
5645 28
5652 24
5655 21
5664 33
5669 38
5678 35
5684 39
5689 33
5696 35
5701 38
5705 38
5710 36
5720 28
5725 37
5730 40
5736 33
5747 30
5750 29
5754 34
5757 29
5761 32
5765 36
5774 38
5777 38
5783 36
5786 33
5798 42
5802 39
5806 39
5810 39
5815 20
5822 26
5829 24
5834 31
5842 42
5846 40
5851 41
5856 34
5861 33
5868 33
5873 35
5878 39
5882 39
5890 38
5897 35
5901 34
5907 32
5912 37
5918 25
5925 20
5935 36
5939 34
5952 41
5956 30
5967 24
5972 35
5977 36
5981 40
5991 38
5995 34
6001 32
6007 33
6012 39
6016 41
6022 34
6029 33
6032 32
6040 26
6044 33
6050 36
6055 34
6061 34
6065 39
6072 37
6078 34
6085 31
6090 31
6099 21
6105 26
6110 34
6118 34
6119 29
6129 26
6134 31
6139 29
6143 24
6148 35
6153 32
6160 33
6165 41
6170 31
6175 32
6180 36
6185 28
6190 42
6195 44
6200 37
6203 27
6208 31
6213 38
6224 28
6228 35
6233 36
6238 36
6241 30
6246 41
6251 31
6256 27
6262 28
6267 30
6272 40
6276 39
6282 28
6286 32
6293 33
6297 28
6306 31
6312 27
6320 23
6326 26
6332 37
6338 32
6343 41
6349 31
6354 34
6359 37
6365 30
6371 32
6375 25
6381 30
6386 31
6390 37
6396 34
6403 28
6409 31
6416 29
6421 31
6425 37
6432 36
6439 30
6445 41
6450 24
6456 31
6462 42
6467 40
6475 29
6480 30
6487 18
6493 36
6498 31
6503 28
6510 37
6514 40
6518 34
6523 34
6530 32
6535 30
6542 33
6547 28
6559 36
6565 37
6571 39
6575 44
6581 34
6585 34
6591 33
6596 34
6601 34
6608 41
6613 34
6620 37
6625 37
6630 26
6631 24
6639 23
6649 32
6655 34
6661 35
6666 41
6670 40
6676 36
6682 18
6694 14
6702 13
6716 14
99293 1559855664
99297 1559855808
99300 32767
99305 1559855664
99308 32767
99313 1559855856
99319 1559856572
99328 1074041820
99337 1559855856
99341 1559856456
99347 1559856392
99351 1559858060
99352 32767
99359 1559858060
99365 1559856520
99371 1559856488
99375 1559858059
99385 1559857024
99389 1559857408
99394 524288
99397 1
99401 1559858060
99402 32767
99413 1559857496
99418 6
99421 1
99425 1559858059
99426 32767
99434 1
99447 1559856356
99455 2026584188
99461 2026584184
99465 2026584160
99471 2026587512
99477 1559856384
99481 2061214480
99488 32711
99493 1559856496
99496 32767
99499 100
99507 1559856424
99521 1559857008
99527 1559856504
99533 1559860568
99539 46685398
99551 1645076232
99555 1645084656
99563 1644904586
99567 1645076232
99571 1645081384
99579 1644904586
99583 1645084656
99587 1645084656
99589 1645047984
99595 1645076232
99603 1645076232
99611 1559857056
99615 1644929635
99621 2026584160
99625 46709784
99631 1645076232
99635 1644935705
99641 1645003440
99647 1645076232
99653 1645047984
99657 46709513
99661 1645084656
99669 1940
99675 1644850597
99681 1559857472
99685 2026587512
99691 2026587512
99703 1645076232
99707 1645081232
99715 1644904586
99719 1645081232
99723 1645081232
99735 1645076232
99739 1645081232
99743 46708480
99755 1645076232
99759 1645081232
99767 1644904586
99771 1645081232
99775 1645081232
99777 1645047984
99783 1645076232
99791 1645076232
99799 1559857808
99803 1644929635
99809 1645003440
99813 46709784
99819 1645076232
99823 1644935705
99829 1645003440
99835 1645076232
99841 1645047984
99845 46709102
99849 1645081232
99857 1529
99863 1644850597
99869 1559858224
99873 1559860976
99875 46691928
99885 1559860976
99889 1769234802
99901 1559858112
99905 1559858128
99909 1559858696
99915 1559858664
99919 1559860235
99929 1559859200
99932 32767
99939 1559860976
99953 1559859656
99957 1559859672
99961 1
99965 1
99969 1559860235
99970 32767
99978 1
99979 1
99987 4
99993 1559860232
