8 22
16 28
22 33
26 29
32 30
37 36
44 32
49 36
53 36
57 38
58 35
67 38
72 36
82 38
89 35
93 36
98 37
102 42
107 45
114 44
119 47
124 60
130 53
136 50
141 40
150 43
155 36
159 35
164 38
169 39
178 33
183 39
188 48
194 43
200 40
205 46
210 45
217 42
225 33
231 34
235 48
241 47
246 42
251 52
257 41
262 34
268 48
273 43
279 42
284 30
287 30
291 36
297 41
305 41
310 45
316 44
322 45
328 40
332 38
337 42
341 43
348 41
355 32
360 45
365 41
374 56
380 48
386 51
393 41
398 40
404 37
412 38
420 35
424 39
430 41
435 35
439 38
444 39
449 42
455 40
461 35
465 31
470 32
476 36
482 44
487 40
492 43
497 42
501 39
507 45
512 52
517 42
522 40
529 51
536 55
547 47
553 41
558 48
565 34
573 51
579 48
584 38
589 40
594 40
598 38
605 42
610 40
615 40
620 51
627 41
633 51
639 47
644 43
650 42
655 41
665 35
670 40
678 37
686 42
691 41
697 49
701 34
707 41
711 32
716 47
720 37
721 34
730 44
735 36
743 34
747 34
751 30
757 32
765 42
771 43
775 40
781 40
786 53
793 41
799 41
804 46
809 38
814 36
820 41
825 37
830 40
835 39
840 42
844 50
850 52
856 43
863 37
867 36
872 37
876 38
880 38
885 45
891 47
897 49
903 45
910 45
914 43
920 41
926 43
931 46
938 43
945 35
949 35
954 35
962 40
966 42
972 41
977 38
986 43
990 39
995 45
1002 35
1008 37
1012 43
1018 38
1023 38
1029 33
1036 36
1042 38
1047 35
1052 37
1057 53
1062 38
1068 36
1069 31
1077 33
1082 45
1088 45
1093 40
1099 37
1105 40
1111 40
1115 38
1119 35
1125 48
1132 35
1138 48
1140 40
1150 34
1161 45
1166 46
1168 36
1177 38
1181 41
1187 41
1192 40
1196 36
1206 36
1212 38
1213 31
1223 40
1229 36
1234 37
1238 47
1244 48
1249 39
1254 31
1262 41
1268 50
1274 37
1282 37
1288 40
1292 40
1297 36
1303 47
1308 38
1314 39
1323 39
1328 37
1332 35
1340 37
1350 39
1359 32
1366 33
1370 36
1375 46
1380 43
1385 39
1390 45
1401 38
1405 35
1409 34
1418 48
1424 41
1429 45
1434 35
1443 39
1448 41
1455 39
1461 36
1467 44
1472 32
1479 34
1487 38
1492 39
1497 52
1503 43
1508 49
1509 38
1518 39
1523 33
1528 43
1533 36
1538 42
1544 54
1550 54
1556 42
1561 45
1568 37
1573 45
1579 36
1583 36
1590 37
1593 35
1595 30
1604 39
1609 47
1620 39
1625 42
1635 37
1636 36
1643 42
1651 35
1656 43
1663 52
1669 48
1674 38
1680 41
1687 43
1691 35
1701 41
1706 33
1711 38
1717 36
1723 49
1728 39
1736 36
1742 44
1750 52
1756 41
1760 46
1766 45
1771 41
1775 40
1782 41
1790 37
1795 37
1798 36
1802 31
1806 40
1812 37
1816 43
1823 39
1829 29
1833 32
1839 37
1843 44
1848 53
1853 40
1858 46
1863 41
1868 48
1873 37
1877 37
1882 39
1888 37
1892 33
1898 41
1904 42
1911 40
1919 41
1924 42
1929 49
1936 44
1939 42
1941 31
1948 38
1950 36
1958 37
1963 41
1969 40
1973 38
1980 48
1981 37
1991 44
1995 35
2000 42
2006 51
2011 43
2017 34
2021 37
2025 40
2031 36
2035 32
2039 35
2043 41
2047 42
2053 51
2059 37
2064 39
2069 31
2074 37
2080 38
2086 34
2091 51
2096 41
2101 38
2106 34
2114 39
2119 42
2124 36
2129 43
2135 46
2141 43
2146 42
2147 39
2156 38
2160 37
2161 34
2170 38
2174 37
2179 39
2180 38
2188 45
2194 31
2199 42
2206 35
2210 32
2212 32
2220 32
2225 45
2234 37
2240 37
2244 33
2248 40
2254 43
2258 40
2262 38
2270 41
2275 41
2281 43
2287 42
2293 47
2299 36
2305 42
2310 41
2314 33
2320 41
2325 39
2331 38
2335 41
2341 42
2346 40
2351 48
2358 56
2364 50
2372 40
2378 38
2382 36
2383 30
2392 36
2396 34
2400 35
2404 33
2410 37
2417 38
2419 33
2427 45
2437 40
2442 42
2447 39
2454 37
2460 37
2465 39
2471 46
2479 39
2484 38
2490 36
2497 36
2502 37
2505 32
2519 45
2525 41
2533 40
2539 40
2544 38
2549 45
2555 37
2560 44
2564 45
2570 43
2574 42
2580 48
2586 61
2594 41
2598 50
2603 58
2610 62
2617 38
2623 33
2628 38
2634 36
2638 35
2645 37
2650 39
2654 43
2661 38
2666 36
2671 44
2676 38
2686 40
2691 43
2697 36
2700 32
2705 41
2711 43
2715 36
2721 54
2727 55
2733 50
2738 53
2749 43
2757 35
2763 35
2768 40
2773 45
2779 40
2784 44
2789 50
2794 42
2801 42
2805 33
2810 34
2818 35
2822 42
2823 37
2836 46
2842 48
2848 41
2853 45
2860 43
2867 47
2872 52
2878 31
2888 38
2894 37
2899 41
2904 42
2911 44
2916 40
2917 38
2926 33
2931 42
2939 39
2945 42
2950 37
2959 36
2963 45
2969 41
2973 39
2977 41
2983 37
2991 43
2998 42
3002 36
3013 36
3016 34
3021 34
3022 33
3026 32
3037 35
3044 40
3048 34
3053 34
3057 40
3063 41
3069 44
3073 37
3078 36
3083 46
3088 39
3092 44
3097 44
3102 39
3107 49
3114 45
3119 43
3124 38
3128 35
3138 35
3142 35
3146 37
3150 37
3157 38
3166 45
3174 43
3180 34
3184 33
3188 40
3193 39
3196 36
3200 36
3205 47
3213 39
3221 36
3228 40
3237 44
3243 40
3249 39
3254 34
3258 34
3264 38
3272 44
3277 41
3283 39
3288 34
3294 38
3298 33
3304 34
3310 43
3316 46
3321 36
3326 45
3331 49
3337 39
3342 41
3346 47
3351 36
3356 42
3362 47
3368 39
3374 41
3375 36
3384 39
3392 37
3397 39
3401 41
3406 38
3412 46
3418 48
3431 48
3436 49
3441 49
3446 45
3452 47
3457 39
3462 31
3466 32
3471 40
3478 44
3483 38
3487 34
3493 48
3498 49
3504 49
3510 41
3518 43
3526 35
3532 41
3538 40
3543 34
3547 47
3553 45
3558 43
3563 41
3569 44
3573 39
3578 38
3582 39
3588 36
3589 35
3593 35
3604 41
3607 39
3612 45
3617 36
3623 45
3629 58
3635 31
3641 35
3647 41
3651 33
3657 35
3662 35
3667 47
3672 39
3676 36
3681 42
3693 45
3698 48
3703 46
3709 42
3715 39
3721 33
3726 36
3731 35
3736 50
3741 44
3748 37
3753 42
3758 43
3763 51
3769 45
3775 45
3781 38
3785 31
3789 34
3793 41
3799 38
3802 38
3808 38
3813 36
3817 36
3822 39
3827 40
3831 34
3838 35
3843 35
3849 42
3854 39
3859 45
3864 33
3869 42
3874 45
3880 46
3885 62
3894 56
3900 34
3905 39
3911 46
3915 44
3921 46
3926 43
3934 36
3941 32
3949 44
3958 36
3964 38
3967 38
3973 41
3980 52
3986 36
3992 45
3996 36
4002 39
4006 38
4012 64
4019 35
4024 39
4030 37
4035 40
4041 41
4045 34
4052 46
4058 37
4065 39
4070 44
4075 41
4080 38
4085 32
4090 44
4095 46
4101 37
4107 44
4114 39
4119 37
4123 48
4129 55
4135 45
4140 45
4145 37
4150 43
4156 34
4162 39
4167 36
4170 31
4176 50
4182 41
4187 45
4194 41
4200 50
4206 51
4211 54
4217 44
4222 34
4228 36
4233 40
4239 43
4244 35
4248 35
4252 36
4260 39
4266 48
4271 42
4277 35
4282 35
4290 31
4295 32
4299 35
4303 36
4307 37
4313 40
4318 40
4323 34
4327 36
4328 34
4339 31
4343 41
4351 37
4356 38
4362 42
4367 42
4373 42
4379 34
4385 35
4390 46
4396 34
4401 36
4407 35
4411 36
4415 32
4421 42
4426 49
4432 39
4437 41
4441 49
4447 43
4448 42
4456 38
4464 39
4470 42
4474 31
4479 35
4484 41
4490 38
4495 46
4500 49
4506 37
4511 53
4516 43
4521 34
4526 44
4531 44
4536 36
4541 40
4547 36
4553 46
4558 32
4565 32
4570 38
4575 39
4580 47
4586 40
4591 39
4596 46
4602 48
4608 44
4613 38
4618 41
4623 39
4627 34
4632 54
4637 44
4642 39
4646 33
4653 42
4661 35
4665 45
4671 43
4675 38
4679 42
4685 36
4689 36
4695 37
4701 37
4707 40
4714 41
4717 35
4722 37
4729 36
4733 33
4738 33
4744 36
4750 41
4756 36
4757 34
4768 40
4774 42
4781 41
4787 45
4793 44
4794 31
4803 44
4810 37
4816 40
4821 42
4829 42
4835 41
4839 37
4846 38
4854 34
4858 42
4863 41
4869 32
4871 29
4878 32
4886 36
4890 38
4894 41
4900 41
4905 39
4910 39
4915 35
4920 43
4925 43
4931 43
4937 48
4941 55
4947 48
4955 48
4963 40
4968 41
4973 38
4978 39
4982 34
4987 37
4994 35
5000 37
5005 35
5010 45
5015 42
5016 39
5025 40
5031 44
5032 37
5042 47
5048 49
5054 51
5059 38
5064 41
5072 38
5080 38
5081 33
5089 40
5094 37
5102 35
5104 35
5111 44
5118 39
5125 45
5131 39
5136 38
5140 34
5148 42
5155 35
5160 35
5164 42
5170 38
5174 35
5176 32
5183 33
5186 32
5191 39
5192 34
5199 35
5204 38
5210 41
5216 38
5221 46
5227 46
5233 36
5237 39
5241 37
5246 33
5251 44
5257 41
5262 36
5274 45
5280 43
5284 38
5290 32
5297 36
5305 34
5310 42
5316 47
5322 43
5327 45
5335 37
5341 44
5349 42
5360 39
5364 31
5371 40
5375 36
5381 41
5388 40
5395 36
5402 40
5406 40
5410 43
5416 40
5420 34
5425 41
5431 45
5435 34
5441 37
5447 30
5452 43
5457 38
5461 38
5469 36
5473 39
5480 48
5486 51
5492 50
5497 44
5503 36
5507 34
5512 42
5516 32
5520 30
5526 38
5529 34
5534 33
5538 40
5543 43
5548 34
5554 34
5558 32
5564 40
5569 33
5575 39
5579 39
5584 29
5589 37
5595 47
5603 39
5607 39
5613 39
5618 46
5623 37
5630 40
5635 50
5641 42
5642 36
5649 40
5656 42
5662 35
5666 34
5667 32
5676 36
5682 38
5686 38
5692 48
5697 45
5702 35
5707 46
5711 41
5716 37
5721 50
5726 49
5731 39
5738 30
5744 37
5747 37
5755 34
5758 34
5762 43
5767 33
5772 38
5784 36
5793 40
5799 41
5803 36
5811 36
5817 39
5828 36
5835 40
5839 32
5844 33
5848 29
5853 37
5858 28
5865 40
5874 49
5879 42
5884 37
5891 39
5898 38
5902 42
5908 44
5913 43
5920 54
5926 50
5933 38
5937 36
5942 39
5949 43
5953 35
5961 42
5967 42
5973 38
5978 38
5983 40
5987 35
5992 39
5997 49
6002 51
6008 47
6013 40
6017 39
6025 36
6036 38
6040 39
6046 35
6051 35
6056 33
6062 36
6066 36
6074 33
6079 52
6086 43
6094 48
6100 45
6107 42
6112 31
6115 30
6119 33
6124 41
6131 44
6140 50
6150 40
6156 52
6161 46
6166 46
6171 44
6181 43
6186 35
6191 46
6196 43
6202 40
6209 37
6214 44
6220 44
6225 41
6226 35
6234 30
6243 45
6247 37
6252 47
6258 48
6268 34
6273 35
6277 40
6281 31
6288 45
6294 51
6301 40
6307 47
6314 52
6321 46
6327 47
6333 39
6339 41
6344 37
6350 36
6356 40
6361 39
6367 38
6372 45
6377 47
6382 38
6387 39
6392 45
6398 42
6404 47
6411 42
6418 35
6422 37
6426 29
6434 37
6441 37
6446 48
6453 51
6458 47
6463 47
6469 53
6476 40
6482 49
6488 45
6494 40
6500 48
6505 38
6511 38
6515 32
6519 33
6525 43
6531 48
6537 45
6543 36
6550 36
6556 39
6560 38
6567 33
6573 43
6577 42
6587 42
6592 40
6597 38
6603 41
6609 40
6615 37
6622 44
6627 38
6636 39
6641 39
6651 44
6656 34
6662 42
6667 37
6672 54
6678 52
6685 66
6695 61
6704 53
6721 92
6724 92
6727 92
6730 92
99261 1559855664
99265 1559855808
99268 32767
99273 1559855664
99276 32767
99281 1559855856
99287 1559856572
99296 1074041820
99305 1559855856
99309 1559856456
99315 1559856392
99319 1559858060
99320 32767
99327 1559858060
99333 1559856520
99339 1559856488
99343 1559858059
99353 1559857024
99357 1559857408
99362 524288
99365 1
99369 1559858060
99370 32767
99381 1559857496
99386 6
99389 1
99393 1559858059
99394 32767
99402 1
99415 1559856356
99423 2026584188
99429 2026584184
99433 2026584160
99439 2026587512
99445 1559856384
99449 2061214480
99456 32711
99461 1559856496
99464 32767
99467 100
99475 1559856424
99489 1559857008
99495 1559856504
99501 1559860568
99507 46685398
99519 1645076232
99523 1645084656
99531 1644904586
99535 1645076232
99539 1645081384
99547 1644904586
99551 1645084656
99555 1645084656
99557 1645047984
99563 1645076232
99571 1645076232
99579 1559857056
99583 1644929635
99589 2026584160
99593 46709784
99599 1645076232
99603 1644935705
99609 1645003440
99615 1645076232
99621 1645047984
99625 46709513
99629 1645084656
99637 1940
99643 1644850597
99649 1559857472
99653 2026587512
99659 2026587512
99671 1645076232
99675 1645081232
99683 1644904586
99687 1645081232
99691 1645081232
99703 1645076232
99707 1645081232
99711 46708480
99723 1645076232
99727 1645081232
99735 1644904586
99739 1645081232
99743 1645081232
99745 1645047984
99751 1645076232
99759 1645076232
99767 1559857808
99771 1644929635
99777 1645003440
99781 46709784
99787 1645076232
99791 1644935705
99801 1559857824
99805 1559857968
99808 32767
99813 1559857824
99816 32767
99821 1559858016
99827 1559858732
99831 1644850597
99836 1079211898
99841 1559860976
99845 1559858016
99849 1559858616
99855 1559858552
99859 1559860220
99860 32767
99867 1559860220
99873 1559858128
99877 1559858696
99883 1559858664
99887 1559860235
99897 1559859200
99901 1559858240
99905 1559858256
99909 1559858824
99915 1559858792
99919 1559860363
99929 1559859328
99932 32767
99937 1559860235
99938 32767
99946 1
99953 1559859784
99957 1559859800
99961 1
99965 1
99969 1559860363
99970 32767
99978 1
99979 1
99987 4
99993 1559860360
