1 406 398 0 0 0.406406
2 468 453 0 0 0.473684
3 487 468 0 0 0.48994
4 459 439 0 0 0.461771
5 386 397 0 0 0.38833
6 251 299 0 0 0.25328
7 192 234 0 0 0.195719
8 216 252 0 0 0.220859
9 249 280 0 0 0.256173
10 294 307 0 0 0.30123
11 306 307 0 0 0.315464
12 304 267 0 0 0.314374
13 302 228 0 0 0.311662
14 310 208 0 0 0.31893
15 268 185 0 0 0.277146
16 228 170 0 0 0.236515
17 200 155 0 0 0.207254
18 180 175 0 0 0.186722
19 165 199 0 0 0.171162
20 149 205 0 0 0.156348
21 118 172 0 0 0.123173
22 122 173 0 0 0.127349
23 123 171 0 0 0.128125
24 125 151 0 0 0.13048
25 128 148 0 0 0.133751
26 139 137 0 0 0.145855
27 138 131 0 0 0.145263
28 148 141 0 0 0.156614
29 150 129 0 0 0.158562
30 145 129 0 0 0.153765
31 141 118 0 0 0.149682
32 135 121 0 0 0.142255
33 136 118 0 0 0.142857
34 133 124 0 0 0.139121
35 131 128 0 0 0.137461
36 122 142 0 0 0.127482
37 127 133 0 0 0.132154
38 135 134 0 0 0.141807
39 135 137 0 0 0.141807
40 131 151 0 0 0.136458
41 123 148 0 0 0.128931
42 119 154 0 0 0.12566
43 117 152 0 0 0.124733
44 131 144 0 0 0.139808
45 152 139 0 0 0.163441
46 155 109 0 0 0.167026
47 165 89 0 0 0.178571
48 192 86 0 0 0.208243
49 190 93 0 0 0.20585
50 173 116 0 0 0.187636
51 138 131 0 0 0.150491
52 122 132 0 0 0.134066
53 103 147 0 0 0.113812
54 97 173 0 0 0.106711
55 97 199 0 0 0.107182
56 88 211 0 0 0.0979955
57 101 197 0 0 0.111973
58 107 171 0 0 0.118625
59 123 150 0 0 0.136971
60 150 117 0 0 0.166852
61 172 107 0 0 0.193258
62 182 98 0 0 0.204724
63 190 100 0 0 0.214205
64 191 99 0 0 0.216308
65 182 103 0 0 0.206818
66 174 115 0 0 0.19863
67 148 116 0 0 0.16953
68 135 117 0 0 0.155351
69 122 135 0 0 0.141204
70 103 144 0 0 0.119213
71 105 156 0 0 0.12181
72 112 163 0 0 0.12978
73 112 169 0 0 0.130994
74 121 158 0 0 0.142353
75 104 148 0 0 0.122931
76 113 138 0 0 0.133728
77 104 146 0 0 0.12381
78 126 140 0 0 0.150358
79 137 120 0 0 0.164466
80 139 111 0 0 0.168077
81 157 98 0 0 0.189385
82 160 97 0 0 0.19347
83 148 101 0 0 0.179612
84 159 107 0 0 0.193902
85 152 117 0 0 0.185819
86 143 149 0 0 0.17439
87 152 144 0 0 0.187423
88 140 147 0 0 0.174129
89 119 142 0 0 0.150253
90 104 138 0 0 0.131646
91 98 140 0 0 0.124208
92 105 138 0 0 0.134271
93 95 125 0 0 0.122108
94 106 111 0 0 0.137484
95 98 100 0 0 0.128105
96 107 105 0 0 0.14042
97 119 94 0 0 0.158455
98 120 79 0 0 0.160858
99 111 83 0 0 0.15
100 98 93 0 0 0.132972
101 103 97 0 0 0.141678
102 100 96 0 0 0.13947
103 105 90 0 0 0.147472
104 113 91 0 0 0.158931
105 99 94 0 0 0.140227
106 100 97 0 0 0.14245
107 91 94 0 0 0.130747
108 82 91 0 0 0.118669
109 86 99 0 0 0.125915
110 82 94 0 0 0.120411
111 83 91 0 0 0.122963
112 64 90 0 0 0.0956652
113 66 86 0 0 0.0995475
114 71 91 0 0 0.107739
115 78 85 0 0 0.118902
116 67 90 0 0 0.102919
117 72 89 0 0 0.111975
118 73 81 0 0 0.114062
119 70 81 0 0 0.111465
120 62 80 0 0 0.099839
121 62 68 0 0 0.100649
122 65 54 0 0 0.106908
123 73 47 0 0 0.122278
124 75 51 0 0 0.127334
125 74 52 0 0 0.12628
126 77 45 0 0 0.133218
127 67 51 0 0 0.116928
128 74 58 0 0 0.130053
129 64 63 0 0 0.113274
130 58 48 0 0 0.103387
131 54 53 0 0 0.0969479
132 56 54 0 0 0.101449
133 54 43 0 0 0.100186
134 60 41 0 0 0.112994
135 63 39 0 0 0.120921
136 50 33 0 0 0.0967118
137 51 38 0 0 0.100592
138 45 42 0 0 0.0901804
139 42 41 0 0 0.084507
140 33 39 0 0 0.067623
141 36 37 0 0 0.0753138
142 37 36 0 0 0.0780591
143 39 33 0 0 0.0826271
144 31 34 0 0 0.0663812
145 30 36 0 0 0.0657895
146 24 35 0 0 0.0529801
147 18 29 0 0 0.0402685
148 18 28 0 0 0.0410023
149 15 22 0 0 0.0348837
150 18 19 0 0 0.0430622
151 15 16 0 0 0.0364078
152 12 11 0 0 0.0292683
153 7 8 0 0 0.0172414
154 6 6 0 0 0.015
155 5 6 0 0 0.0127551
156 5 4 0 0 0.012987
157 3 4 0 0 0.00791557
158 2 3 0 0 0.00543478
159 1 2 0 0 0.00278552
160 1 2 0 0 0.00285714
161 1 2 0 0 0.00293255
162 2 0 0 0 0.00597015
163 2 0 0 0 0.00615385
164 1 0 0 0 0.00315457
165 0 0 0 0 0
166 0 0 0 0 0
167 0 0 0 0 0
168 0 0 0 0 0
169 0 0 0 0 0
170 0 0 0 0 0
171 0 0 0 0 0
172 0 0 0 0 0
173 0 0 0 0 0
174 0 0 0 0 0
175 0 0 0 0 0
176 0 0 0 0 0
177 0 0 0 0 0
178 0 0 0 0 0
179 0 0 0 0 0
180 0 0 0 0 0
181 0 0 0 0 0
182 0 0 0 0 0
183 0 0 0 0 0
184 0 0 0 0 0
185 0 0 0 0 0
