1 6 17 0 0 0.006
2 58 80 0 0 0.058
3 178 162 0 0 0.178
4 265 257 0 0 0.265
5 251 234 0 0 0.251
6 227 192 0 0 0.227
7 219 239 0 0 0.219
8 241 242 0 0 0.241
9 288 250 0 0 0.288
10 288 269 0 0 0.288
11 248 305 0 0 0.248
12 243 283 0 0 0.243
13 288 253 0 0 0.288
14 310 240 0 0 0.31
15 275 292 0 0 0.275
16 254 320 0 0 0.254
17 275 304 0 0 0.275
18 309 264 0 0 0.309
19 318 265 0 0 0.318
20 285 287 0 0 0.285
21 264 320 0 0 0.264
22 292 299 0 0 0.292
23 315 270 0 0 0.315
24 308 287 0 0 0.308
25 299 295 0 0 0.299
26 275 313 0 0 0.275
27 302 298 0 0 0.302
28 314 313 0 0 0.314
29 333 302 0 0 0.333
30 329 299 0 0 0.329
31 321 294 0 0 0.321
32 328 310 0 0 0.328
33 315 313 0 0 0.315
34 316 347 0 0 0.316
35 329 325 0 0 0.329
36 332 312 0 0 0.332
37 330 309 0 0 0.33
38 328 341 0 0 0.328
39 331 337 0 0 0.331
40 354 326 0 0 0.354
41 352 303 0 0 0.352
42 362 293 0 0 0.362
43 347 310 0 0 0.347
44 367 328 0 0 0.367
45 351 324 0 0 0.351
46 377 346 0 0 0.377
47 341 377 0 0 0.341
48 313 408 0 0 0.313
49 357 384 0 0 0.357
50 358 353 0 0 0.358
51 377 339 0 0 0.377
52 418 319 0 0 0.418
53 388 353 0 0 0.388
54 362 376 0 0 0.362
55 370 379 0 0 0.37
56 380 369 0 0 0.38
57 378 377 0 0 0.378
58 406 357 0 0 0.406
59 422 360 0 0 0.422
60 406 368 0 0 0.406
61 368 410 0 0 0.368
62 352 419 0 0 0.352
63 398 370 0 0 0.398
64 441 368 0 0 0.441
65 432 366 0 0 0.432
66 408 409 0 0 0.408
67 403 415 0 0 0.403
68 407 428 0 0 0.407
69 395 443 0 0 0.395
70 384 479 0 0 0.384
71 378 449 0 0 0.378
72 411 438 0 0 0.411
73 449 389 0 0 0.449
74 468 376 0 0 0.468
75 470 405 0 0 0.47
76 459 408 0 0 0.459
77 447 439 0 0 0.447
78 417 452 0 0 0.417
79 430 481 0 0 0.43
80 418 488 0 0 0.418
81 421 489 0 0 0.421
82 425 486 0 0 0.425
83 433 491 0 0 0.433
84 431 479 0 0 0.431
85 422 491 0 0 0.422
86 428 494 0 0 0.428
87 450 463 0 0 0.45
88 473 439 0 0 0.473
89 518 418 0 0 0.518
90 533 393 0 0 0.533
91 531 406 0 0 0.531
92 515 429 0 0 0.515
93 505 454 0 0 0.505
94 488 473 0 0 0.488
95 479 487 0 0 0.479
96 468 501 0 0 0.468
97 456 519 0 0 0.456
98 448 528 0 0 0.448
99 441 534 0 0 0.441
100 436 534 0 0 0.436
101 432 541 0 0 0.432
102 439 546 0 0 0.439
103 435 549 0 0 0.435
104 425 556 0 0 0.425
105 415 567 0 0 0.415
106 411 578 0 0 0.411
107 412 581 0 0 0.412
108 421 576 0 0 0.421
109 425 575 0 0 0.425
110 425 575 0 0 0.425
111 425 575 0 0 0.425
112 425 575 0 0 0.425
113 425 575 0 0 0.425
114 425 575 0 0 0.425
115 425 575 0 0 0.425
116 425 575 0 0 0.425
117 425 575 0 0 0.425
118 425 575 0 0 0.425
119 425 575 0 0 0.425
120 425 575 0 0 0.425
121 425 575 0 0 0.425
122 425 575 0 0 0.425
123 425 575 0 0 0.425
124 425 575 0 0 0.425
125 425 575 0 0 0.425
126 425 575 0 0 0.425
127 425 575 0 0 0.425
128 425 575 0 0 0.425
129 425 575 0 0 0.425
