1 1405 270 261 0.377936
2 2583 276 266 0.209834
3 3086 159 162 0.104018
4 3153 85 111 0.062163
5 3328 113 94 0.0621995
6 3198 146 159 0.0953721
7 3097 146 158 0.0981595
8 2827 167 144 0.110011
9 2598 150 164 0.120862
10 2369 167 177 0.145209
11 2322 190 186 0.161929
12 2310 210 188 0.172294
13 2150 206 156 0.168372
14 2143 175 202 0.175922
15 2165 152 219 0.171363
16 2156 180 180 0.166976
17 2064 201 148 0.169089
18 2021 182 164 0.171202
19 2012 160 197 0.177435
20 2060 179 195 0.181553
21 2042 177 183 0.176298
22 1952 212 170 0.195697
23 2065 199 188 0.187409
24 2133 179 188 0.172058
25 2041 186 199 0.188633
26 2030 193 197 0.192118
27 1991 179 158 0.169262
28 1860 175 163 0.18172
29 1804 176 177 0.195676
30 1829 170 178 0.190268
31 1777 190 212 0.226224
32 1809 179 174 0.195135
33 1754 158 184 0.194983
34 1774 179 193 0.209696
35 1663 190 141 0.199038
36 1618 185 174 0.221879
37 1616 174 190 0.225248
38 1605 181 180 0.224922
39 1701 180 169 0.205173
40 1617 181 179 0.222635
41 1709 201 187 0.227033
42 1649 191 177 0.223166
43 1578 167 192 0.227503
44 1569 173 182 0.226259
45 1541 155 164 0.207008
46 1470 166 178 0.234014
47 1379 139 174 0.226976
48 1287 144 156 0.2331
49 1279 177 129 0.239249
50 1260 160 142 0.239683
51 1307 169 151 0.244836
52 1283 167 144 0.242401
53 1259 134 181 0.250199
54 1255 161 177 0.269323
55 1280 158 148 0.239063
56 1212 154 155 0.25495
57 1113 147 139 0.256963
58 1148 161 144 0.265679
59 1122 153 151 0.270945
60 1105 132 149 0.254299
61 1035 128 165 0.283092
62 1088 151 139 0.266544
63 1054 171 127 0.282732
64 1034 135 124 0.250484
65 904 109 126 0.259956
66 893 108 138 0.275476
67 798 99 106 0.256892
68 756 97 112 0.276455
69 679 90 100 0.279823
70 689 97 107 0.296081
71 665 109 88 0.296241
72 701 124 95 0.312411
73 642 125 83 0.323988
74 683 96 90 0.272328
75 602 82 107 0.313953
76 547 85 91 0.321755
77 550 74 102 0.32
78 514 77 90 0.324903
79 529 75 84 0.300567
80 366 56 67 0.336066
81 387 56 51 0.276486
82 363 59 58 0.322314
83 358 60 54 0.318436
84 344 61 57 0.343023
85 356 60 73 0.373596
86 413 74 63 0.331719
87 344 76 44 0.348837
88 338 73 46 0.352071
89 341 74 42 0.340176
90 293 50 40 0.307167
91 297 45 62 0.360269
92 266 35 51 0.323308
93 208 24 45 0.331731
94 163 20 36 0.343558
95 153 18 30 0.313725
96 121 13 26 0.322314
97 117 14 26 0.34188
98 99 11 22 0.333333
99 88 18 20 0.431818
100 114 18 20 0.333333
101 122 18 21 0.319672
102 81 9 13 0.271605
103 65 9 12 0.323077
104 60 7 19 0.433333
105 66 6 14 0.30303
106 69 7 12 0.275362
107 37 5 5 0.27027
108 21 8 1 0.428571
109 7 2 0 0.285714
110 0 0 0 0
111 0 0 0 0
112 0 0 0 0
113 0 0 0 0
114 0 0 0 0
115 0 0 0 0
116 0 0 0 0
117 0 0 0 0
118 0 0 0 0
119 0 0 0 0
120 0 0 0 0
121 0 0 0 0
122 0 0 0 0
123 0 0 0 0
124 0 0 0 0
125 0 0 0 0
126 0 0 0 0
127 0 0 0 0
128 0 0 0 0
129 0 0 0 0
