4 265
9 288
14 310
19 318
23 315
29 333
36 332
46 377
52 418
59 422
64 441
75 470
83 433
90 533
109 425
112 425
115 425
118 425
121 425
124 425
127 425
452 32767
460 32767
472 32767
474 32767
483 531315142
489 825111089
498 942747953
503 56
511 531316883
521 48
524 48
531 531315180
542 955023360
550 2028179000
558 1076386929
566 1071667988
578 1728053248
584 32767
586 32767
593 532544787
596 32767
602 32767
608 32767
610 32767
622 32767
630 942747953
635 531309776
638 32767
642 1071892
644 32767
648 32767
655 531286732
658 32767
669 523636864
674 955023360
679 16
689 32
698 1071667988
706 1072693248
714 1071667988
718 1728053248
726 1728086015
734 32767
738 32767
742 32767
745 1
750 32767
756 32767
758 32767
770 32767
774 1071892
779 523493941
782 1048576
784 32767
788 32767
792 32767
796 32767
803 531286732
806 32767
816 32767
829 32
837 32
853 6
867 531296764
875 531296764
878 32767
882 32767
890 32767
