13 412
22 367
23 351
38 285
51 221
63 177
73 114
87 61
100 17
103 6
491 531315142
498 942747953
503 531309776
509 53
514 56
519 531318751
521 48
531 531315180
542 955023360
559 3
566 1071667988
586 1728053248
592 32767
594 32767
601 532544787
604 32767
610 32767
616 32767
618 32767
630 942747953
635 531309776
638 32767
643 531309776
648 32767
650 32767
654 32767
663 531286732
669 523636864
674 955023360
679 16
687 523632640
698 1071667988
706 1072693248
714 1071667988
718 1728053248
726 1728086015
735 531296764
738 32767
742 32767
745 1
750 32767
756 32767
758 32767
770 32767
774 1071892
779 523493941
782 1048576
784 32767
788 32767
792 32767
796 32767
803 531286732
806 32767
816 32767
829 32
837 32
853 6
867 531296764
875 531296764
878 32767
882 32767
890 32767
