99801 192534966
99809 1414028128
99813 1414028272
99816 32767
99821 1414028128
99824 32767
99829 1414028320
99835 1414029036
99839 1649299208
99843 1130254552
99849 192534966
99853 1414028320
99857 1414028920
99863 1414028856
99867 1414030524
99868 32767
99875 1414030524
99881 1414028984
99889 1414031240
99901 1414028512
99905 1414029080
99911 1414029048
99915 1414030619
99925 1414029584
99929 1414029960
99934 7
99937 1
99941 1414030523
99942 32767
99953 1414030056
99955 1
99961 1
99965 1414030619
99966 32767
99974 1
99983 4
99989 1414030616
99998 32675
