9810 43
9820 45
9830 43
9840 45
9850 47
9860 52
9870 51
9880 46
9890 46
9900 45
9910 44
9921 41
9930 37
9941 38
9951 38
9961 42
9971 44
9981 43
9991 42
10002 38
10012 43
10022 58
10032 56
10042 57
10052 56
10062 56
10072 52
10082 48
10092 45
10103 44
10113 49
10123 58
10133 48
10143 54
10153 49
10163 50
10173 46
10183 45
10193 45
10204 42
10214 50
10224 48
10234 50
10244 53
10254 51
10264 50
10274 48
10284 48
10294 45
10304 44
10314 42
10325 42
10335 41
10345 48
10355 53
10365 61
10375 59
10385 50
10395 52
10405 49
10415 50
10426 44
10436 50
10446 48
10456 58
10466 60
10476 58
10478 3
10486 59
10488 3
10496 53
10506 43
10517 43
10527 48
10532 3
10537 49
10542 3
10547 52
10552 3
10557 54
10567 53
10577 53
10587 51
10597 49
10607 44
10617 41
10620 3
10628 48
10638 47
10648 44
10658 45
10668 46
10678 49
10688 45
10699 43
10709 44
10719 49
10729 50
10739 50
10749 54
10759 58
10769 63
10779 52
10789 44
10799 40
10810 41
10820 45
10830 50
10840 54
10850 53
10860 47
10870 47
10881 43
10891 48
10901 52
10911 55
10921 51
10931 44
10941 43
10952 46
10962 51
10972 53
10982 56
10992 57
11002 58
11012 51
11022 47
11033 44
11043 48
11053 48
11063 55
11073 56
11075 4
11083 57
11085 4
11093 60
11095 4
11103 51
11113 53
11123 52
11133 51
11143 52
11153 48
11159 3
11164 45
11169 3
11174 48
11179 3
11184 53
11189 3
11194 56
11199 3
11204 62
11209 3
11214 65
11216 3
11224 61
11229 3
11234 61
11244 54
11254 49
11259 3
11264 44
11269 3
11274 42
11285 42
11289 3
11295 44
11305 53
11315 57
11325 53
11335 52
11345 49
11355 47
11365 45
11375 42
11385 41
11396 43
11406 46
11416 45
11426 46
11436 47
11446 49
11456 50
11466 51
11476 53
11486 53
11496 52
11506 47
11517 47
11527 53
11537 55
11547 55
11557 52
11567 53
11577 47
11587 46
11597 42
11608 47
11618 49
11628 51
11638 56
11648 53
11658 52
11668 48
11679 44
11689 46
11699 55
11709 53
11719 55
11729 54
11739 52
11749 52
11759 50
11769 43
11779 43
11790 42
11800 46
11810 44
11820 51
11830 53
11840 50
11850 49
11860 45
11870 42
11881 45
11891 40
11901 39
11911 42
11921 48
11931 42
11941 41
11952 40
11962 45
11972 42
11982 38
11992 38
12002 39
12013 38
12023 43
12033 44
12043 44
12053 48
12063 48
12073 51
12083 52
12093 47
12103 44
12114 44
12124 53
12134 50
12144 50
12154 54
12164 58
12174 59
12184 58
12194 51
12204 49
12215 47
12225 44
12235 46
12245 47
12255 51
12265 53
12275 54
12285 52
12295 48
12305 42
12316 50
12317 2
12326 53
12336 58
12346 62
12356 59
12358 2
12366 60
12368 2
12376 56
12386 57
12396 59
12406 56
12416 54
12426 49
12436 48
12446 45
12457 45
12467 47
12477 54
12487 54
12497 53
12507 51
12517 47
12527 42
12537 43
12547 40
12558 41
12568 39
12578 39
12588 41
12598 40
12608 43
12618 42
12628 40
12638 42
12648 41
12658 46
12668 44
12679 50
12689 51
12699 49
12709 47
12719 45
12729 39
12739 38
12750 37
12760 39
12770 40
12780 42
12790 42
12800 47
12802 3
12810 49
12812 3
12820 47
12822 3
12830 47
12840 48
12850 50
12860 48
12870 45
12880 43
12890 38
12901 37
12906 3
12911 38
12916 3
12921 39
12926 3
12931 39
12936 3
12941 40
12943 3
12951 41
12953 3
12961 43
12971 41
12981 42
12991 42
13001 40
13011 41
13022 51
13032 49
13042 45
13052 48
13062 45
13072 46
13083 50
13093 48
13103 47
13113 49
13123 46
13133 47
13143 43
13154 54
13164 49
13174 60
13184 59
13194 59
13204 50
13214 50
13224 46
13235 44
13245 51
13255 51
13265 51
13275 50
13286 40
13296 48
13306 52
13316 55
13326 49
13336 51
13346 56
13356 58
13366 54
13376 53
13386 46
13396 40
13407 46
13417 49
13427 50
13437 58
13447 51
13457 47
13467 46
13477 44
13487 46
13498 46
13508 55
13518 56
13528 61
13530 2
13538 67
13540 2
13548 67
13558 66
13560 2
13568 50
13579 56
13589 57
13599 62
13609 64
13619 67
13629 55
13639 51
13650 44
13660 56
13670 61
13680 53
13691 46
13701 54
13711 64
13721 56
13731 51
13742 47
13752 58
13762 54
13772 52
13783 46
13793 49
13803 48
13813 48
13823 50
13833 53
13843 42
13854 42
13864 46
13874 49
13884 52
13894 55
13904 55
13914 51
13924 48
13934 46
13944 46
13954 45
13965 44
13975 49
13985 58
13995 60
14005 59
14015 53
14025 52
14035 51
14045 49
14056 50
14066 60
14076 55
14086 54
14096 51
14106 48
14116 43
14127 42
14137 50
14147 52
14157 58
14167 51
14177 49
14187 51
14197 48
14207 44
14218 47
14228 45
14238 43
14248 45
14258 44
14268 44
14279 46
14289 54
14299 56
14309 60
14319 55
14329 54
14339 54
14349 50
14359 45
14370 44
14380 46
14390 49
14400 50
14410 50
14420 50
14430 50
14440 54
14450 52
14460 50
14470 49
14480 46
14490 45
14501 46
14511 48
14521 53
14531 52
14541 54
14551 52
14561 50
14571 52
14581 52
14591 40
14601 39
14612 40
14622 45
14632 48
14642 48
14652 54
14662 48
14672 45
14683 42
14693 45
14703 55
14713 52
14723 52
14733 53
14743 53
14753 47
14763 42
14774 46
14784 53
14794 53
14804 58
14814 63
14824 71
14835 45
14840 2
14845 60
14855 49
14857 2
14865 50
14875 41
14886 49
14896 54
14906 60
14916 61
14926 61
14936 53
14946 45
14957 48
14967 52
14977 50
14987 53
14997 47
15008 50
15018 52
15028 53
15038 49
15048 49
15058 50
15068 43
15079 50
15089 50
15099 50
15109 47
15119 48
15129 48
15139 43
15150 40
15160 44
15170 47
15180 44
15190 46
15200 46
15210 48
15220 48
15230 52
15240 51
15250 52
15260 50
15270 44
15280 47
15290 43
15301 41
15311 44
15321 44
15331 49
15341 49
15351 48
15361 48
15371 49
15381 48
15391 48
15401 42
15411 42
15422 43
15427 5
15432 44
15437 5
15442 43
15447 5
15452 48
15457 5
15462 46
15467 5
15472 50
15477 5
15482 47
15487 5
15492 48
15502 44
15512 44
15522 43
15532 40
15543 39
15547 5
15553 41
15557 5
15563 45
15567 5
15573 45
15583 43
15593 47
15603 47
15613 46
15623 48
15633 47
15643 46
15653 41
15664 44
15674 47
15684 51
15694 54
15704 55
15714 50
15724 46
15734 44
15744 45
15754 44
15764 39
15775 39
15785 42
15795 45
15805 45
15815 45
15825 46
15835 46
15845 47
15855 48
15865 44
15875 44
15885 44
15895 39
15906 40
15916 46
15926 45
15936 48
15946 48
15956 46
15966 45
15976 46
15986 45
15996 46
16006 44
16017 42
16027 39
16037 46
16047 46
16057 47
16067 50
16077 48
16087 50
16097 45
16107 47
16117 46
16127 39
16138 52
16148 51
16158 50
16168 56
16178 45
16188 42
16199 44
16209 48
16219 55
16229 56
16239 58
16249 58
16259 54
16269 51
16279 44
16289 42
16300 42
16310 45
16320 45
16330 47
16340 51
16350 44
16360 43
16370 41
16380 39
16391 37
16401 36
16411 37
16421 39
16431 45
16441 45
16451 46
16461 41
16471 40
16481 38
16492 38
16502 40
16512 40
16522 41
16532 42
16542 42
16552 42
16562 40
16572 41
16582 42
16592 40
16602 40
16612 40
16622 41
16633 48
16643 49
16653 54
16663 56
16673 62
16683 63
16693 59
16703 52
16713 48
16723 43
16733 41
16744 41
16754 51
16764 50
16774 53
16784 56
16794 56
16804 56
16814 54
16824 54
16834 54
16844 50
16854 48
16864 43
16875 44
16885 47
16895 45
16905 47
16915 51
16925 54
16935 52
16945 48
16955 46
16965 48
16975 46
16985 45
16995 45
17005 42
17015 42
17025 43
17035 41
17046 48
17056 52
17066 55
17076 58
17086 59
17096 57
17106 56
17116 57
17126 50
17136 47
17147 42
17157 43
17167 49
17177 48
17187 50
17197 48
17208 42
17217 42
17228 44
17238 55
17248 55
17258 53
17268 57
17279 49
17289 66
17299 61
17309 56
17319 52
17329 48
17340 45
17350 51
17360 51
17370 56
17380 56
17382 1
17390 61
17400 58
17411 60
17421 60
17431 54
17442 46
17452 53
17462 50
17472 43
17482 48
17492 42
17503 41
17513 46
17523 47
17533 55
17543 60
17553 60
17563 61
17573 57
17583 54
17593 55
17603 47
17613 42
17624 45
17634 51
17644 56
17654 56
17664 57
17674 60
17684 58
17694 55
17704 55
17714 53
17724 52
17735 47
17745 54
17755 56
17757 3
17765 55
17775 57
17785 51
17795 51
17805 47
17816 46
17826 48
17836 54
17846 47
17856 50
17866 50
17876 51
17878 3
17886 46
17896 43
17907 43
17917 44
17927 54
17937 55
17947 57
17957 52
17967 51
17977 51
17987 53
17991 3
17997 52
18001 3
18007 48
18017 47
18028 46
18038 58
18048 60
18058 61
18068 60
18078 59
18088 53
18098 57
18108 45
18118 41
18129 45
18139 45
18149 43
18159 47
18169 49
18179 53
18189 50
18199 49
18209 49
18219 46
18230 41
18240 42
18250 47
18260 49
18270 48
18280 48
18290 46
18301 46
18311 47
18321 48
18324 3
18331 51
18334 3
18341 53
18351 56
18361 54
18371 55
18381 48
18391 48
18402 48
18412 56
18422 56
18432 52
18442 50
18452 46
18462 39
18473 43
18483 45
18493 49
18503 52
18513 53
18523 56
18533 51
18543 47
18553 48
18563 44
18574 47
18584 47
18594 50
18604 56
18614 51
18625 47
18635 50
18645 57
18655 61
18665 57
18675 49
18685 43
18696 47
18706 52
18716 49
18726 49
18736 49
18746 48
18756 41
18766 39
18777 39
18787 42
18797 47
18807 46
18817 45
18827 45
18837 51
18847 52
18857 47
18867 45
18877 44
18887 39
18898 43
18908 43
18918 47
18928 46
18938 47
18948 49
18958 50
18968 51
18978 50
18988 53
18998 50
19008 51
19018 49
19028 49
19038 45
19048 43
19058 43
19068 38
19079 40
19089 39
19099 42
19109 43
19119 43
19129 49
19139 49
19149 49
19159 52
19169 52
19179 49
19189 42
19199 40
19210 40
19220 43
19230 44
19240 45
19250 48
19260 43
19270 47
19280 40
19291 36
19301 40
19311 42
19321 42
19331 49
19341 45
19351 42
19361 40
19371 41
19382 40
19392 44
19402 44
19412 44
19422 47
19432 49
19442 46
19453 43
19463 52
19473 53
19483 56
19493 55
19503 55
19513 52
19523 50
19533 50
19543 49
19553 46
19563 42
19573 40
19583 40
19594 38
19596 2
19604 38
19606 2
19614 40
19616 2
19624 40
19634 43
19644 43
19654 45
19665 39
19675 42
19685 47
19695 49
19705 50
19715 51
19725 50
19735 48
19745 47
19755 45
19766 47
19776 62
19786 52
19796 52
19806 53
19816 48
19827 46
19837 55
19847 56
19857 57
19867 53
19877 49
19888 40
19898 47
19908 45
19918 44
19928 45
19938 45
19949 39
19959 42
19969 37
19979 41
19989 44
19999 48
20009 46
20019 44
20029 41
20040 48
20050 56
20060 62
20070 60
20080 58
20090 54
20100 55
20111 51
20121 56
20131 64
20133 2
20141 57
20151 54
20161 52
20171 46
20174 2
20182 55
20192 58
20202 60
20212 57
20222 55
20232 52
20242 48
20252 46
20262 43
20273 43
20283 50
20293 51
20303 55
20313 45
20324 43
20334 46
20344 55
20354 59
20364 58
20374 55
20384 55
20394 55
20404 51
20414 51
20424 44
20435 47
20445 48
20455 53
20465 54
20467 3
20475 55
20485 54
20495 51
20505 49
20515 42
20525 42
20536 37
20546 40
20556 49
20566 44
20576 47
20586 44
20596 49
20606 46
20616 44
20626 45
20637 47
20647 46
20657 51
20667 58
20677 58
20687 60
20697 50
20708 46
20718 47
20728 52
20738 57
20748 71
20758 68
20768 72
20778 56
20788 50
20798 48
20809 51
20819 51
20829 55
20839 53
20849 49
20859 49
20869 47
20880 53
20890 59
20900 57
20910 54
20920 45
20931 45
20941 45
20951 52
20961 53
20971 58
20981 57
20991 56
21001 48
21012 43
21022 45
21032 50
21042 52
21052 58
21062 53
21072 49
21082 51
21093 49
21103 53
21113 55
21123 59
21133 61
21143 59
21153 54
21163 48
21174 46
21184 46
21194 51
21204 56
21214 55
21218 2
21224 55
21226 2
21234 51
21237 2
21244 50
21254 47
21264 48
21274 46
21285 44
21295 44
21305 45
21315 47
21325 48
21335 43
21345 40
21355 40
21365 41
21376 43
21386 46
21396 51
21406 55
21416 52
21426 50
21436 45
21446 42
21456 40
21467 43
21477 44
21487 46
21497 45
21507 48
21517 51
21527 47
21538 48
21548 46
21558 49
21568 55
21578 53
21588 55
21598 57
21608 56
21618 57
21628 53
21638 48
21648 44
21658 42
21668 41
21679 41
21689 43
21699 43
21709 47
21719 48
21729 48
21739 48
21749 45
21759 46
21769 43
21779 39
21789 39
21800 39
21810 40
21820 43
21830 42
21840 45
21845 3
21850 45
21853 3
21860 50
21862 3
21870 46
21880 46
21890 39
21900 39
21910 39
21920 36
21930 37
21941 38
21951 39
21961 39
21971 45
21981 49
21991 48
22001 48
22011 50
22021 46
22031 49
22041 46
22051 41
22062 43
22072 48
22082 49
22092 46
22102 48
22112 38
22122 39
22133 41
22143 51
22153 51
22163 56
22173 55
22183 48
22193 44
22204 45
22214 46
22224 46
22234 47
22244 47
22254 49
22264 50
22274 50
22284 46
22294 43
22305 46
22315 48
22325 48
22335 52
22345 56
22355 59
22365 61
22375 62
22385 55
22395 47
22405 44
22416 42
22426 44
22436 56
22446 51
22457 50
22467 52
22477 54
22487 58
22497 60
22507 60
22517 60
22527 61
22537 59
22547 55
22557 52
22567 44
22577 43
22588 43
22598 54
22608 52
22618 54
22628 55
22638 49
22648 47
22659 43
22669 44
22679 43
22689 40
22699 43
22709 45
22719 48
22729 49
22739 48
22749 47
22759 45
22770 46
22780 44
22790 47
22793 2
22800 57
22810 54
22820 53
22830 50
22840 50
22850 46
22860 43
22870 41
22881 39
22891 40
22901 43
22911 48
22921 49
22931 55
22941 51
22951 45
22961 45
22971 45
22982 45
22992 47
23002 47
23012 50
23022 51
23032 48
23042 45
23052 45
23062 41
23073 41
23083 49
23093 51
23103 54
23113 56
23123 59
23133 51
23144 45
23154 56
23164 59
23174 54
23184 51
23194 52
23204 44
23214 43
23225 42
23235 44
23245 47
23255 45
23265 44
23275 40
23286 45
23296 53
23306 55
23316 57
23326 61
23336 58
23346 58
23356 57
23366 57
23369 1
23377 53
23379 1
23387 61
23397 50
23408 57
23418 61
23428 62
23438 55
23448 57
23458 53
23468 47
23479 52
23489 56
23499 65
23509 62
23519 63
23529 57
23539 57
23549 48
23560 43
23570 50
23580 56
23590 56
23600 51
23610 45
23621 45
23631 50
23641 55
23651 60
23661 64
23671 67
23681 62
23691 47
23702 49
23712 56
23722 57
23732 50
23742 49
23752 44
23762 41
23772 39
23783 42
23793 46
23803 51
23813 60
23823 58
23833 50
23843 45
23853 40
23864 45
23874 48
23884 47
23894 44
23904 41
23914 41
23925 40
23935 43
23945 49
23955 43
23965 49
23975 48
23985 47
23995 42
24005 40
24015 39
24026 39
24036 45
24046 48
24056 51
24066 50
24076 54
24086 52
24096 53
24106 54
24116 48
24126 50
24136 50
24146 38
24156 37
24167 41
24177 43
24187 47
24197 52
24207 53
24217 47
24227 41
24237 38
24248 42
24258 45
24268 44
24278 43
24288 44
24298 42
24300 3
24308 43
24310 3
24318 43
24320 3
24328 48
24330 3
24338 46
24340 3
24348 46
24358 46
24368 44
24378 47
24388 42
24399 43
24409 44
24411 3
24419 50
24421 3
24429 47
24431 3
24439 51
24449 54
24459 56
24469 53
24479 55
24489 53
24499 53
24509 50
24519 50
24529 49
24539 42
24544 3
24550 40
24554 3
24560 42
24564 3
24570 45
24574 3
24580 49
24590 48
24600 46
24610 43
24620 44
24630 41
24640 41
24650 38
24660 37
24670 37
24680 37
24691 42
24701 47
24711 52
24721 51
24731 53
24741 54
24751 56
24761 54
24771 48
24781 46
24791 40
24802 41
24812 46
24822 45
24832 44
24842 49
24852 44
24862 43
24872 43
24882 39
24893 42
24903 48
24913 50
24923 54
24933 54
24943 52
24953 51
24963 51
24973 48
24983 47
24993 40
25004 42
25014 46
25024 50
25034 56
25044 56
25054 60
25064 56
25074 52
25084 45
25090 2
25095 47
25100 2
25105 60
25107 2
25115 59
25125 56
25135 53
25145 52
25155 53
25165 51
25175 52
25185 46
25190 2
25196 56
25206 51
25216 56
25226 49
25236 52
25246 50
25256 47
25266 47
25277 40
25287 48
25297 50
25307 56
25310 2
25317 57
25327 59
25338 52
25348 53
25358 55
25368 54
25378 52
25388 52
25398 52
25408 45
25419 45
25429 48
25439 54
25449 51
25460 46
25470 44
25480 51
25490 51
25500 46
25510 47
25520 42
25531 45
25541 50
25551 59
25561 55
25571 53
25582 47
25592 50
25602 54
25607 1
25612 57
25614 1
25622 56
25624 1
25632 57
25642 48
25652 47
25662 43
25673 43
25683 44
25693 54
25703 54
25713 57
25723 48
25733 45
25744 48
25754 51
25764 58
25774 58
25784 61
25794 55
25805 45
25815 45
25825 45
25835 51
25845 63
25856 49
25866 59
25876 56
25886 47
25896 43
25906 42
25917 43
25927 49
25937 61
25947 58
25957 60
25967 55
25977 50
25987 43
25997 42
26008 40
26018 46
26028 47
26038 52
26048 50
26058 50
26068 44
26079 43
26089 44
26099 47
26109 46
26119 51
26129 52
26139 49
26149 47
26160 48
26170 56
26180 61
26190 60
26200 69
26210 64
26220 62
26230 50
26241 45
26251 50
26261 58
26271 58
26281 55
26291 50
26302 55
26312 53
26322 62
26332 61
26342 60
26345 1
26353 52
26355 1
26363 52
26365 1
26373 57
26383 49
26393 46
26404 46
26414 63
26424 57
26434 54
26436 2
26444 49
26446 2
26455 47
26459 2
26465 61
26467 2
26475 60
26485 61
26495 55
26505 50
26515 48
26526 50
26536 55
26546 53
26556 46
26566 46
26576 44
26586 43
26596 43
26607 44
26617 45
26627 45
26637 46
26647 51
26657 52
26667 53
26677 53
26687 50
26697 44
26708 44
26718 45
26720 2
26728 44
26738 48
26748 52
26758 52
26768 59
26778 53
26788 51
26798 44
26808 43
26818 41
26829 48
26831 2
26839 50
26841 2
26849 52
26851 2
26859 56
26861 2
26869 60
26871 2
26879 61
26881 2
26889 57
26899 45
26909 42
26920 46
26930 55
26940 60
26950 59
26961 46
26971 52
26981 50
26991 51
27001 51
27011 53
27021 49
27031 43
27042 48
27052 55
27062 57
27072 59
27082 51
27092 44
27102 42
27113 43
27123 54
27133 54
27143 66
27153 60
27163 55
27174 47
27177 1
27184 49
27187 1
27194 55
27204 69
27214 60
27224 58
27234 52
27244 46
27255 44
27265 47
27275 49
27285 52
27295 51
27305 52
27315 48
27326 57
27336 54
27346 57
27356 47
27367 44
27377 49
27387 53
27397 55
27407 71
27418 44
27428 52
27438 58
27448 53
27458 54
27468 53
27478 54
27488 46
27499 42
27509 46
27519 52
27529 52
27539 51
27549 44
27560 43
27570 48
27580 54
27590 51
27600 53
27610 48
27620 50
27630 49
27640 50
27650 47
27661 41
27671 43
27681 44
27691 53
27701 52
27711 57
27721 52
27731 56
27741 51
27752 46
27762 57
27772 59
27782 53
27792 59
27802 53
27812 50
27822 47
27832 43
27843 44
27853 49
27863 53
27873 48
27883 47
27893 45
27903 43
27914 41
27924 46
27934 49
27944 48
27954 44
27964 47
27974 42
27985 48
27995 48
28005 57
28015 59
28025 58
28035 59
28045 63
28055 60
28065 63
28075 57
28085 54
28088 2
28095 52
28098 2
28105 48
28108 3
28116 50
28126 61
28136 66
28146 62
28156 65
28166 53
28176 47
28186 45
28197 51
28207 58
28217 58
28227 48
28237 48
28247 45
28257 44
28267 45
28277 43
28288 43
28298 43
28308 45
28318 50
28328 46
28338 49
28348 46
28359 46
28369 48
28379 51
28389 57
28399 54
28409 53
28419 53
28430 46
28440 51
28450 55
28460 60
28470 59
28480 51
28490 47
28501 41
28511 42
28521 45
28531 47
28541 50
28551 48
28562 45
28572 52
28582 56
28592 55
28602 65
28612 57
28622 48
28633 60
28643 64
28653 60
28663 61
28673 56
28683 50
28694 55
28704 61
28714 59
28724 55
28734 55
28744 51
28754 49
28764 48
28774 47
28784 44
28795 40
28805 40
28815 42
28825 45
28835 40
28845 36
28856 39
28866 40
28876 40
28886 42
28896 48
28906 48
28916 53
28926 52
28936 51
28946 50
28956 44
28967 57
28977 60
28987 57
28997 62
29007 58
29017 52
29027 47
29037 47
29047 43
29057 40
29067 35
29078 39
29088 41
29098 41
29108 41
29118 41
29128 38
29138 40
29149 39
29159 42
29169 48
29179 51
29189 53
29199 58
29209 52
29219 51
29229 47
29239 43
29249 40
29260 46
29270 46
29280 47
29290 48
29300 49
29310 52
29320 48
29330 50
29340 49
29350 45
29360 45
29371 41
29381 40
29391 47
29401 46
29411 50
29421 54
29431 56
29441 45
29451 47
29462 50
29472 48
29482 48
29492 44
29502 46
29512 46
29522 48
29532 48
29542 46
29552 42
29563 38
29573 44
29583 56
29593 54
29603 56
29613 51
29623 47
29633 46
29643 44
29653 43
29664 48
29674 50
29684 52
29694 53
29704 52
29714 55
29724 53
29734 53
29744 49
29754 49
29764 49
29774 43
29785 39
29795 44
29805 46
29815 46
29825 47
29835 50
29845 51
29855 51
29865 47
29875 49
29885 48
29895 45
29905 43
29915 39
29926 42
29936 40
29946 42
29956 46
29966 46
29976 48
29986 48
29996 51
30006 51
30016 56
30026 50
30036 46
30046 41
30057 43
30067 43
30077 48
30080 2
30087 50
30090 2
30097 56
30100 2
30107 53
30117 51
30127 48
30138 46
30148 48
30158 48
30168 48
30178 50
30188 51
30198 50
30208 52
30218 51
30228 50
30238 47
30248 44
30258 40
30269 38
30279 41
30289 40
30299 46
30309 46
30319 46
30329 50
30339 49
30349 45
30359 43
30369 40
30380 38
30390 41
30400 46
30410 48
30420 53
30430 54
30440 50
30450 50
30461 42
30471 44
30481 48
30491 54
30501 51
30511 53
30521 54
30531 50
30541 45
30551 42
30562 48
30572 48
30582 57
30586 2
30592 57
30596 2
30602 63
30612 58
30622 38
30633 42
30643 49
30653 51
30663 55
30673 54
30683 45
30693 41
30703 40
30714 42
30724 44
30734 43
30744 49
30754 43
30764 44
30774 45
30784 41
30794 39
30805 40
30815 41
30825 47
30835 49
30845 47
30855 46
30865 46
30875 46
30885 44
30896 45
30906 45
30916 50
30926 50
30936 57
30946 67
30957 50
30967 47
30969 2
30977 47
30979 2
30987 55
30997 50
31007 52
31017 50
31027 50
31037 44
31048 45
31058 47
31068 47
31078 46
31088 48
31098 52
31108 54
31118 53
31128 43
31138 42
31148 41
31158 37
31168 37
31178 37
31189 38
31199 39
31209 42
31219 41
31229 44
31239 41
31249 42
31259 40
31269 40
31280 45
31290 42
31300 45
31310 45
31320 47
31330 43
31340 42
31350 41
31361 43
31371 49
31381 51
31391 50
31401 51
31411 46
31421 46
31431 47
31441 43
31451 38
31462 39
31472 39
31482 40
31492 45
31502 43
31512 40
31522 39
31532 38
31543 43
31553 44
31563 43
31573 44
31583 47
31593 52
31603 52
31613 52
31623 51
31634 41
31644 45
31654 44
31664 50
31674 53
31684 53
31694 53
31704 48
31714 46
31724 43
31735 42
31745 44
31755 48
31765 48
31775 51
31785 52
31795 50
31805 52
31815 51
31825 51
31835 50
31845 46
31855 42
31865 41
31875 39
31886 45
31896 46
31906 46
31916 45
31926 49
31936 49
31946 53
31956 58
31966 60
31976 55
31986 55
31988 3
31996 49
32006 48
32012 3
32016 43
32022 3
32027 47
32029 3
32037 46
32039 3
32047 52
32049 3
32057 56
32067 55
32077 55
32087 51
32097 51
32107 52
32117 48
32127 49
32137 41
32148 41
32158 41
32168 43
32178 49
32188 49
32198 53
32208 52
32218 51
32229 42
32239 50
32249 59
32259 67
32269 65
32279 56
32289 54
32299 45
32310 44
32320 54
32330 55
32340 53
32350 46
32361 46
32371 56
32381 55
32391 55
32401 54
32412 47
32422 46
32432 52
32442 55
32452 55
32462 58
32472 58
32482 52
32492 48
32503 45
32513 50
32523 57
32533 56
32543 56
32545 2
32553 54
32555 2
32563 54
32573 47
32584 48
32594 52
32604 54
32614 54
32624 56
32634 56
32644 58
32654 60
32664 59
32674 61
32684 60
32694 54
32704 47
32714 44
32725 43
32735 45
32745 44
32755 44
32765 45
32775 43
32785 42
32795 46
32805 42
32815 38
32826 40
32836 43
32846 47
32856 50
32866 57
32876 60
32886 59
32896 60
32906 58
32916 59
32926 50
32936 48
32946 47
32957 42
32967 46
32977 46
32987 55
32997 51
33007 52
33017 54
33027 48
33037 43
33048 42
33058 46
33068 51
33078 49
33088 47
33098 48
33108 49
33118 43
33128 39
33138 39
33149 38
33159 39
33169 43
33179 47
33189 46
33199 46
33209 43
33220 40
33230 46
33240 47
33250 48
33260 49
33270 52
33280 45
33290 45
33300 43
33310 44
33321 49
33331 57
33341 63
33351 58
33361 53
33372 45
33382 46
33392 45
33402 47
33412 47
33422 54
33432 56
33442 55
33452 52
33462 50
33472 49
33482 41
33493 43
33503 48
33513 51
33523 50
33533 52
33543 54
33553 54
33563 55
33573 51
33583 51
33593 50
33603 44
33614 46
33624 46
33634 54
33644 58
33654 54
33664 49
33674 43
33684 40
33695 42
33705 45
33715 48
33725 49
33735 49
33745 51
33747 3
33755 52
33757 3
33765 50
33775 48
33785 44
33796 50
33800 3
33806 54
33810 3
33816 55
33826 53
33836 51
33846 47
33856 39
33867 39
33877 41
33887 47
33897 52
33907 52
33917 47
33927 44
33937 44
33947 42
33958 44
33968 45
33978 44
33988 42
33998 46
34009 43
34019 45
34029 55
34039 62
34049 60
34059 58
34069 57
34080 49
34090 45
34100 43
34110 40
34121 46
34131 46
34141 49
34151 56
34161 55
34171 53
34181 47
34191 43
34201 41
34211 40
34221 42
34231 36
34242 38
34252 41
34262 44
34272 43
34282 47
34292 53
34302 49
34312 47
34322 43
34332 42
34343 40
34353 43
34363 51
34373 49
34383 50
34393 49
34403 46
34413 40
34424 43
34434 44
34444 42
34454 46
34464 48
34474 50
34484 49
34494 46
34504 44
34515 43
34525 54
34535 52
34545 53
34555 56
34565 55
34575 49
34585 47
34595 41
34605 41
34616 45
34626 52
34636 51
34646 52
34656 49
34666 50
34677 48
34687 52
34697 60
34707 66
34717 54
34720 2
34728 50
34738 52
34748 60
34758 59
34768 56
34778 46
34788 43
34798 41
34809 43
34819 47
34829 52
34839 52
34849 53
34859 50
34869 44
34879 42
34890 45
34900 55
34910 48
34920 44
34931 51
34941 56
34951 63
34961 57
34971 49
34981 46
34992 55
35002 53
35012 57
35022 58
35032 55
35042 58
35052 57
35062 49
35072 45
35083 38
35093 40
35103 47
35113 48
35123 60
35133 55
35143 49
35153 44
35163 44
35173 41
35184 40
35194 43
35205 40
35215 40
35225 45
35235 48
35245 53
35255 53
35265 54
35275 50
35285 50
35295 50
35305 44
35316 45
35326 46
35336 47
35346 47
35356 46
35366 46
35376 46
35386 45
35396 39
35406 42
35417 43
35427 52
35437 51
35447 52
35457 54
35467 55
35477 58
35487 55
35497 53
35507 49
35517 46
35521 2
35528 44
35531 2
35538 44
35541 2
35548 45
35551 2
35558 48
35561 2
35568 51
35578 57
35588 56
35598 55
35608 46
35618 44
35629 42
35639 40
35649 41
35659 43
35669 44
35679 49
35689 48
35699 46
35709 48
35719 42
35729 43
35739 42
35750 39
35760 41
35770 43
35780 46
35790 47
35800 43
35810 46
35820 46
35830 46
35840 44
35850 49
35860 50
35870 49
35880 46
35890 47
35900 40
35911 43
35921 45
35931 51
35941 55
35951 50
35961 53
35971 47
35981 41
35992 44
36002 44
36012 45
36022 47
36032 52
36042 49
36052 49
36062 47
36072 45
36082 44
36092 41
36102 39
36113 39
36123 41
36133 46
36143 46
36153 47
36163 49
36173 49
36183 50
36193 50
36203 48
36213 52
36223 47
36233 53
36244 42
36254 41
36264 41
36274 41
36284 46
36294 45
36304 48
36314 46
36324 42
36334 38
36345 44
36355 46
36365 49
36375 56
36385 61
36395 59
36405 55
36415 41
36426 48
36436 50
36446 50
36456 49
36466 49
36477 44
36487 43
36497 42
36507 43
36517 47
36527 46
36537 43
36547 43
36557 44
36568 41
36578 50
36588 51
36598 55
36608 56
36618 58
36620 2
36628 58
36638 55
36648 50
36658 46
36668 42
36679 43
36689 45
36699 51
36709 56
36719 54
36721 2
36729 56
36739 49
36749 46
36754 2
36760 45
36762 2
36770 46
36772 2
36780 50
36782 2
36790 53
36792 2
36800 59
36810 64
36820 63
36830 67
36841 46
36851 50
36861 55
36871 57
36881 54
36891 55
36901 41
36912 49
36922 51
36932 56
36942 60
36952 55
36962 47
36972 47
36982 43
36993 45
37003 52
37013 54
37023 52
37033 51
37043 47
37053 47
37063 46
37074 40
37084 39
37094 43
37104 44
37114 49
37124 48
37134 50
37144 48
37155 46
37165 47
37175 54
37185 54
37195 54
37205 59
37207 3
37215 58
37217 3
37225 62
37227 3
37235 62
37237 3
37245 60
37247 3
37255 58
37257 3
37265 47
37271 3
37276 47
37286 46
37296 46
37306 47
37316 53
37326 52
37336 56
37346 54
37356 53
37366 51
37376 47
37386 45
37396 40
37407 44
37417 47
37427 51
37437 53
37447 50
37457 51
37467 50
37477 49
37487 46
37497 44
37507 43
37517 41
37527 39
37538 41
37548 42
37558 42
37568 47
37578 47
37589 46
37599 50
37609 56
37619 53
37629 57
37639 63
37649 63
37659 59
37669 51
37679 50
37689 42
37699 41
37710 40
37720 46
37730 47
37740 50
37750 46
37760 42
37771 42
37781 45
37791 46
37801 48
37811 50
37821 50
37831 50
37841 52
37851 52
37861 52
37871 53
37873 3
37881 54
37883 3
37891 50
37901 46
37911 46
37921 44
37924 3
37932 45
37934 3
37942 53
37952 58
37962 61
37972 54
37982 55
37992 51
38002 53
38012 46
38023 44
38027 3
38033 49
38037 3
38043 57
38053 45
38064 44
38074 57
38084 57
38094 54
38104 54
38114 50
38124 45
38134 43
38145 45
38155 50
38165 49
38175 55
38185 49
38195 48
38206 43
38216 51
38226 55
38236 58
38246 60
38256 62
38266 57
38276 47
38287 45
38297 52
38307 55
38317 60
38327 53
38337 56
38347 57
38357 54
38367 53
38377 51
38387 49
38398 43
38408 46
38418 51
38428 55
38430 2
38438 56
38448 57
38458 57
38468 58
38478 57
38488 51
38498 44
38508 40
38518 38
38529 40
38539 42
38549 45
38553 2
38559 46
38561 2
38569 42
38579 44
38589 37
38599 37
38610 41
38620 45
38630 47
38640 47
38650 47
38660 48
38670 52
38680 46
38690 44
38700 40
38710 38
38721 40
38731 40
38741 40
38751 43
38761 45
38771 47
38781 51
38791 53
38801 50
38811 45
38821 43
38832 45
38842 46
38852 46
38862 48
38873 45
38883 51
38893 55
38903 54
38913 54
38923 55
38933 49
38943 47
38954 44
38964 44
38974 47
38984 45
38994 44
39004 43
39014 44
39024 41
39034 40
39045 43
39055 47
39065 48
39075 54
39085 59
39095 63
39105 63
39115 65
39125 58
39135 53
39145 48
39156 45
39158 2
39166 48
39168 2
39176 52
39178 2
39186 57
39196 55
39206 53
39216 45
39227 44
39237 44
39247 50
39250 2
39257 54
39260 2
39267 55
39277 54
39287 51
39297 48
39307 50
39317 44
39328 42
39338 54
39348 58
39358 68
39368 60
39378 58
39382 2
39388 47
39392 2
39399 44
39402 2
39409 49
39419 58
39429 58
39439 54
39449 45
39460 42
39470 42
39480 48
39490 50
39500 46
39510 44
39520 40
39530 37
39541 38
39551 41
39561 44
39571 43
39581 46
39591 46
39601 49
39611 54
39621 47
39631 49
39641 46
39652 44
39662 51
39672 54
39682 46
39692 53
39703 45
39713 54
39723 50
39733 57
39743 58
39753 53
39763 48
39774 44
39784 44
39794 45
39804 48
39814 58
39824 54
39834 47
39844 42
39855 50
39865 57
39875 61
39885 62
39895 63
39905 60
39915 60
39925 56
39936 52
39946 57
39956 63
39966 62
39976 58
39986 54
39996 51
40006 46
40016 45
40027 47
40037 50
40047 49
40057 45
40067 45
40077 42
40087 39
40098 39
40108 41
40118 39
40128 41
40138 42
40148 42
40150 2
40158 40
40160 2
40168 45
40178 45
40188 42
40198 44
40209 41
40219 44
40229 46
40239 58
40249 58
40259 52
40269 48
40280 45
40290 51
40300 54
40310 57
40320 60
40330 52
40341 66
40351 61
40361 56
40372 52
40382 56
40392 60
40402 52
40412 42
40423 46
40433 46
40443 48
40453 51
40463 51
40473 50
40483 44
40493 43
40503 41
40513 37
40523 39
40533 43
40543 39
40554 46
40564 51
40566 2
40574 55
40584 53
40594 50
40604 45
40614 46
40624 42
40634 43
40644 43
40654 41
40664 42
40675 41
40685 45
40695 46
40705 53
40715 55
40725 51
40735 55
40745 52
40755 47
40765 39
40775 40
40786 47
40796 49
40806 54
40816 54
40826 59
40836 59
40846 59
40856 53
40866 45
40876 42
40887 45
40897 51
40907 54
40917 54
40927 52
40929 2
40937 52
40947 49
40957 42
40968 49
40978 54
40988 59
40998 58
41008 58
41018 57
41028 57
41038 54
41048 54
41058 53
41068 53
41078 46
41088 41
41098 39
41109 45
41119 51
41129 50
41139 50
41149 50
41159 52
41163 2
41170 46
41173 2
41180 54
41183 2
41190 51
41193 2
41200 57
41203 2
41210 60
41212 2
41220 55
41230 50
41240 42
41251 47
41261 52
41271 51
41281 56
41291 58
41301 58
41311 54
41321 54
41331 49
41341 48
41351 45
41356 2
41362 50
41366 2
41372 52
41374 2
41382 54
41392 54
41402 56
41412 54
41422 50
41432 45
41443 45
41453 50
41456 2
41463 53
41466 2
41473 53
41483 56
41493 53
41504 46
41514 56
41524 54
41534 58
41544 59
41554 55
41564 54
41574 50
41585 41
41595 49
41605 49
41615 60
41625 54
41635 51
41645 51
41656 52
41666 59
41676 52
41686 49
41696 48
41707 45
41717 45
41727 50
41737 54
41747 57
41757 55
41767 55
41777 52
41787 51
41797 48
41807 45
41817 41
41828 47
41838 43
41848 43
41858 44
41868 47
41878 44
41889 43
41899 49
41909 51
41919 48
41929 49
41939 51
41949 49
41959 49
41969 48
41979 46
41989 39
41999 39
42010 38
42020 46
42030 47
42040 51
42050 49
42060 47
42070 47
42073 3
42080 49
42090 46
42100 42
42111 41
42121 45
42131 49
42141 51
42151 53
42161 55
42171 54
42181 51
42191 48
42201 50
42211 46
42221 43
42231 40
42234 2
42242 50
42244 2
42252 54
42262 47
42272 40
42283 42
42293 42
42303 50
42313 54
42323 62
42333 50
42343 47
42354 42
42364 44
42374 51
42384 53
42394 57
42404 51
42414 50
42424 44
42435 40
42445 42
42455 47
42465 52
42475 53
42485 51
42495 52
42505 50
42515 50
42525 51
42535 51
42545 50
42555 51
42565 47
42575 43
42585 40
42596 39
42606 42
42616 49
42626 48
42636 51
42646 55
42656 50
42666 52
42676 51
42686 46
42696 42
42707 45
42717 50
42727 51
42737 54
42747 57
42757 57
42767 58
42777 59
42787 61
42793 2
42797 50
42803 2
42807 47
42813 2
42818 53
42823 2
42828 57
42838 54
42848 52
42858 52
42868 45
42879 46
42883 2
42889 52
42893 2
42899 55
42903 2
42909 56
42913 2
42919 51
42923 2
42929 49
42931 2
42940 46
42950 52
42952 2
42960 57
42970 65
42980 68
42990 48
43000 45
43011 50
43021 45
43031 39
43042 41
43052 45
43062 47
43072 56
43082 56
43092 56
43102 57
43112 50
43123 56
43133 57
43143 63
43153 53
43163 48
43174 52
43184 53
43194 51
43204 55
43214 56
43224 56
43234 52
43245 47
43255 56
43265 62
43275 57
43285 55
43295 55
43306 48
43316 58
43326 58
43336 57
43347 41
43357 48
43367 57
43377 58
43387 60
43397 52
43408 50
43418 52
43428 56
43438 49
43448 50
43459 44
43469 54
43479 58
43489 59
43499 57
43509 55
43519 57
43529 50
43539 51
43549 52
43559 42
43570 48
43580 49
43590 52
43600 51
43610 49
43620 45
43630 43
43641 47
43651 50
43661 51
43671 53
43681 55
43691 55
43701 52
43711 55
43721 53
43731 48
43742 52
43752 47
43762 52
43772 54
43782 57
43792 47
43802 41
43813 46
43823 52
43833 56
43843 57
43853 56
43863 54
43873 52
43883 53
43893 52
43903 53
43913 47
43923 43
43933 42
43944 40
43954 41
43964 44
43974 45
43984 48
43994 50
44004 51
44014 58
44024 48
44034 47
44044 46
44054 42
44065 43
44075 45
44085 45
44095 52
44105 51
44115 51
44125 50
44135 44
44145 40
44155 41
44166 42
44176 39
44186 42
44196 44
44206 49
44216 51
44226 52
44236 47
44246 42
44257 42
44261 3
44267 48
44277 53
44287 53
44297 54
44307 50
44317 51
44327 46
44337 43
44347 43
44358 49
44368 48
44378 49
44388 49
44398 47
44408 44
44418 41
44428 41
44438 43
44449 39
44459 39
44469 42
44479 44
44489 45
44499 47
44509 49
44519 51
44529 55
44539 49
44549 42
44559 43
44569 43
44579 43
44589 41
44600 42
44610 46
44620 53
44630 54
44640 53
44650 56
44660 56
44670 52
44681 41
44691 46
44701 48
44711 48
44721 53
44731 55
44741 53
44751 51
44761 53
44771 53
44781 53
44791 49
44801 49
44811 48
44821 50
44831 47
44841 44
44847 3
44851 40
44857 3
44862 42
44867 3
44872 51
44877 3
44882 51
44887 3
44892 48
44897 3
44902 47
44907 3
44912 47
44917 3
44922 44
44932 44
44943 50
44947 3
44953 53
44963 54
44973 52
44983 51
44993 53
45003 44
45013 45
45023 43
45034 40
45044 41
45054 41
45064 42
45074 42
45084 44
45094 46
45104 47
45114 46
45124 46
45134 45
45144 44
45155 40
45165 42
45175 46
45185 45
45195 49
45205 48
45215 55
45225 55
45235 58
45246 46
45256 54
45266 59
45268 1
45276 65
45286 62
45296 52
45306 44
45317 49
45327 52
45331 2
45337 54
45339 2
45347 55
45357 53
45367 52
45378 48
45388 60
45398 57
45408 50
45419 44
45429 49
45439 55
45449 66
45459 61
45469 59
45479 48
45490 43
45500 52
45510 55
45520 55
45530 48
45540 49
45551 46
45561 51
45571 54
45581 59
45591 59
45601 57
45611 58
45621 61
45631 60
45641 61
45651 51
45661 52
45671 47
45682 50
45684 2
45692 51
45694 2
45702 52
45704 2
45712 54
45714 2
45722 54
45732 53
45742 53
45752 48
45762 46
45772 41
45783 44
45787 3
45793 47
45797 3
45803 56
45813 47
45823 47
45833 45
45843 44
45853 45
45863 45
45873 42
45883 41
45893 40
45903 40
45914 43
45924 46
45934 47
45944 50
45954 44
45964 46
45974 40
45984 39
45994 41
46004 40
46015 38
46025 41
46035 43
46045 48
46055 51
46065 49
46075 50
46085 54
46095 52
46105 50
46115 49
46125 47
46135 41
46145 39
46156 42
46166 48
46176 55
46186 59
46196 59
46206 58
46216 53
46226 47
46236 46
46246 44
46256 42
46267 47
46277 48
46287 49
46297 50
46307 58
46317 57
46327 55
46337 54
46347 52
46357 52
46367 50
46377 50
46387 44
46397 41
46407 41
46417 41
46428 41
46438 40
46448 40
46458 40
46468 37
46478 40
46488 41
46498 39
46508 38
46518 38
46528 38
46538 36
46548 32
46559 38
46569 38
46579 42
46589 42
46599 43
46609 42
46619 43
46629 44
46639 44
46649 41
46659 43
46669 43
46679 40
46689 38
46700 44
46702 2
46710 45
46720 45
46730 45
46740 47
46750 51
46760 45
46770 40
46781 42
46791 41
46801 44
46811 48
46821 49
46831 49
46841 57
46851 54
46861 53
46871 51
46881 52
46891 47
46901 46
46911 46
46922 47
46932 50
46942 50
46952 54
46962 57
46972 51
46982 50
46992 45
47003 46
47013 49
47023 50
47033 50
47043 48
47053 50
47063 47
47073 48
47083 43
47093 43
47103 40
47114 42
47124 47
47134 48
47144 50
47154 53
47164 50
47174 50
47184 49
47194 43
47204 44
47215 43
47225 49
47235 47
47245 47
47255 48
47265 51
47275 55
47285 49
47295 47
47305 45
47315 40
47326 46
47336 49
47346 52
47356 53
47366 54
47368 2
47376 54
47378 2
47386 56
47388 2
47396 61
47406 56
47416 54
47426 52
47436 46
47446 42
47456 43
47466 40
47477 42
47487 46
47497 49
47507 47
47517 48
47527 47
47537 42
47547 45
47557 42
47567 45
47577 42
47587 40
47598 42
47608 45
47618 47
47628 46
47638 47
47648 48
47658 51
47668 52
47678 50
47688 49
47698 49
47708 45
47718 42
47729 41
47739 45
47749 51
47759 50
47769 57
47779 56
47789 52
47799 51
47809 46
47819 42
47830 49
47840 54
47850 55
47860 53
47870 49
47880 45
47891 54
47901 56
47911 56
47921 53
47931 49
47941 48
47951 47
47961 46
47972 42
47982 50
47992 52
48002 50
48012 53
48022 51
48032 53
48042 51
48052 53
48062 54
48073 51
48076 2
48083 55
48086 2
48093 62
48095 2
48103 68
48105 3
48113 61
48123 50
48128 3
48134 49
48144 52
48154 51
48164 50
48174 51
48184 56
48194 56
48204 51
48215 49
48225 62
48235 57
48245 60
48255 62
48265 56
48275 54
48285 41
48296 42
48306 43
48316 42
48326 48
48336 50
48346 50
48356 52
48366 48
48376 44
48386 38
48397 38
48407 45
48417 43
48427 46
48437 45
48447 42
48457 41
48467 42
48477 40
48487 38
48498 44
48508 44
48518 46
48528 46
48538 46
48548 46
48558 47
48568 40
48578 39
48588 37
48598 40
48608 39
48618 35
48628 36
48639 37
48649 42
48659 44
48669 47
48679 50
48689 56
48699 56
48709 55
48719 55
48729 59
48739 57
48749 56
48759 54
48769 50
48779 50
48789 46
48799 43
48810 51
48820 55
48825 2
48830 56
48835 2
48840 58
48845 2
48850 61
48860 57
48870 56
48880 57
48890 61
48900 54
48910 51
48920 48
48930 47
48940 47
48951 42
48961 45
48971 46
48981 50
48991 53
49001 53
49011 53
49021 50
49031 51
49041 51
49051 48
49061 48
49071 39
49081 40
49092 40
49102 43
49112 42
49122 44
49132 45
49142 45
49152 44
49162 49
49172 44
49182 47
49193 43
49203 44
49213 48
49223 50
49233 53
49243 54
49253 55
49263 55
49273 48
49283 48
49294 41
49304 49
49314 50
49324 49
49334 53
49344 52
49354 51
49364 51
49374 47
49384 40
49395 42
49405 42
49415 47
49425 49
49435 50
49445 50
49455 49
49465 42
49476 42
49486 47
49496 47
49506 52
49516 52
49526 50
49536 48
49546 50
49556 51
49566 51
49576 52
49586 48
49597 41
49607 44
49617 49
49627 54
49637 58
49647 59
49657 61
49667 55
49677 52
49687 44
49697 45
49707 44
49717 41
49727 37
49738 43
49748 44
49758 46
49768 47
49778 48
49788 46
49798 44
49808 45
49818 45
49828 43
49839 44
49849 52
49859 54
49869 55
49879 55
49889 56
49899 59
49909 56
49919 51
49929 46
49939 41
49949 36
49959 37
49970 34
49980 41
49990 45
50000 44
50010 42
50021 43
50031 44
50041 43
50051 47
50061 55
50071 56
50081 51
50091 49
50102 44
50112 48
50122 57
50132 63
50142 60
50152 56
50163 55
50173 52
50183 60
50193 49
50204 46
50214 54
50224 61
50234 53
50245 56
50255 58
50265 64
50275 63
50285 54
50295 45
50306 41
50316 43
50326 47
50336 50
50346 47
50356 44
50366 47
50368 2
50376 47
50386 44
50396 46
50407 45
50417 50
50427 52
50437 59
50447 56
50457 52
50467 50
50477 47
50487 50
50497 46
50507 45
50517 43
50528 40
50538 40
50548 40
50558 41
50568 41
50578 42
50588 43
50598 41
50608 46
50618 46
50628 47
50638 46
50648 46
50658 42
50669 37
50679 40
50689 47
50699 48
50709 51
50719 51
50729 50
50739 44
50750 43
50760 51
50770 54
50780 58
50790 58
50800 60
50810 52
50821 56
50824 2
50831 55
50834 2
50841 55
50844 2
50851 58
50854 2
50861 55
50864 2
50871 55
50881 51
50891 46
50902 46
50912 48
50922 54
50932 54
50942 58
50952 55
50962 54
50972 55
50982 45
50993 42
51003 46
51005 2
51013 47
51015 2
51023 52
51025 2
51033 51
51043 55
51053 52
51063 56
51074 43
51084 47
51094 57
51104 59
51114 60
51124 66
51134 60
51144 57
51154 55
51164 45
51175 45
51185 48
51195 48
51205 51
51215 51
51225 46
51235 42
51246 47
51256 53
51266 51
51276 54
51286 48
51296 44
51306 41
51317 51
51327 60
51337 62
51347 65
51357 59
51367 45
51378 45
51388 53
51398 54
51408 56
51418 63
51428 61
51438 55
51448 49
51458 45
51468 44
51479 42
51489 46
51499 48
51509 52
51519 53
51529 52
51539 50
51549 48
51559 40
51569 39
51580 42
51590 45
51600 45
51610 50
51620 51
51630 53
51640 56
51650 57
51660 57
51670 56
51680 57
51690 57
51700 55
51710 51
51720 49
51730 44
51741 45
51751 46
51761 51
51771 51
51781 52
51791 50
51801 51
51812 42
51822 49
51832 55
51842 61
51852 67
51862 59
51872 54
51882 46
51893 45
51903 53
51913 54
51923 56
51933 54
51943 55
51953 50
51963 48
51973 47
51983 45
51993 40
52004 44
52014 54
52024 51
52034 54
52044 54
52054 52
52064 51
52074 50
52084 43
52095 46
52105 53
52115 58
52125 60
52135 54
52146 46
52156 51
52166 52
52176 52
52186 54
52197 50
52207 61
52217 60
52219 1
52227 53
52237 49
52248 44
52258 47
52268 51
52278 55
52288 48
52298 46
52308 46
52318 44
52328 43
52338 42
52348 43
52359 45
52369 50
52379 56
52389 59
52399 66
52409 60
52419 50
52430 46
52440 53
52450 57
52460 58
52470 65
52472 2
52480 62
52484 2
52490 56
52500 50
52510 44
52521 48
52531 49
52541 55
52551 55
52561 58
52571 58
52581 56
52591 55
52601 49
52611 48
52621 47
52632 47
52642 44
52652 52
52662 49
52672 54
52682 60
52692 58
52702 48
52713 53
52723 54
52733 61
52743 60
52753 52
52764 46
52774 49
52784 50
52794 58
52804 55
52814 56
52824 48
52834 48
52844 43
52855 42
52865 47
52875 54
52885 60
52895 56
52905 56
52915 53
52925 46
52935 45
52946 41
52956 45
52958 2
52966 48
52968 2
52976 46
52986 44
52996 43
53006 43
53017 40
53027 44
53037 41
53047 50
53057 53
53067 52
53077 52
53087 51
53097 51
53108 43
53118 48
53128 53
53138 53
53148 54
53158 58
53169 53
53179 55
53189 63
53199 59
53209 51
53219 50
53230 49
53240 54
53250 57
53260 54
53270 61
53280 47
53291 44
53301 52
53311 52
53321 55
53323 3
53331 59
53341 55
53351 54
53361 51
53371 48
53381 52
53391 44
53397 3
53402 43
53404 3
53412 44
53414 3
53422 47
53432 54
53442 48
53452 49
53462 43
53472 39
53482 35
53492 34
53503 33
53513 35
53523 39
53533 40
53543 38
53553 40
53563 40
53573 40
53583 38
53593 37
53603 38
53614 37
53624 39
53634 48
53644 49
53654 46
53664 51
53674 49
53684 42
53694 43
53704 37
53714 38
53724 40
53735 43
53745 46
53755 48
53765 46
53775 46
53785 48
53795 40
53805 42
53816 44
53826 47
53836 46
53846 48
53856 47
53866 43
53877 43
53887 45
53897 48
53907 55
53917 52
53927 53
53937 58
53947 51
53957 48
53967 48
53977 47
53987 44
53997 41
54007 40
54018 39
54028 45
54038 47
54048 51
54058 53
54068 56
54078 49
54088 47
54099 56
54109 49
54119 49
54129 49
54139 45
54149 47
54160 47
54170 52
54180 56
54190 60
54200 61
54210 63
54220 57
54230 53
54240 50
54250 50
54260 46
54271 45
54281 52
54291 53
54301 52
54311 54
54321 50
54331 49
54341 43
54351 42
54362 42
54372 45
54382 50
54392 55
54402 51
54412 55
54422 43
54432 40
54442 37
54452 40
54463 38
54473 39
54483 41
54493 43
54503 42
54513 43
54523 45
54533 48
54543 46
54553 52
54563 45
54574 41
54584 42
54594 43
54604 51
54614 57
54624 57
54634 60
54644 51
54654 49
54664 46
54674 44
54684 41
54695 45
54705 49
54715 53
54725 52
54735 52
54745 55
54755 54
54765 53
54775 48
54785 46
54795 41
54806 45
54816 49
54826 52
54836 49
54846 48
54856 49
54866 50
54876 50
54886 48
54896 51
54906 48
54916 44
54927 39
54937 43
54939 2
54947 46
54949 2
54957 60
54967 44
54978 43
54988 49
54998 48
55008 53
55018 51
55028 53
55038 55
55048 51
55058 50
55068 42
55079 42
55089 46
55099 46
55109 47
55119 46
55129 44
55139 42
55149 42
55159 43
55170 44
55180 42
55190 48
55200 57
55210 59
55220 57
55230 58
55240 60
55250 60
55260 57
55270 56
55280 52
55290 48
55300 43
55310 43
55320 40
55331 41
55341 45
55351 50
55361 52
55371 52
55381 51
55391 58
55401 50
55412 41
55422 46
55432 48
55434 2
55442 56
55444 2
55452 58
55462 55
55472 53
55482 54
55492 46
55503 44
55513 49
55523 53
55533 56
55543 57
55553 64
55563 61
55573 56
55583 47
55593 46
55604 55
55614 57
55624 59
55634 52
55644 51
55654 48
55664 44
55674 43
55684 39
55695 48
55705 48
55715 54
55725 51
55735 45
55746 56
55756 55
55766 56
55776 59
55786 54
55796 54
55806 50
55816 47
55827 47
55837 56
55847 59
55857 64
55867 63
55877 64
55887 57
55897 46
55908 51
55913 2
55918 53
55923 2
55928 53
55933 2
55938 59
55940 2
55948 63
55958 62
55968 46
55979 45
55989 47
55999 48
56009 51
56011 2
56019 51
56021 2
56029 51
56039 50
56049 49
56060 49
56070 47
56080 50
56090 47
56100 50
56110 52
56120 54
56130 55
56140 51
56150 48
56160 42
56170 41
56181 41
56191 44
56201 45
56211 46
56221 48
56231 50
56241 55
56251 55
56261 53
56271 51
56281 49
56291 46
56302 50
56312 50
56322 49
56332 57
56342 56
56352 54
56362 39
56373 43
56383 45
56393 47
56403 55
56413 49
56423 49
56433 41
56443 43
56454 43
56464 44
56474 50
56484 55
56494 56
56504 49
56507 1
56515 50
56525 50
56535 50
56545 40
56556 43
56566 44
56576 48
56586 50
56596 51
56606 49
56616 47
56626 45
56636 50
56646 44
56657 47
56667 46
56677 46
56687 49
56697 52
56707 54
56717 55
56727 55
56738 48
56748 55
56758 49
56768 44
56778 46
56788 40
56798 40
56809 40
56819 39
56829 45
56839 46
56849 48
56859 58
56869 57
56879 58
56889 55
56899 47
56909 42
56920 47
56930 46
56940 52
56950 60
56960 62
56970 62
56980 62
56990 57
57000 45
57011 42
57021 41
57031 42
57041 45
57051 42
57061 43
57071 41
57081 44
57091 39
57101 37
57112 36
57122 39
57132 41
57142 44
57152 43
57162 45
57172 48
57182 50
57192 48
57202 50
57212 45
57222 45
57232 45
57242 43
57252 41
57263 42
57273 44
57283 44
57293 45
57303 45
57313 47
57323 49
57333 46
57343 44
57353 42
57364 39
57374 46
57384 53
57394 58
57404 56
57414 55
57424 48
57434 48
57444 46
57454 48
57464 40
57475 43
57485 44
57495 45
57505 47
57515 51
57525 57
57535 52
57545 50
57555 52
57566 45
57576 49
57586 54
57596 55
57606 59
57616 55
57626 54
57636 52
57646 50
57656 44
57666 41
57677 36
57686 34
57697 37
57707 39
57717 40
57727 40
57737 42
57747 42
57757 40
57767 39
57777 38
57787 38
57798 37
57808 38
57818 45
57828 43
57838 46
57848 45
57858 44
57868 45
57878 43
57888 45
57898 46
57908 41
57919 44
57929 46
57939 47
57944 3
57949 51
57954 3
57959 55
57964 3
57969 54
57974 3
57979 55
57984 3
57989 54
57994 3
57999 51
58004 3
58009 47
58014 3
58019 48
58024 3
58029 45
58034 3
58040 42
58050 43
58060 45
58070 44
58080 48
58082 3
58090 52
58092 3
58100 53
58102 3
58110 57
58120 58
58122 4
58130 61
58140 61
58150 59
58160 54
58170 46
58180 42
58191 43
58201 47
58211 47
58221 47
58231 50
58241 51
58251 49
58261 49
58271 47
58281 51
58292 56
58302 59
58312 55
58322 54
58332 46
58342 39
58353 37
58363 35
58373 37
58383 36
58393 39
58403 40
58413 39
58423 38
58433 36
58444 36
58454 38
58464 38
58474 36
58484 38
58494 43
58504 46
58514 46
58524 47
58534 46
58544 43
58554 37
58565 42
58575 44
58585 43
58595 44
58605 40
58616 41
58626 44
58636 45
58646 48
58656 52
58666 54
58676 58
58686 59
58696 60
58706 62
58716 59
58726 59
58736 56
58746 54
58756 50
58766 48
58776 44
58786 43
58797 43
58807 42
58817 44
58827 48
58837 51
58847 52
58857 59
58867 57
58877 57
58887 52
58897 53
58902 3
58907 49
58912 3
58918 41
58922 3
58928 46
58932 3
58938 45
58948 47
58958 50
58968 48
58978 49
58988 48
58998 52
59002 3
59008 46
59018 40
59029 37
59039 40
59049 40
59059 44
59069 46
59079 52
59089 49
59099 49
59109 49
59119 53
59129 51
59139 48
59149 45
59159 44
59170 47
59180 48
59190 48
59200 50
59210 47
59220 47
59230 47
59240 48
59250 48
59260 46
59270 47
59280 42
59290 41
59300 38
59311 40
59321 45
59331 45
59341 47
59351 48
59361 45
59371 50
59381 49
59391 50
59401 50
59411 48
59421 48
59431 44
59442 43
59452 43
59462 44
59472 44
59482 47
59492 50
59502 51
59512 45
59522 42
59532 41
59542 36
59553 37
59563 39
59573 39
59583 53
59593 52
59603 49
59614 44
59624 47
59634 50
59644 52
59654 53
59664 54
59674 54
59684 47
59695 45
59705 49
59715 51
59725 57
59735 56
59745 42
59756 46
59766 53
59776 60
59786 58
59796 59
59806 58
59816 56
59826 46
59837 49
59847 54
59857 51
59867 54
59877 52
59888 52
59898 55
59908 58
59918 59
59928 54
59938 51
59948 45
59959 48
59969 55
59979 56
59989 54
59999 60
60009 51
60019 48
60029 47
60040 46
60050 50
60060 49
60070 55
60080 51
60090 50
60100 48
60110 50
60120 45
60130 45
60141 49
60151 44
60161 45
60171 47
60181 46
60192 46
60202 50
60212 60
60222 61
60232 62
60242 63
60252 48
60263 47
60273 50
60283 48
60293 47
60303 50
60313 47
60324 49
60334 54
60344 61
60354 63
60364 74
60374 59
60384 47
60395 42
60405 47
60415 49
60425 50
60435 58
60437 3
60445 48
60455 44
60465 43
60475 40
60486 44
60496 43
60506 56
60516 50
60526 50
60536 45
60546 42
60556 41
60566 41
60576 42
60586 43
60596 41
60606 37
60616 38
60627 40
60637 41
60647 41
60651 4
60657 46
60667 45
60677 45
60687 44
60697 44
60707 40
60717 41
60728 42
60738 42
60748 43
60758 43
60768 47
60778 43
60788 44
60798 45
60808 46
60818 44
60828 42
60838 43
60848 42
60858 38
60868 38
60879 36
60889 38
60899 40
60909 41
60919 42
60929 45
60939 46
60949 47
60959 46
60969 46
60979 44
60989 42
61000 44
61010 49
61020 53
61030 59
61040 68
61042 1
61050 61
61060 58
61070 54
61080 48
61091 51
61101 55
61111 59
61121 64
61131 64
61141 53
61151 46
61162 45
61172 59
61182 58
61192 55
61202 51
61212 47
61222 48
61233 53
61243 50
61253 50
61263 53
61273 49
61284 52
61294 56
61304 62
61314 63
61324 52
61334 43
61345 43
61355 50
61365 52
61375 41
61386 50
61396 56
61406 58
61416 57
61426 54
61436 49
61446 48
61457 44
61467 43
61477 41
61487 43
61497 40
61507 41
61518 42
61528 41
61538 44
61548 50
61558 49
61568 51
61578 53
61588 59
61598 58
61608 54
61618 55
61628 56
61638 52
61648 46
61658 41
61668 41
61678 37
61689 39
61699 38
61709 42
61719 46
61729 46
61739 48
61749 50
61759 49
61769 50
61779 52
61789 45
61800 46
61810 53
61820 62
61830 62
61840 61
61850 56
61860 48
61871 45
61881 47
61891 54
61901 59
61911 62
61921 57
61931 57
61941 51
61951 50
61962 42
61972 42
61982 52
61992 53
62002 53
62012 53
62022 52
62032 44
62042 40
62052 40
62063 38
62073 39
62083 42
62093 44
62103 47
62113 44
62123 44
62128 3
62133 45
62143 46
62153 42
62163 46
62173 40
62184 41
62194 44
62204 45
62214 45
62224 45
62234 52
62244 55
62254 57
62264 58
62274 58
62284 59
62294 61
62304 59
62314 53
62324 48
62334 49
62344 48
62348 3
62354 47
62364 40
62374 39
62385 42
62395 45
62405 51
62415 52
62425 51
62435 47
62445 45
62455 43
62465 44
62476 48
62486 50
62496 49
62506 44
62516 42
62526 43
62536 43
62547 45
62557 46
62567 47
62577 47
62587 47
62597 54
62607 53
62617 55
62627 49
62637 46
62647 48
62657 47
62667 44
62677 42
62687 41
62697 38
62707 38
62718 39
62728 44
62738 47
62748 47
62758 49
62768 53
62778 53
62788 50
62798 51
62808 54
62818 56
62828 56
62838 54
62848 45
62858 44
62868 42
62878 40
62889 42
62899 46
62909 53
62919 46
62929 47
62939 44
62949 40
62959 40
62970 40
62980 42
62990 43
63000 46
63010 49
63020 55
63030 52
63040 50
63050 43
63060 39
63070 40
63081 44
63091 44
63101 46
63111 48
63121 52
63131 49
63141 48
63151 46
63161 47
63172 41
63182 43
63192 43
63202 45
63212 45
63222 50
63232 51
63242 51
63252 53
63262 50
63272 49
63282 49
63292 47
63302 43
63312 36
63323 36
63333 38
63343 39
63353 38
63363 42
63373 43
63383 43
63393 43
63403 45
63413 47
63423 45
63433 43
63443 42
63454 42
63464 45
63474 47
63484 49
63494 50
63504 50
63514 50
63524 47
63534 43
63544 45
63554 46
63565 42
63575 43
63585 44
63595 47
63605 50
63615 54
63625 51
63635 50
63645 48
63655 45
63665 41
63676 41
63686 38
63696 39
63706 38
63716 39
63726 40
63736 42
63746 42
63756 45
63766 41
63776 43
63786 36
63797 41
63807 40
63817 38
63827 40
63837 43
63847 46
63857 45
63867 41
63877 43
63887 47
63897 47
63907 44
63918 47
63928 45
63938 47
63948 50
63958 52
63968 49
63978 44
63989 41
63999 68
64010 52
64020 60
64030 64
64040 64
64050 53
64061 44
64071 48
64081 53
64091 55
64101 53
64111 49
64122 51
64132 58
64142 61
64152 63
64162 61
64172 63
64182 63
64192 50
64203 54
64213 62
64223 58
64233 51
64243 49
64254 42
64264 45
64266 3
64274 45
64284 47
64294 44
64304 40
64314 39
64324 41
64334 43
64345 44
64355 46
64365 52
64375 60
64385 59
64395 62
64405 61
64415 55
64425 53
64435 48
64445 42
64455 39
64466 44
64476 43
64486 44
64496 46
64506 47
64516 47
64526 46
64536 48
64546 44
64556 39
64566 36
64577 35
64587 38
64597 39
64607 49
64617 48
64627 48
64637 50
64647 48
64657 46
64667 45
64677 45
64687 42
64697 42
64707 38
64717 38
64727 36
64737 37
64747 33
64758 33
64768 38
64778 36
64788 37
64798 36
64808 35
64818 36
64828 38
64838 38
64848 37
64858 38
64868 38
64878 38
64889 39
64899 40
64909 43
64919 44
64929 45
64939 44
64949 43
64959 48
64969 46
64979 45
64989 43
64999 43
65010 47
65020 48
65030 52
65040 52
65050 54
65060 52
65070 50
65080 51
65090 48
65101 40
65111 47
65121 54
65131 56
65141 59
65151 61
65161 55
65171 47
65181 42
65192 41
65202 45
65212 45
65222 45
65232 45
65242 42
65252 44
65262 45
65272 45
65282 41
65292 40
65302 38
65312 35
65323 38
65333 39
65343 41
65353 41
65363 40
65373 44
65383 46
65393 45
65403 46
65413 48
65423 49
65433 48
65443 44
65453 42
65463 40
65474 40
65484 43
65494 47
65504 49
65514 46
65524 47
65534 47
65544 45
65554 44
65564 41
65575 47
65585 47
65595 49
65605 50
65615 52
65625 49
65635 47
65645 49
65655 49
65665 46
65676 44
65686 49
65696 51
65706 48
65716 48
65726 52
65736 55
65746 53
65756 53
65766 53
65776 44
65787 49
65797 50
65807 57
65817 59
65827 60
65837 62
65847 59
65857 58
65867 56
65877 54
65887 46
65898 47
65908 50
65918 53
65928 47
65938 46
65948 45
65959 45
65969 50
65979 55
65989 60
65999 57
66009 53
66019 44
66030 44
66040 49
66050 50
66060 56
66070 57
66080 53
66090 50
66100 51
66110 48
66120 42
66131 39
66141 46
66151 49
66161 54
66171 56
66181 48
66191 49
66201 44
66212 52
66222 56
66232 54
66242 53
66252 50
66262 51
66272 47
66282 45
66292 42
66302 40
66313 41
66323 44
66333 47
66343 47
66353 54
66363 56
66373 58
66383 55
66393 53
66403 54
66413 50
66423 46
66433 43
66443 40
66454 43
66464 47
66474 47
66484 49
66494 52
66504 48
66514 44
66525 41
66535 50
66545 54
66555 57
66565 54
66575 55
66585 57
66595 59
66605 57
66615 50
66625 46
66636 43
66646 45
66656 50
66666 50
66676 53
66686 51
66696 50
66706 47
66716 39
66726 41
66737 47
66747 48
66757 48
66767 48
66777 50
66787 50
66797 54
66807 53
66817 51
66827 47
66837 46
66847 44
66858 48
66868 45
66878 47
66888 52
66898 49
66908 49
66918 46
66928 44
66938 43
66948 40
66959 39
66969 39
66979 41
66989 44
66999 50
67009 52
67019 52
67029 51
67039 51
67049 45
67059 46
67069 42
67080 50
67090 54
67100 59
67110 50
67121 47
67131 54
67141 56
67151 59
67161 53
67171 51
67181 49
67191 45
67201 40
67212 48
67222 48
67232 52
67242 55
67252 62
67262 47
67273 51
67283 49
67293 47
67303 45
67314 44
67324 49
67334 54
67344 53
67354 55
67364 50
67374 49
67384 45
67394 42
67404 41
67415 48
67425 52
67435 58
67445 60
67455 59
67465 56
67475 60
67485 52
67495 44
67506 41
67516 43
67526 48
67536 50
67546 52
67556 56
67566 54
67576 52
67586 52
67596 51
67606 41
67617 43
67627 46
67637 49
67647 53
67657 57
67667 52
67677 49
67687 43
67697 48
67707 43
67718 41
67728 45
67738 47
67748 45
67758 42
67768 38
67778 37
67788 36
67799 40
67809 45
67819 52
67829 49
67839 53
67849 55
67859 57
67869 54
67879 56
67889 53
67899 47
67910 45
67920 48
67930 50
67940 52
67950 58
67960 55
67970 51
67980 50
67990 52
68000 48
68010 45
68021 42
68031 45
68041 50
68051 52
68061 54
68071 53
68081 53
68091 48
68101 40
68111 39
68122 37
68132 39
68142 41
68152 43
68162 45
68172 47
68182 48
68192 49
68202 50
68212 53
68222 49
68232 44
68242 44
68252 44
68263 40
68273 40
68283 42
68293 48
68303 48
68313 47
68323 48
68333 46
68343 48
68353 50
68363 48
68373 44
68383 41
68394 42
68404 41
68414 44
68424 48
68434 48
68444 52
68454 53
68464 53
68474 53
68484 51
68494 46
68504 43
68514 42
68524 37
68535 42
68545 44
68555 47
68565 45
68575 45
68585 46
68595 44
68605 41
68615 40
68625 39
68636 42
68646 46
68656 42
68666 47
68676 50
68686 52
68696 51
68706 50
68716 51
68726 51
68736 46
68746 42
68756 39
68767 39
68777 42
68787 45
68797 47
68807 46
68817 55
68827 50
68837 43
68847 42
68857 40
68868 41
68878 44
68888 45
68898 49
68908 51
68918 45
68928 46
68938 44
68949 43
68959 47
68969 53
68979 51
68989 45
68999 44
69009 42
69020 42
69030 48
69040 48
69050 55
69060 54
69070 51
69080 49
69090 47
69100 45
69110 42
69121 42
69131 37
69141 45
69151 48
69161 50
69171 51
69181 49
69191 49
69201 51
69211 49
69221 46
69231 44
69241 45
69252 45
69262 48
69272 52
69282 49
69292 48
69294 3
69302 47
69304 3
69312 45
69314 3
69322 49
69324 3
69332 49
69342 45
69352 46
69362 48
69372 49
69382 50
69392 50
69402 49
69412 48
69422 45
69432 42
69438 3
69443 47
69453 52
69463 50
69473 50
69483 49
69493 44
69503 43
69513 44
69524 41
69534 45
69544 53
69554 53
69564 53
69574 48
69584 47
69594 43
69604 44
69615 37
69625 39
69635 41
69645 44
69655 48
69665 47
69675 46
69685 49
69695 49
69705 47
69715 47
69725 49
69736 44
69746 51
69756 54
69766 57
69776 60
69786 61
69796 59
69806 60
69816 59
69826 59
69836 51
69846 43
69857 48
69867 47
69877 48
69887 44
69897 43
69907 39
69917 40
69928 43
69938 46
69948 44
69958 52
69968 52
69978 43
69988 41
69999 54
70009 51
70019 50
70029 46
70039 50
70049 48
70059 49
70069 47
70080 56
70090 54
70100 58
70110 58
70120 54
70130 53
70140 43
70151 47
70161 43
70171 47
70181 48
70191 54
70201 55
70211 57
70221 54
70231 50
70241 47
70252 43
70262 47
70272 47
70274 3
70282 50
70292 49
70294 3
70302 52
70304 3
70312 54
70314 3
70322 54
70324 3
70332 52
70342 49
70352 50
70362 47
70372 44
70382 42
70393 45
70403 44
70413 46
70423 48
70433 53
70443 52
70453 52
70463 47
70473 43
70483 42
70494 41
70504 42
70514 47
70524 53
70534 55
70544 53
70554 54
70564 51
70574 46
70585 47
70595 55
70605 63
70615 54
70625 48
70636 48
70646 56
70656 61
70666 55
70676 53
70686 45
70696 40
70706 43
70717 47
70727 45
70737 51
70747 47
70758 43
70768 45
70778 47
70788 54
70798 56
70808 57
70818 55
70828 50
70838 42
70849 40
70859 42
70869 47
70879 48
70889 53
70899 53
70909 50
70919 48
70930 52
70940 53
70950 62
70960 62
70970 61
70980 52
70991 47
71001 48
71011 53
71021 57
71031 60
71041 59
71051 56
71061 51
71071 45
71081 45
71091 45
71101 41
71111 36
71122 38
71132 42
71142 49
71152 43
71162 42
71172 43
71182 42
71192 42
71202 42
71212 41
71223 50
71233 55
71243 53
71253 58
71263 58
71273 60
71283 58
71293 53
71303 48
71314 46
71324 55
71334 58
71344 64
71346 2
71354 66
71364 55
71374 50
71384 45
71395 45
71405 46
71415 52
71425 53
71435 48
71445 54
71455 41
71466 45
71476 52
71486 52
71496 56
71506 58
71516 58
71526 56
71536 55
71546 47
71557 41
71567 42
71577 51
71587 50
71597 55
71607 56
71617 52
71627 47
71638 47
71648 47
71658 45
71668 46
71678 41
71688 44
71699 40
71709 43
71719 42
71729 44
71739 46
71749 47
71759 51
71769 48
71779 47
71790 50
71800 59
71810 61
71820 59
71830 57
71840 50
71850 50
71860 45
71870 47
71880 43
71890 41
71901 46
71911 43
71921 41
71931 42
71941 45
71951 42
71962 43
71972 44
71982 47
71992 47
72002 50
72012 58
72022 56
72032 57
72042 55
72052 55
72062 50
72072 47
72083 45
72093 52
72103 54
72113 52
72123 49
72133 47
72143 43
72154 44
72164 43
72174 44
72184 52
72194 47
72204 43
72214 39
72225 40
72235 44
72245 50
72255 50
72265 50
72275 48
72285 48
72295 47
72305 44
72315 41
72325 39
72336 44
72346 46
72356 52
72366 52
72376 55
72386 56
72396 54
72406 54
72416 44
72419 3
72427 45
72437 52
72447 53
72457 53
72467 54
72477 54
72487 58
72497 58
72507 58
72513 3
72517 54
72523 3
72527 41
72533 3
72537 37
72543 3
72548 38
72553 3
72558 40
72568 45
72578 46
72588 43
72598 37
72609 39
72619 41
72629 47
72639 47
72649 45
72659 44
72669 44
72679 45
72689 52
72699 48
72709 42
72719 40
72730 40
72740 45
72750 48
72760 55
72770 58
72780 54
72790 53
72800 52
72810 50
72820 46
72830 41
72840 41
72850 38
72861 42
72871 41
72874 4
72881 44
72883 4
72891 45
72893 4
72901 51
72903 4
72911 53
72913 4
72921 56
72923 4
72931 53
72933 4
72941 52
72951 55
72961 52
72971 48
72981 49
72991 47
73001 47
73011 38
73022 47
73032 48
73042 52
73052 56
73062 53
73072 51
73082 56
73092 55
73102 52
73112 53
73117 2
73122 48
73132 43
73137 2
73143 48
73147 2
73153 55
73155 2
73163 51
73165 2
73173 50
73175 2
73183 51
73193 46
73204 50
73214 52
73224 59
73234 52
73244 54
73254 45
73264 39
73275 46
73285 48
73295 51
73305 54
73315 56
73325 63
73335 58
73345 54
73348 3
73355 47
73358 3
73365 44
73368 3
73376 53
73386 52
73396 59
73406 62
73416 56
73426 56
73436 49
73446 44
73457 45
73462 3
73467 48
73469 3
73477 50
73487 50
73497 48
73507 49
73517 53
73527 51
73537 43
73547 40
73557 39
73568 44
73578 47
73588 49
73598 56
73608 48
73618 41
73629 44
73639 48
73649 50
73659 50
73669 50
73679 46
73689 45
73699 41
73709 41
73719 41
73730 42
73740 46
73750 52
73760 49
73770 50
73780 52
73790 51
73800 54
73810 52
73820 46
73830 45
73840 43
73851 47
73861 49
73871 50
73881 53
73891 55
73901 57
73911 55
73921 48
73931 45
73941 46
73951 43
73962 43
73972 41
73982 44
73992 45
74002 46
74012 50
74022 49
74032 49
74042 51
74052 55
74062 51
74072 55
74082 50
74092 46
74095 2
74102 47
74105 2
74112 42
74115 2
74123 50
74125 2
74133 49
74135 2
74143 53
74145 2
74153 51
74155 2
74163 56
74165 2
74173 53
74183 52
74193 48
74203 48
74213 49
74224 50
74234 49
74244 51
74254 51
74264 50
74274 50
74284 44
74294 45
74304 42
74315 46
74317 2
74325 49
74327 2
74335 51
74337 2
74345 56
74355 59
74365 60
74375 53
74386 43
74396 43
74406 45
74416 48
74426 44
74436 43
74446 43
74457 39
74467 44
74477 46
74487 47
74497 56
74507 51
74517 48
74528 49
74538 55
74548 53
74558 57
74568 50
74578 39
74589 41
74599 48
74609 50
74619 51
74629 51
74639 56
74649 56
74659 56
74669 58
74679 54
74689 50
74699 48
74709 42
74712 4
74720 48
74722 4
74730 52
74732 4
74740 55
74742 4
74750 59
74752 4
74760 57
74770 60
74780 61
74790 63
74800 55
74806 4
74810 54
74816 4
74820 51
74826 4
74831 45
74836 4
74841 47
74846 4
74851 51
74856 4
74861 52
74866 4
74871 52
74876 4
74881 54
74886 4
74891 55
74896 4
74901 54
74906 4
74911 51
74916 4
74921 47
74926 4
74932 49
74942 59
74952 57
74962 62
74972 60
74976 4
74982 58
74992 54
75002 50
75012 44
75022 41
75033 44
75043 45
75053 48
75063 48
75073 52
75083 50
75093 50
75103 51
75113 48
75123 47
75133 46
75143 45
75153 44
75164 45
75174 55
75184 55
75194 61
75204 54
75214 54
75224 52
75234 44
75245 51
75255 44
75265 45
75275 46
75285 47
75296 46
75306 49
75316 50
75326 47
75328 2
75336 49
75346 49
75356 51
75366 50
75376 51
75387 46
75397 54
75407 60
75417 62
75427 61
75437 57
75447 47
75458 43
75468 52
75478 55
75488 56
75498 61
75508 63
75518 57
75528 57
75538 53
75548 51
75558 49
75568 44
75578 43
75589 46
75599 48
75601 2
75609 51
75611 2
75619 50
75629 51
75639 47
75649 45
75659 40
75669 42
75680 43
75690 48
75700 55
75710 52
75720 51
75730 53
75740 52
75750 46
75761 43
75771 48
75781 57
75791 47
75801 46
75812 48
75822 51
75832 56
75842 55
75852 59
75862 58
75872 53
75882 47
75893 54
75903 62
75913 56
75923 57
75934 48
75944 52
75954 63
75964 62
75974 59
75984 60
75994 49
76004 46
76015 50
76025 52
76035 53
76045 58
76056 44
76066 47
76076 51
76086 58
76096 60
76106 59
76116 54
76126 50
76136 44
76147 46
76157 49
76167 54
76177 52
76187 53
76197 48
76208 44
76218 46
76228 47
76238 47
76248 48
76258 49
76268 52
76270 2
76278 52
76288 51
76298 48
76308 46
76311 2
76319 47
76329 52
76339 54
76349 59
76359 56
76369 50
76379 54
76389 45
76399 42
76402 2
76410 50
76412 2
76420 53
76430 54
76440 51
76450 49
76460 49
76470 44
76480 42
76491 46
76501 47
76511 54
76521 56
76523 2
76531 56
76541 57
76551 54
76561 56
76571 53
76581 50
76591 45
76601 42
76612 43
76622 42
76632 42
76642 47
76652 44
76662 45
76672 49
76682 52
76692 56
76702 54
76712 56
76722 51
76732 44
76743 50
76753 55
76763 55
76773 55
76783 53
76793 50
76803 52
76813 49
76824 44
76834 48
76844 58
76854 54
76864 54
76874 53
76884 48
76895 44
76905 47
76915 49
76925 50
76935 51
76945 51
76956 47
76966 53
76976 58
76986 60
76996 59
77006 59
77016 55
77026 49
77036 44
77046 41
77057 42
77067 49
77077 60
77087 52
77097 52
77107 50
77117 48
77127 42
77137 39
77148 40
77158 40
77168 41
77178 45
77188 45
77198 46
77208 45
77218 48
77228 54
77238 53
77248 53
77258 54
77268 54
77278 53
77288 53
77298 52
77308 52
77318 45
77324 2
77328 42
77334 2
77339 47
77344 2
77349 48
77354 2
77359 53
77364 2
77369 54
77379 52
77389 51
77399 43
77410 42
77420 44
77430 46
77434 4
77440 50
77450 53
77460 52
77470 52
77480 50
77490 46
77500 44
77510 48
77520 47
77530 44
77540 42
77550 41
77560 38
77571 40
77581 43
77591 50
77601 48
77611 52
77621 54
77631 53
77641 53
77651 50
77661 45
77671 38
77682 40
77692 39
77702 48
77712 45
77722 45
77732 43
77742 42
77752 41
77762 40
77772 40
77782 42
77793 39
77803 43
77813 45
77823 43
77833 46
77843 45
77853 46
77863 46
77873 37
77883 40
77893 36
77904 37
77914 40
77924 42
77934 42
77944 43
77954 46
77964 37
77974 39
77984 39
77994 41
78004 41
78014 37
78025 41
78035 43
78045 48
78055 49
78065 52
78075 54
78085 54
78095 53
78105 53
78115 47
78125 46
78135 43
78146 41
78156 40
78166 51
78176 54
78186 59
78196 55
78206 51
78216 54
78226 47
78237 47
78247 57
78257 54
78267 59
78277 56
78287 50
78297 49
78307 45
78318 49
78320 2
78328 56
78330 2
78338 50
78348 48
78359 42
78369 43
78379 50
78389 53
78399 55
78409 54
78419 54
78429 47
78439 42
78449 39
78460 41
78470 46
78480 51
78490 55
78500 57
78510 47
78520 43
78530 41
78541 39
78551 49
78561 52
78571 53
78581 53
78591 46
78602 52
78612 51
78622 49
78632 51
78642 50
78652 44
78662 42
78672 42
78682 40
78692 40
78703 42
78713 42
78723 47
78733 48
78743 52
78753 56
78763 55
78773 51
78783 53
78793 49
78803 44
78814 42
78824 59
78834 56
78844 63
78854 63
78864 63
78874 63
78884 62
78894 53
78897 2
78904 50
78907 2
78915 43
78917 2
78925 49
78935 50
78945 49
78955 51
78965 45
78975 39
78985 39
78996 42
79006 41
79016 43
79026 48
79036 47
79046 46
79056 42
79066 42
79076 40
79087 40
79097 42
79107 44
79117 44
79127 44
79137 44
79147 45
79157 51
79167 51
79177 55
79187 52
79197 46
79208 48
79218 52
79228 55
79238 57
79240 3
79248 57
79258 60
79268 59
79278 56
79288 57
79298 59
79308 50
79318 54
79324 3
79328 48
79334 3
79339 47
79344 3
79349 56
79354 3
79359 55
79364 3
79369 53
79374 3
79379 53
79384 3
79389 51
79399 50
79409 48
79419 49
79429 49
79439 47
79449 44
79459 41
79470 45
79480 50
79490 53
79500 53
79510 51
79520 47
79530 49
79540 44
79551 43
79561 46
79571 55
79581 56
79591 58
79601 52
79611 53
79621 48
79632 41
79642 43
79652 45
79662 46
79672 46
79682 45
79692 46
79702 49
79712 45
79722 45
79732 42
79742 39
79752 38
79763 40
79773 40
79783 45
79785 2
79793 50
79795 2
79803 54
79805 2
79813 55
79815 2
79823 56
79825 2
79833 51
79844 50
79854 57
79856 2
79864 51
79874 43
79884 42
79894 44
79905 39
79915 43
79925 45
79935 44
79945 48
79955 41
79965 44
79975 41
79985 40
79996 41
80006 45
80016 45
80026 46
80036 49
80046 50
80056 53
80066 49
80076 46
80086 46
80097 43
80107 48
80117 47
80127 52
80137 53
80147 52
80157 53
80159 3
80167 54
80177 47
80187 44
80197 43
80200 3
80208 47
80210 3
80218 51
80220 3
80228 48
80238 44
80248 49
80258 46
80268 52
80278 50
80288 46
80298 43
80309 42
80319 48
80329 50
80333 3
80339 53
80343 3
80349 57
80359 58
80369 54
80379 55
80389 56
80400 43
80410 47
80420 52
80430 55
80440 54
80450 56
80460 60
80470 53
80480 49
80490 49
80500 50
80510 44
80520 41
80530 38
80541 40
80551 44
80561 47
80571 48
80581 49
80591 48
80601 50
80611 50
80621 45
80631 43
80641 42
80652 43
80662 42
80672 44
80682 48
80692 45
80702 43
80712 41
80722 43
80733 40
80743 39
80753 43
80763 42
80773 50
80783 44
80793 41
80803 42
80813 40
80823 40
80834 44
80844 46
80854 43
80864 48
80874 46
80884 46
80894 48
80904 49
80914 47
80924 44
80935 44
80945 47
80955 49
80965 53
80975 48
80985 44
80996 51
81006 51
81016 55
81026 57
81036 57
81046 54
81056 51
81066 48
81077 50
81087 53
81097 49
81107 53
81117 50
81128 44
81138 46
81148 51
81158 55
81168 50
81178 54
81188 54
81198 51
81208 41
81219 48
81229 51
81239 55
81249 53
81259 52
81269 49
81279 44
81290 45
81300 45
81310 49
81320 52
81330 57
81340 55
81350 50
81360 48
81370 41
81381 43
81391 45
81401 48
81411 45
81421 43
81431 43
81441 43
81451 39
81461 38
81472 44
81482 46
81486 2
81492 52
81502 52
81512 53
81522 51
81532 53
81542 52
81552 53
81562 47
81572 46
81582 40
81593 45
81595 2
81603 51
81613 56
81623 58
81633 58
81643 62
81653 61
81663 54
81674 43
81684 49
81694 48
81704 49
81714 49
81724 48
81734 45
81744 44
81754 43
81764 40
81775 37
81785 41
81795 42
81797 2
81805 48
81815 46
81825 47
81836 51
81846 53
81856 55
81866 54
81876 52
81886 52
81896 53
81906 48
81916 45
81926 44
81936 41
81946 39
81956 39
81967 42
81977 44
81987 43
81997 43
82007 49
82017 54
82027 56
82037 58
82047 60
82057 57
82067 57
82077 52
82087 49
82097 50
82107 42
82118 45
82128 50
82138 53
82148 57
82158 60
82168 58
82178 48
82189 45
82199 53
82209 53
82219 56
82229 57
82239 51
82249 47
82260 46
82270 50
82280 49
82290 45
82300 49
82311 41
82321 45
82331 48
82341 48
82351 45
82361 50
82371 48
82381 46
82391 43
82401 45
82411 44
82421 41
82431 42
82441 41
82451 39
82462 43
82472 40
82482 46
82492 44
82502 50
82512 46
82522 47
82533 45
82543 46
82553 47
82563 50
82573 49
82583 52
82593 48
82603 49
82613 49
82623 47
82633 46
82635 4
82643 45
82653 46
82663 45
82673 44
82683 43
82693 42
82699 4
82704 44
82709 4
82714 51
82719 4
82724 52
82729 4
82734 57
82739 4
82744 59
82749 4
82754 58
82759 4
82764 55
82769 4
82774 53
82776 4
82784 50
82794 46
82799 4
82805 45
82815 45
82825 50
82835 53
82845 50
82855 51
82865 52
82875 48
82885 45
82895 40
82905 39
82916 48
82926 48
82936 49
82946 45
82956 45
82966 44
82976 45
82986 44
82997 42
83007 39
83017 50
83027 53
83037 58
83047 50
83057 45
83067 41
83078 39
83088 43
83098 43
83108 52
83118 51
83128 48
83138 47
83148 45
83158 44
83168 41
83179 45
83189 47
83199 45
83209 43
83219 48
83229 48
83239 42
83250 42
83260 41
83270 44
83280 45
83290 55
83300 53
83310 52
83320 49
83330 50
83341 48
83351 48
83361 52
83371 57
83381 59
83391 66
83401 67
83411 66
83421 66
83427 3
83431 62
83441 59
83447 3
83451 59
83457 3
83461 49
83467 3
83471 47
83477 3
83482 41
83484 3
83492 42
83494 3
83502 42
83504 3
83512 48
83514 3
83522 44
83532 46
83542 44
83552 48
83562 40
83572 40
83583 45
83593 49
83603 55
83613 51
83623 53
83633 56
83643 57
83653 57
83663 48
83673 41
83684 46
83694 46
83704 47
83714 48
83724 54
83734 52
83744 51
83754 52
83764 47
83774 41
83785 42
83795 46
83805 54
83815 57
83825 57
83835 57
83845 51
83855 48
83865 43
83876 51
83886 47
83896 49
83906 59
83916 51
83926 51
83936 46
83947 50
83957 57
83967 64
83977 59
83987 58
83997 50
84007 54
84018 49
84028 47
84038 55
84048 63
84050 1
84058 63
84068 57
84079 46
84089 49
84099 57
84109 66
84119 55
84129 49
84140 41
84150 44
84160 48
84170 48
84180 53
84190 49
84200 41
84210 43
84221 50
84231 55
84241 55
84251 55
84261 51
84271 52
84281 46
84291 44
84302 47
84312 52
84322 59
84332 62
84342 63
84352 53
84362 46
84373 50
84383 51
84393 53
84403 52
84413 56
84423 55
84433 55
84443 59
84453 51
84463 48
84474 44
84484 47
84494 43
84504 45
84514 45
84524 46
84534 39
84545 42
84555 43
84565 51
84575 53
84585 56
84595 52
84605 52
84616 42
84626 49
84636 56
84646 55
84656 53
84666 55
84676 51
84687 45
84697 52
84707 57
84717 59
84727 58
84737 54
84747 46
84758 47
84768 54
84778 61
84788 59
84798 44
84809 47
84819 49
84829 56
84839 55
84849 48
84860 47
84870 55
84880 56
84890 59
84900 57
84910 53
84920 53
84930 52
84940 48
84951 46
84961 46
84971 49
84981 49
84991 45
85001 43
85011 40
85021 40
85032 43
85042 44
85052 45
85062 46
85072 46
85082 44
85092 47
85102 49
85112 47
85122 45
85132 45
85142 40
85153 44
85163 50
85173 52
85183 56
85193 57
85203 56
85205 2
85213 48
85224 45
85234 54
85244 53
85254 54
85264 58
85274 59
85276 2
85284 55
85286 2
85294 57
85304 53
85314 53
85324 52
85334 45
85345 44
85355 40
85365 44
85375 46
85385 47
85395 49
85405 45
85415 43
85426 45
85436 47
85446 55
85456 53
85466 53
85476 52
85486 46
85497 45
85507 54
85517 50
85527 53
85537 53
85547 58
85557 55
85567 52
85577 51
85587 42
85598 42
85608 49
85618 52
85628 58
85638 51
85648 47
85658 49
85668 46
85679 48
85689 49
85699 49
85709 49
85719 48
85729 46
85739 40
85750 44
85760 51
85770 58
85780 56
85790 54
85800 47
85811 39
85821 43
85831 44
85841 43
85851 44
85861 44
85871 42
85881 43
85891 46
85901 43
85911 39
85922 42
85932 45
85942 48
85952 49
85962 52
85972 62
85982 57
85992 58
86002 49
86012 46
86022 42
86033 44
86043 50
86053 48
86063 53
86073 49
86083 50
86087 2
86093 53
86103 53
86113 54
86123 53
86133 49
86143 49
86154 56
86164 58
86174 61
86184 57
86194 60
86204 51
86215 43
86225 47
86235 48
86245 50
86255 49
86265 49
86275 47
86285 45
86296 39
86306 38
86316 45
86326 50
86336 47
86346 51
86356 55
86366 51
86376 51
86386 50
86396 43
86407 53
86417 59
86427 54
86437 53
86447 49
86457 43
86467 42
86478 42
86488 47
86498 50
86508 63
86518 67
86528 47
86539 51
86544 2
86549 51
86554 2
86559 49
86564 2
86569 50
86574 2
86579 47
86584 2
86590 63
86594 2
86600 64
86604 2
86610 67
86612 2
86620 66
86630 58
86640 52
86650 46
86660 46
86671 40
86681 43
86691 39
86701 42
86711 38
86721 42
86731 41
86741 40
86751 38
86762 40
86772 49
86782 51
86792 58
86802 58
86812 57
86822 49
86832 47
86843 50
86845 2
86853 55
86855 2
86863 56
86873 52
86883 49
86893 51
86903 48
86913 47
86924 44
86934 46
86944 40
86954 40
86964 40
86974 46
86984 44
86994 48
87004 48
87014 46
87024 42
87034 44
87045 44
87055 50
87065 49
87075 51
87085 54
87095 49
87105 50
87115 48
87125 48
87135 43
87146 39
87156 43
87166 43
87176 44
87186 51
87196 50
87206 53
87216 44
87226 44
87237 47
87247 49
87257 52
87267 51
87277 51
87287 47
87297 48
87307 47
87317 45
87327 40
87338 47
87348 50
87358 50
87368 50
87378 54
87388 57
87398 59
87408 58
87418 56
87428 53
87438 49
87448 45
87459 50
87469 55
87479 57
87489 56
87499 58
87509 48
87519 43
87530 49
87540 49
87550 48
87560 51
87564 2
87570 48
87580 44
87590 44
87601 46
87611 45
87621 50
87631 52
87641 53
87651 56
87661 49
87671 50
87681 50
87692 54
87702 57
87712 63
87722 66
87732 56
87743 44
87753 48
87763 52
87773 56
87783 54
87793 47
87803 47
87813 45
87824 50
87834 60
87844 65
87854 67
87864 69
87874 66
87884 60
87894 60
87904 47
87914 41
87925 43
87935 46
87945 47
87955 50
87965 56
87975 57
87985 60
87995 55
88005 46
88011 2
88016 43
88021 2
88026 45
88031 2
88036 50
88038 2
88046 52
88048 2
88056 51
88066 52
88076 47
88086 48
88096 44
88106 41
88117 45
88127 44
88137 43
88147 49
88157 58
88167 57
88177 52
88187 52
88197 51
88207 53
88217 50
88227 44
88237 44
88247 41
88258 41
88268 45
88278 46
88288 47
88298 50
88308 56
88318 63
88328 56
88338 54
88348 50
88359 41
88369 42
88379 47
88389 53
88399 53
88409 49
88419 49
88429 45
88440 43
88450 49
88460 49
88470 61
88480 56
88490 59
88500 56
88510 53
88520 56
88531 48
88541 54
88551 61
88561 56
88571 51
88581 46
88592 53
88602 52
88612 52
88622 52
88632 52
88642 44
88652 43
88663 46
88673 46
88683 46
88693 52
88703 50
88713 49
88723 48
88733 47
88743 45
88754 40
88764 46
88774 45
88784 50
88794 56
88804 52
88814 49
88824 48
88834 40
88845 41
88855 43
88865 47
88875 57
88885 54
88895 49
88905 47
88915 45
88925 40
88936 45
88946 54
88956 52
88966 49
88976 52
88986 49
88996 46
89006 42
89017 40
89027 42
89037 52
89047 53
89057 52
89067 52
89077 49
89087 48
89097 48
89107 46
89117 40
89128 44
89138 50
89148 57
89158 51
89168 57
89178 53
89188 52
89198 45
89209 49
89219 52
89229 49
89239 48
89249 48
89259 46
89269 45
89279 49
89290 43
89300 47
89310 50
89320 47
89330 49
89340 45
89350 46
89360 44
89371 42
89381 44
89391 50
89401 54
89411 58
89421 56
89431 60
89441 56
89451 52
89461 50
89471 44
89481 43
89492 47
89502 51
89512 52
89522 49
89532 49
89542 46
89552 47
89562 45
89573 43
89583 44
89593 48
89603 51
89613 51
89623 51
89633 56
89643 57
89653 60
89663 57
89673 53
89683 51
89693 46
89704 43
89714 48
89724 48
89734 49
89744 53
89754 57
89764 56
89775 48
89785 55
89795 57
89805 58
89815 57
89825 39
89836 42
89846 43
89856 44
89866 47
89876 47
89886 49
89896 47
89906 44
89917 38
89927 40
89937 40
89947 42
89957 43
89967 45
89977 52
89987 49
89997 47
90007 43
90017 43
90027 38
90038 40
90048 40
90058 41
90068 44
90078 47
90088 44
90098 43
90108 43
90119 46
90129 51
90139 52
90149 56
90159 52
90169 50
90179 47
90189 44
90199 41
90210 40
90220 50
90230 51
90240 49
90250 51
90260 45
90270 40
90280 39
90291 43
90301 42
90311 43
90321 45
90331 46
90341 47
90351 46
90361 49
90363 5
90371 45
90381 47
90391 47
90401 47
90411 44
90421 44
90432 44
90437 5
90442 55
90447 5
90452 53
90457 5
90462 54
90467 5
90472 54
90477 5
90482 51
90484 5
90492 50
90494 5
90502 49
90504 5
90512 43
90522 42
90527 5
90532 41
90543 48
90553 50
90563 52
90573 49
90583 54
90593 49
90604 46
90614 51
90624 47
90634 47
90644 49
90654 48
90664 49
90674 45
90685 44
90695 44
90705 47
90715 48
90725 51
90735 50
90745 52
90755 50
90765 49
90775 48
90786 41
90796 44
90806 53
90816 53
90826 53
90836 46
90846 47
90856 45
90867 47
90877 47
90887 48
90897 52
90907 53
90917 53
90927 49
90937 43
90947 40
90957 40
90968 41
90978 42
90988 45
90998 47
91000 3
91008 48
91018 47
91028 48
91038 53
91048 53
91058 51
91068 50
91078 47
91088 43
91098 41
91108 40
91118 37
91129 42
91139 41
91149 41
91151 2
91159 41
91161 2
91169 42
91171 2
91179 40
91181 2
91189 38
91199 41
91209 40
91220 41
91230 44
91240 45
91250 46
91260 47
91270 46
91280 51
91290 55
91300 55
91310 57
91320 59
91330 56
91340 50
91350 50
91360 43
91370 42
91381 41
91391 46
91401 45
91411 40
91421 40
91431 43
91441 40
91451 40
91461 43
91471 38
91482 35
91492 38
91502 38
91512 40
91522 42
91532 44
91542 44
91552 46
91562 46
91572 45
91582 46
91592 45
91602 40
91613 41
91623 45
91633 51
91643 52
91653 54
91663 49
91673 45
91683 44
91694 41
91704 46
91714 51
91724 51
91734 53
91744 50
91754 52
91764 43
91774 42
91785 38
91795 38
91805 42
91815 41
91825 38
91835 39
91845 40
91855 42
91865 43
91875 43
91885 48
91895 43
91906 42
91916 47
91926 56
91936 56
91946 57
91956 50
91966 49
91977 45
91987 45
91997 51
92007 50
92017 48
92027 45
92037 45
92047 41
92058 38
92068 41
92078 45
92088 46
92098 49
92108 58
92118 54
92128 54
92138 51
92148 49
92158 47
92168 47
92178 42
92188 40
92198 39
92209 37
92219 39
92229 38
92239 41
92249 42
92259 40
92269 39
92279 42
92289 41
92299 41
92309 41
92319 42
92329 44
92339 46
92349 46
92359 45
92369 45
92379 39
92390 39
92400 39
92410 42
92420 44
92430 45
92440 45
92450 48
92460 50
92470 51
92480 52
92490 55
92500 53
92510 52
92520 48
92530 45
92540 45
92550 46
92560 44
92571 40
92581 39
92591 40
92601 41
92611 40
92621 46
92631 46
92641 51
92651 46
92662 43
92672 48
92682 50
92686 3
92692 51
92696 4
92702 50
92706 3
92712 53
92722 50
92732 53
92742 51
92752 50
92762 46
92772 43
92782 44
92792 39
92802 37
92813 39
92823 39
92833 41
92843 49
92853 49
92863 47
92873 46
92883 45
92893 42
92903 44
92914 42
92924 50
92934 53
92944 60
92954 62
92964 61
92974 66
92984 63
92994 61
93004 58
93014 57
93024 47
93029 2
93035 46
93039 2
93045 48
93049 2
93055 55
93059 2
93065 57
93069 2
93075 58
93079 2
93085 57
93089 2
93095 47
93105 45
93116 45
93126 48
93136 49
93146 56
93156 62
93166 63
93176 59
93186 57
93196 54
93206 53
93216 53
93226 47
93236 41
93247 49
93249 2
93257 54
93259 2
93267 56
93277 50
93287 48
93297 44
93308 45
93318 49
93328 54
93338 66
93348 64
93358 64
93368 54
93378 51
93388 46
93399 44
93404 2
93409 48
93414 2
93419 50
93424 2
93429 55
93431 2
93439 57
93449 51
93459 46
93469 47
93479 41
93490 48
93500 48
93510 51
93520 51
93530 52
93540 52
93550 46
93560 40
93571 44
93581 50
93591 52
93601 54
93611 60
93621 58
93631 55
93641 55
93651 55
93661 52
93671 43
93681 35
93692 38
93702 38
93712 40
93722 41
93732 42
93742 43
93752 39
93762 42
93772 43
93782 43
93792 40
93802 39
93813 37
93823 38
93833 37
93843 42
93853 43
93863 40
93873 39
93883 39
93893 36
93903 37
93914 36
93924 36
93934 38
93944 38
93954 41
93964 41
93974 44
93984 48
93994 53
94004 52
94014 57
94024 59
94034 55
94044 52
94054 45
94064 44
94075 49
94085 49
94095 54
94105 50
94115 43
94126 43
94136 46
94146 48
94156 52
94166 62
94176 64
94186 64
94196 63
94206 62
94216 52
94226 46
94236 44
94246 39
94256 37
94267 41
94277 42
94287 46
94297 44
94307 45
94317 44
94327 43
94337 43
94348 44
94358 48
94368 52
94378 52
94388 54
94398 55
94408 54
94418 54
94428 53
94438 49
94448 45
94458 43
94469 41
94479 42
94489 45
94499 48
94509 52
94519 50
94529 50
94539 51
94549 46
94559 47
94569 44
94579 43
94589 42
94599 40
94610 43
94620 46
94630 47
94640 48
94650 47
94660 48
94670 48
94680 48
94690 47
94700 43
94710 42
94720 41
94730 39
94741 39
94751 45
94761 45
94771 53
94781 54
94791 55
94801 58
94811 53
94821 50
94831 46
94841 42
94851 39
94862 43
94872 47
94882 51
94892 49
94902 52
94912 50
94922 51
94932 49
94942 44
94952 43
94962 41
94973 41
94983 40
94993 44
95003 49
95013 48
95023 51
95033 54
95043 49
95053 43
95064 44
95074 47
95084 51
95094 52
95104 49
95114 47
95124 47
95134 47
95144 44
95155 45
95165 44
95175 48
95185 48
95195 48
95205 54
95215 55
95225 53
95235 53
95245 54
95255 56
95265 56
95275 52
95285 46
95296 44
95306 49
95316 55
95326 52
95336 52
95346 51
95356 44
95367 40
95377 42
95387 44
95397 47
95407 44
95417 45
95427 44
95437 44
95447 40
95457 37
95468 40
95478 46
95488 47
95498 48
95508 49
95518 49
95528 49
95538 45
95548 44
95558 46
95568 46
95578 47
95588 42
95599 44
95609 45
95619 52
95629 51
95639 51
95649 51
95659 50
95669 55
95679 46
95690 45
95700 52
95710 51
95720 55
95730 59
95740 58
95750 58
95760 50
95770 41
95781 38
95791 43
95801 40
95811 46
95821 47
95831 47
95841 45
95851 43
95862 49
95872 57
95882 58
95892 60
95902 62
95912 46
95923 43
95933 46
95943 51
95953 54
95963 54
95973 58
95983 60
95985 2
95993 59
96003 58
96013 56
96023 53
96033 47
96043 47
96053 46
96064 41
96074 42
96084 46
96094 51
96104 47
96114 40
96124 43
96134 41
96145 41
96155 48
96165 52
96175 53
96185 56
96195 53
96205 51
96215 48
96225 49
96235 41
96246 41
96256 45
96266 47
96276 51
96286 54
96296 55
96306 60
96316 56
96326 57
96336 57
96346 58
96356 51
96362 2
96366 46
96372 2
96377 42
96382 2
96387 47
96389 2
96397 51
96399 2
96407 55
96409 2
96417 56
96419 2
96427 51
96437 47
96448 45
96458 48
96468 54
96478 50
96488 51
96498 52
96508 53
96518 57
96528 56
96538 54
96548 53
96558 53
96568 50
96578 49
96588 43
96598 40
96609 38
96619 43
96629 45
96639 46
96649 47
96659 48
96669 47
96679 44
96689 40
96699 41
96709 40
96719 38
96730 43
96740 45
96750 47
96760 47
96770 52
96780 56
96790 59
96800 58
96810 57
96820 56
96830 54
96840 48
96850 42
96860 39
96870 38
96881 38
96891 39
96901 42
96911 43
96921 47
96931 42
96941 36
96952 39
96962 42
96972 44
96982 48
96992 54
97002 53
97012 56
97022 59
97032 56
97042 53
97052 49
97062 46
97072 44
97083 43
97085 3
97093 45
97095 3
97103 49
97105 3
97113 51
97115 3
97123 46
97125 3
97133 48
97135 3
97143 44
97145 3
97153 43
97155 3
97163 45
97173 44
97183 41
97194 40
97204 43
97214 46
97224 47
97234 46
97244 43
97254 46
97264 43
97274 48
97284 51
97294 45
97304 42
97315 41
97325 41
97335 41
97345 46
97355 52
97365 50
97375 45
97385 45
97395 49
97405 44
97415 42
97426 48
97436 56
97446 59
97456 56
97466 56
97476 54
97486 50
97496 50
97507 51
97517 65
97527 66
97537 66
97547 60
97557 52
97568 44
97578 50
97588 51
97598 48
97608 51
97618 50
97628 48
97638 47
97648 46
97658 38
97669 43
97679 46
97689 52
97699 49
97709 43
97719 45
97730 40
97740 41
97750 43
97760 47
97770 49
97780 51
97790 60
97792 3
97800 53
97810 54
97820 43
97831 43
97841 45
97851 58
97856 3
97861 54
97866 3
97871 51
97876 3
97881 51
97891 47
97901 43
97911 45
97921 44
97931 42
97942 43
97952 46
97962 49
97972 54
97976 2
97982 50
97986 2
97992 51
98002 46
98004 2
98013 47
98023 54
98025 2
98033 57
98043 59
98053 57
98063 58
98073 53
98083 52
98093 46
98103 46
98114 42
98124 43
98134 44
98144 47
98154 47
98164 48
98174 49
98184 49
98194 48
98204 41
98214 43
98225 46
98235 49
98245 51
98255 50
98265 47
98276 45
98286 51
98296 46
98306 52
98316 54
98326 54
98336 57
98346 48
98356 45
98367 49
98377 54
98387 56
98397 54
98407 53
98417 43
98428 47
98438 54
98448 50
98458 55
98468 58
98478 56
98488 56
98498 58
98508 55
98519 47
98529 44
98539 47
98549 47
98559 48
98569 47
98579 49
98589 51
98599 50
98601 2
98609 50
98611 2
98619 46
98621 2
98630 45
98631 2
98640 49
98650 50
98660 51
98670 55
98680 55
98685 2
98690 55
98695 2
98700 57
98705 2
98710 53
98720 45
98730 44
98741 41
98751 50
98761 52
98771 53
98781 50
98791 51
98801 50
98811 50
98821 43
98832 43
98842 47
98852 48
98862 51
98872 55
98882 53
98892 53
98902 50
98913 44
98923 45
98933 50
98943 54
98953 50
98963 50
98973 53
98983 52
98993 50
99003 49
99014 43
99024 42
99034 50
99044 53
99054 56
99064 55
99074 51
99084 50
99095 43
99105 45
99115 50
99125 54
99135 53
99145 50
99155 52
99165 49
99175 51
99185 47
99196 43
99206 46
99216 48
99226 48
99236 48
99246 47
99256 49
99266 49
99276 50
99286 51
99296 51
99306 50
99316 49
99326 52
99336 47
99346 43
99356 41
99366 40
99377 40
99387 42
99397 47
99407 48
99417 51
99427 52
99437 53
99447 48
99457 44
99468 46
99478 48
99488 53
99498 51
99508 52
99518 52
99528 49
99538 50
99548 48
99558 45
99569 45
99579 46
99589 49
99599 54
99609 52
99619 52
99629 51
99639 51
99649 42
99659 40
99670 39
99680 44
99690 46
99700 52
99710 55
99720 57
99730 52
99740 50
99750 46
99760 48
99770 45
99780 44
99791 47
99801 50
99811 48
99821 46
99831 43
99841 47
99851 44
99861 41
99872 38
99882 43
99892 47
99902 49
99912 51
99922 51
99932 46
99942 45
99952 41
99963 43
99973 42
99983 52
99993 53
