9801 49249352
9807 1831968520
9811 1831827993
9817 1831895728
9823 1831968520
9829 1831940272
9833 49248694
9837 1831973520
9845 1529
9851 1831742885
9857 1557314736
9861 1557317416
9863 49231432
9873 1557317416
9877 1769234802
9881 0
9889 0
9901 1557314672
9905 1557315240
9911 1557315208
9915 1557316779
9925 1557315744
9928 32767
9931 0
9934 0
9937 0
9940 0
9945 1557314816
9949 1981557872
9953 1557316216
9965 1557316779
9966 32767
9973 1557317000
9974 1
9983 4
9987 1557317000
9993 1557317000
9999 1557317000
