1 0 16 0 0 0
2 2 42 0 0 0.02
3 6 31 0 0 0.06
4 8 23 0 0 0.08
5 15 13 0 0 0.15
6 15 12 0 0 0.15
7 27 12 0 0 0.27
8 18 18 0 0 0.18
9 24 20 0 0 0.24
10 9 24 0 0 0.09
11 22 27 0 0 0.22
12 21 13 0 0 0.21
13 24 21 0 0 0.24
14 20 26 0 0 0.2
15 20 25 0 0 0.2
16 15 20 0 0 0.15
17 26 31 0 0 0.26
18 18 19 0 0 0.18
19 24 20 0 0 0.24
20 26 25 0 0 0.26
21 18 31 0 0 0.18
22 23 24 0 0 0.23
23 29 24 0 0 0.29
24 27 24 0 0 0.27
25 28 23 0 0 0.28
26 30 21 0 0 0.3
27 26 32 0 0 0.26
28 21 23 0 0 0.21
29 16 39 0 0 0.16
30 30 20 0 0 0.3
31 41 16 0 0 0.41
32 36 13 0 0 0.36
33 23 39 0 0 0.23
34 22 35 0 0 0.22
35 32 24 0 0 0.32
36 44 14 0 0 0.44
37 23 26 0 0 0.23
38 15 42 0 0 0.15
39 21 35 0 0 0.21
40 40 17 0 0 0.4
41 39 17 0 0 0.39
42 35 28 0 0 0.35
43 23 31 0 0 0.23
44 38 31 0 0 0.38
45 35 25 0 0 0.35
46 39 33 0 0 0.39
47 26 38 0 0 0.26
48 23 54 0 0 0.23
49 16 46 0 0 0.16
50 28 39 0 0 0.28
51 38 28 0 0 0.38
52 39 24 0 0 0.39
53 33 32 0 0 0.33
54 29 35 0 0 0.29
55 27 31 0 0 0.27
56 26 31 0 0 0.26
57 30 31 0 0 0.3
58 27 30 0 0 0.27
59 31 35 0 0 0.31
60 27 28 0 0 0.27
61 35 29 0 0 0.35
62 28 21 0 0 0.28
63 34 31 0 0 0.34
64 29 31 0 0 0.29
65 32 31 0 0 0.32
66 29 31 0 0 0.29
67 27 37 0 0 0.27
68 28 33 0 0 0.28
69 38 30 0 0 0.38
70 39 26 0 0 0.39
71 37 33 0 0 0.37
72 34 34 0 0 0.34
73 35 29 0 0 0.35
74 41 30 0 0 0.41
75 38 23 0 0 0.38
76 35 40 0 0 0.35
77 23 38 0 0 0.23
78 26 51 0 0 0.26
79 24 42 0 0 0.24
80 33 35 0 0 0.33
81 32 29 0 0 0.32
82 40 32 0 0 0.4
83 34 32 0 0 0.34
84 34 37 0 0 0.34
85 31 33 0 0 0.31
86 28 35 0 0 0.28
87 28 34 0 0 0.28
88 31 32 0 0 0.31
89 27 32 0 0 0.27
90 29 39 0 0 0.29
91 34 30 0 0 0.34
92 37 24 0 0 0.37
93 32 26 0 0 0.32
94 32 37 0 0 0.32
95 22 38 0 0 0.22
96 29 36 0 0 0.29
97 38 26 0 0 0.38
98 37 28 0 0 0.37
99 23 39 0 0 0.23
100 20 43 0 0 0.2
101 26 39 0 0 0.26
102 39 28 0 0 0.39
103 41 27 0 0 0.41
104 34 36 0 0 0.34
105 24 44 0 0 0.24
106 21 37 0 0 0.21
107 39 31 0 0 0.39
108 36 23 0 0 0.36
109 39 26 0 0 0.39
110 31 33 0 0 0.31
111 27 38 0 0 0.27
112 29 36 0 0 0.29
113 37 29 0 0 0.37
114 40 27 0 0 0.4
115 36 30 0 0 0.36
116 28 35 0 0 0.28
117 28 44 0 0 0.28
118 26 41 0 0 0.26
119 32 37 0 0 0.32
120 36 28 0 0 0.36
121 37 35 0 0 0.37
122 26 35 0 0 0.26
123 34 40 0 0 0.34
124 34 39 0 0 0.34
125 40 37 0 0 0.4
126 46 35 0 0 0.46
127 43 37 0 0 0.43
128 41 40 0 0 0.41
129 35 42 0 0 0.35
130 35 48 0 0 0.35
131 36 47 0 0 0.36
132 33 42 0 0 0.33
133 42 37 0 0 0.42
134 47 30 0 0 0.47
135 51 29 0 0 0.51
136 36 31 0 0 0.36
137 25 47 0 0 0.25
138 26 45 0 0 0.26
139 32 42 0 0 0.32
140 34 29 0 0 0.34
141 45 28 0 0 0.45
142 44 30 0 0 0.44
143 40 35 0 0 0.4
144 39 42 0 0 0.39
145 35 34 0 0 0.35
146 44 32 0 0 0.44
147 38 33 0 0 0.38
148 35 33 0 0 0.35
149 36 30 0 0 0.36
150 37 28 0 0 0.37
151 35 33 0 0 0.35
152 33 30 0 0 0.33
153 36 34 0 0 0.36
154 38 35 0 0 0.38
155 37 27 0 0 0.37
156 34 32 0 0 0.34
157 27 29 0 0 0.27
158 32 33 0 0 0.32
159 38 30 0 0 0.38
160 24 33 0 0 0.24
161 21 40 0 0 0.21
162 32 32 0 0 0.32
163 34 31 0 0 0.34
164 27 34 0 0 0.27
165 25 35 0 0 0.25
166 30 32 0 0 0.3
167 42 21 0 0 0.42
168 37 25 0 0 0.37
169 32 34 0 0 0.32
170 30 32 0 0 0.3
171 37 27 0 0 0.37
172 41 27 0 0 0.41
173 30 33 0 0 0.3
174 33 37 0 0 0.33
175 40 27 0 0 0.4
176 41 30 0 0 0.41
177 44 30 0 0 0.44
178 42 29 0 0 0.42
179 39 29 0 0 0.39
180 35 35 0 0 0.35
181 26 33 0 0 0.26
182 34 36 0 0 0.34
183 32 26 0 0 0.32
184 43 32 0 0 0.43
185 30 35 0 0 0.3
186 22 49 0 0 0.22
187 30 40 0 0 0.3
188 46 27 0 0 0.46
189 55 18 0 0 0.55
190 47 25 0 0 0.47
191 34 38 0 0 0.34
192 29 46 0 0 0.29
193 29 38 0 0 0.29
194 44 33 0 0 0.44
195 51 24 0 0 0.51
196 61 24 0 0 0.61
197 58 28 0 0 0.58
198 43 37 0 0 0.43
199 32 50 0 0 0.32
200 25 61 0 0 0.25
201 28 66 0 0 0.28
202 31 59 0 0 0.31
203 35 55 0 0 0.35
204 41 46 0 0 0.41
205 50 37 0 0 0.5
206 55 28 0 0 0.55
207 61 29 0 0 0.61
208 56 30 0 0 0.56
209 46 38 0 0 0.46
210 30 46 0 0 0.3
211 21 60 0 0 0.21
212 21 64 0 0 0.21
213 27 52 0 0 0.27
214 38 39 0 0 0.38
215 42 34 0 0 0.42
216 37 29 0 0 0.37
217 39 39 0 0 0.39
218 31 41 0 0 0.31
219 28 45 0 0 0.28
220 35 36 0 0 0.35
221 47 29 0 0 0.47
222 50 23 0 0 0.5
223 52 30 0 0 0.52
224 36 31 0 0 0.36
225 34 39 0 0 0.34
226 31 38 0 0 0.31
227 30 33 0 0 0.3
228 32 31 0 0 0.32
229 34 31 0 0 0.34
230 32 34 0 0 0.32
231 28 40 0 0 0.28
232 33 40 0 0 0.33
233 35 31 0 0 0.35
234 29 33 0 0 0.29
235 22 48 0 0 0.22
236 24 41 0 0 0.24
237 36 32 0 0 0.36
238 31 32 0 0 0.31
239 24 44 0 0 0.24
240 20 46 0 0 0.2
241 24 40 0 0 0.24
242 30 28 0 0 0.3
243 34 30 0 0 0.34
244 26 33 0 0 0.26
245 30 33 0 0 0.3
246 38 30 0 0 0.38
247 37 25 0 0 0.37
248 29 34 0 0 0.29
249 22 38 0 0 0.22
250 29 42 0 0 0.29
251 28 31 0 0 0.28
252 34 36 0 0 0.34
253 30 27 0 0 0.3
254 38 31 0 0 0.38
255 34 29 0 0 0.34
256 27 34 0 0 0.27
257 29 37 0 0 0.29
258 39 31 0 0 0.39
259 41 21 0 0 0.41
260 38 26 0 0 0.38
261 27 35 0 0 0.27
262 32 35 0 0 0.32
263 36 34 0 0 0.36
264 39 33 0 0 0.39
265 36 31 0 0 0.36
266 38 36 0 0 0.38
267 35 34 0 0 0.35
268 35 34 0 0 0.35
269 39 27 0 0 0.39
270 45 21 0 0 0.45
271 42 25 0 0 0.42
272 37 32 0 0 0.37
273 34 39 0 0 0.34
274 36 35 0 0 0.36
275 41 25 0 0 0.41
276 45 21 0 0 0.45
277 41 28 0 0 0.41
278 29 30 0 0 0.29
279 25 39 0 0 0.25
280 28 31 0 0 0.28
281 38 33 0 0 0.38
282 26 33 0 0 0.26
283 29 47 0 0 0.29
284 26 34 0 0 0.26
285 36 38 0 0 0.36
286 27 31 0 0 0.27
287 30 46 0 0 0.3
288 27 34 0 0 0.27
289 37 29 0 0 0.37
290 30 23 0 0 0.3
291 34 34 0 0 0.34
292 23 32 0 0 0.23
293 37 28 0 0 0.37
294 41 17 0 0 0.41
295 40 25 0 0 0.4
296 31 33 0 0 0.31
297 27 39 0 0 0.27
298 26 41 0 0 0.26
299 36 30 0 0 0.36
300 41 26 0 0 0.41
301 34 33 0 0 0.34
302 29 37 0 0 0.29
303 35 31 0 0 0.35
304 40 29 0 0 0.4
305 34 33 0 0 0.34
306 30 39 0 0 0.3
307 33 38 0 0 0.33
308 38 32 0 0 0.38
309 35 36 0 0 0.35
310 35 39 0 0 0.35
311 32 32 0 0 0.32
312 35 30 0 0 0.35
313 38 34 0 0 0.38
314 35 33 0 0 0.35
315 38 37 0 0 0.38
316 34 42 0 0 0.34
317 29 47 0 0 0.29
318 30 47 0 0 0.3
319 33 39 0 0 0.33
320 40 30 0 0 0.4
321 33 28 0 0 0.33
322 34 38 0 0 0.34
323 31 40 0 0 0.31
324 30 39 0 0 0.3
325 37 33 0 0 0.37
326 37 30 0 0 0.37
327 35 32 0 0 0.35
328 27 37 0 0 0.27
329 28 37 0 0 0.28
330 33 34 0 0 0.33
331 37 37 0 0 0.37
332 26 23 0 0 0.26
333 35 35 0 0 0.35
334 28 26 0 0 0.28
335 36 35 0 0 0.36
336 35 34 0 0 0.35
337 28 34 0 0 0.28
338 27 35 0 0 0.27
339 36 33 0 0 0.36
340 30 31 0 0 0.3
341 34 39 0 0 0.34
342 29 33 0 0 0.29
343 33 33 0 0 0.33
344 31 35 0 0 0.31
345 27 41 0 0 0.27
346 27 45 0 0 0.27
347 34 42 0 0 0.34
348 34 37 0 0 0.34
349 29 38 0 0 0.29
350 26 45 0 0 0.26
351 27 35 0 0 0.27
352 41 28 0 0 0.41
353 43 25 0 0 0.43
354 33 31 0 0 0.33
355 26 42 0 0 0.26
356 29 35 0 0 0.29
357 34 24 0 0 0.34
358 37 33 0 0 0.37
359 35 32 0 0 0.35
360 39 25 0 0 0.39
361 46 29 0 0 0.46
362 37 35 0 0 0.37
363 28 44 0 0 0.28
364 26 50 0 0 0.26
365 28 41 0 0 0.28
366 43 29 0 0 0.43
367 40 23 0 0 0.4
368 37 28 0 0 0.37
369 18 38 0 0 0.18
370 21 41 0 0 0.21
371 34 24 0 0 0.34
372 43 22 0 0 0.43
373 30 29 0 0 0.3
374 21 40 0 0 0.21
375 22 37 0 0 0.22
376 30 29 0 0 0.3
377 36 23 0 0 0.36
378 36 32 0 0 0.36
379 20 41 0 0 0.2
380 28 43 0 0 0.28
381 38 31 0 0 0.38
382 47 27 0 0 0.47
383 31 32 0 0 0.31
384 22 49 0 0 0.22
385 20 37 0 0 0.2
386 44 21 0 0 0.44
387 58 12 0 0 0.58
388 42 23 0 0 0.42
389 23 47 0 0 0.23
390 19 59 0 0 0.19
391 27 46 0 0 0.27
392 42 34 0 0 0.42
393 54 20 0 0 0.54
394 58 19 0 0 0.58
395 51 25 0 0 0.51
396 44 39 0 0 0.44
397 32 45 0 0 0.32
398 27 47 0 0 0.27
399 32 46 0 0 0.32
400 32 38 0 0 0.32
401 35 38 0 0 0.35
402 32 39 0 0 0.32
403 31 39 0 0 0.31
404 41 40 0 0 0.41
405 35 27 0 0 0.35
406 41 30 0 0 0.41
407 28 36 0 0 0.28
408 26 44 0 0 0.26
409 37 32 0 0 0.37
410 38 30 0 0 0.38
411 37 40 0 0 0.37
412 20 40 0 0 0.2
413 23 47 0 0 0.23
414 23 37 0 0 0.23
415 37 29 0 0 0.37
416 32 25 0 0 0.32
417 32 40 0 0 0.32
418 28 36 0 0 0.28
419 35 33 0 0 0.35
420 43 31 0 0 0.43
421 42 25 0 0 0.42
422 37 32 0 0 0.37
423 25 35 0 0 0.25
424 28 44 0 0 0.28
425 26 43 0 0 0.26
426 32 43 0 0 0.32
427 38 31 0 0 0.38
428 47 26 0 0 0.47
429 45 21 0 0 0.45
430 39 35 0 0 0.39
431 21 38 0 0 0.21
432 31 42 0 0 0.31
433 37 21 0 0 0.37
434 48 23 0 0 0.48
435 37 30 0 0 0.37
436 29 47 0 0 0.29
437 24 59 0 0 0.24
438 19 63 0 0 0.19
439 23 53 0 0 0.23
440 33 48 0 0 0.33
441 36 33 0 0 0.36
442 47 37 0 0 0.47
443 39 28 0 0 0.39
444 32 37 0 0 0.32
445 26 41 0 0 0.26
446 32 46 0 0 0.32
447 31 35 0 0 0.31
448 44 40 0 0 0.44
449 49 31 0 0 0.49
450 43 27 0 0 0.43
451 44 36 0 0 0.44
452 35 34 0 0 0.35
453 41 36 0 0 0.41
454 40 25 0 0 0.4
455 42 31 0 0 0.42
456 39 31 0 0 0.39
457 31 37 0 0 0.31
458 26 38 0 0 0.26
459 33 41 0 0 0.33
460 40 26 0 0 0.4
461 37 32 0 0 0.37
462 29 33 0 0 0.29
463 34 35 0 0 0.34
464 34 26 0 0 0.34
465 36 29 0 0 0.36
466 32 30 0 0 0.32
467 31 38 0 0 0.31
468 28 41 0 0 0.28
469 30 38 0 0 0.3
470 34 29 0 0 0.34
471 34 36 0 0 0.34
472 28 34 0 0 0.28
473 29 42 0 0 0.29
474 26 43 0 0 0.26
475 34 43 0 0 0.34
476 42 32 0 0 0.42
477 53 30 0 0 0.53
478 46 26 0 0 0.46
479 37 38 0 0 0.37
480 25 47 0 0 0.25
481 29 47 0 0 0.29
482 35 43 0 0 0.35
483 47 34 0 0 0.47
484 54 20 0 0 0.54
485 56 19 0 0 0.56
486 48 30 0 0 0.48
487 39 44 0 0 0.39
488 31 52 0 0 0.31
489 32 43 0 0 0.32
490 52 28 0 0 0.52
491 63 19 0 0 0.63
492 64 21 0 0 0.64
493 53 32 0 0 0.53
494 42 46 0 0 0.42
495 34 51 0 0 0.34
496 24 58 0 0 0.24
497 20 68 0 0 0.2
498 21 60 0 0 0.21
499 32 41 0 0 0.32
500 53 22 0 0 0.53
501 64 20 0 0 0.64
502 52 25 0 0 0.52
503 44 40 0 0 0.44
504 43 49 0 0 0.43
505 36 48 0 0 0.36
506 37 44 0 0 0.37
507 36 43 0 0 0.36
508 29 36 0 0 0.29
509 42 33 0 0 0.42
510 36 24 0 0 0.36
511 45 33 0 0 0.45
512 35 26 0 0 0.35
513 35 35 0 0 0.35
514 30 32 0 0 0.3
515 37 27 0 0 0.37
516 48 27 0 0 0.48
517 42 24 0 0 0.42
518 36 36 0 0 0.36
519 25 39 0 0 0.25
520 30 36 0 0 0.3
521 48 23 0 0 0.48
522 48 21 0 0 0.48
523 35 31 0 0 0.35
524 25 38 0 0 0.25
525 32 33 0 0 0.32
526 38 28 0 0 0.38
527 42 24 0 0 0.42
528 37 33 0 0 0.37
529 23 44 0 0 0.23
530 17 53 0 0 0.17
531 22 49 0 0 0.22
532 31 37 0 0 0.31
533 40 33 0 0 0.4
534 42 33 0 0 0.42
535 38 36 0 0 0.38
536 34 27 0 0 0.34
537 40 25 0 0 0.4
538 40 29 0 0 0.4
539 29 32 0 0 0.29
540 28 38 0 0 0.28
541 35 34 0 0 0.35
542 46 23 0 0 0.46
543 49 15 0 0 0.49
544 46 31 0 0 0.46
545 26 32 0 0 0.26
546 36 39 0 0 0.36
547 40 24 0 0 0.4
548 50 29 0 0 0.5
549 39 24 0 0 0.39
550 30 38 0 0 0.3
551 26 46 0 0 0.26
552 23 47 0 0 0.23
553 31 44 0 0 0.31
554 38 30 0 0 0.38
555 41 30 0 0 0.41
556 33 34 0 0 0.33
557 27 41 0 0 0.27
558 26 39 0 0 0.26
559 32 40 0 0 0.32
560 33 40 0 0 0.33
561 34 32 0 0 0.34
562 45 25 0 0 0.45
563 49 25 0 0 0.49
564 45 31 0 0 0.45
565 30 43 0 0 0.3
566 21 48 0 0 0.21
567 29 39 0 0 0.29
568 44 25 0 0 0.44
569 48 17 0 0 0.48
570 39 30 0 0 0.39
571 21 40 0 0 0.21
572 30 49 0 0 0.3
573 40 24 0 0 0.4
574 60 17 0 0 0.6
575 53 16 0 0 0.53
576 29 40 0 0 0.29
577 18 58 0 0 0.18
578 21 53 0 0 0.21
579 38 33 0 0 0.38
580 57 18 0 0 0.57
581 59 16 0 0 0.59
582 52 28 0 0 0.52
583 36 43 0 0 0.36
584 27 59 0 0 0.27
585 29 59 0 0 0.29
586 37 51 0 0 0.37
587 45 41 0 0 0.45
588 58 32 0 0 0.58
589 66 29 0 0 0.66
590 70 27 0 0 0.7
591 70 27 0 0 0.7
592 65 28 0 0 0.65
593 59 32 0 0 0.59
594 57 38 0 0 0.57
595 54 42 0 0 0.54
596 48 46 0 0 0.48
597 44 52 0 0 0.44
598 44 56 0 0 0.44
599 44 56 0 0 0.44
600 44 56 0 0 0.44
601 44 56 0 0 0.44
602 44 56 0 0 0.44
603 44 56 0 0 0.44
604 44 56 0 0 0.44
605 44 56 0 0 0.44
606 44 56 0 0 0.44
607 44 56 0 0 0.44
608 44 56 0 0 0.44
