1 86 68 58 0.58 0.86
2 96 48 46 0.46 0.96
3 92 44 36 0.36 0.92
4 85 56 42 0.42 0.85
5 75 66 42 0.42 0.75
6 68 76 46 0.46 0.68
7 53 76 34 0.34 0.53
8 45 67 21 0.21 0.45
9 43 60 15 0.15 0.43
10 53 55 20 0.2 0.53
11 58 47 20 0.2 0.58
12 53 49 15 0.15 0.53
13 46 53 18 0.18 0.46
14 48 50 15 0.15 0.48
15 48 48 14 0.14 0.48
16 55 50 23 0.23 0.55
17 46 45 11 0.11 0.46
18 46 45 8 0.08 0.46
19 48 45 16 0.16 0.48
20 39 45 11 0.11 0.39
21 42 40 8 0.08 0.42
22 45 38 12 0.12 0.45
23 45 36 11 0.11 0.45
24 37 39 5 0.05 0.37
25 38 43 10 0.1 0.38
26 37 38 9 0.09 0.37
27 34 38 7 0.07 0.34
28 42 40 8 0.08 0.42
29 45 34 9 0.09 0.45
30 47 29 5 0.05 0.47
31 38 35 6 0.06 0.38
32 28 49 7 0.07 0.28
33 26 36 4 0.04 0.26
34 42 25 7 0.07 0.42
35 43 24 5 0.05 0.43
36 29 37 1 0.01 0.29
37 26 48 3 0.03 0.26
38 34 34 6 0.06 0.34
39 42 22 2 0.02 0.42
40 38 30 3 0.03 0.38
41 32 39 4 0.04 0.32
42 27 34 1 0.01 0.27
43 33 28 2 0.02 0.33
44 26 22 2 0.02 0.26
45 25 23 0 0 0.25
46 18 23 2 0.02 0.18
47 14 25 1 0.01 0.14
48 19 22 1 0.01 0.19
49 24 21 0 0 0.24
50 32 19 3 0.03 0.32
51 31 24 2 0.02 0.31
52 20 34 1 0.01 0.2
53 20 27 2 0.02 0.2
54 29 29 1 0.01 0.29
55 32 27 0 0 0.32
56 34 30 0 0 0.34
57 30 30 0 0 0.3
58 29 26 0 0 0.29
59 30 32 2 0.02 0.3
60 32 31 0 0 0.32
61 34 30 0 0 0.34
62 36 35 1 0.01 0.36
63 32 31 0 0 0.32
64 30 25 0 0 0.3
65 30 33 0 0 0.3
66 24 34 0 0 0.24
67 30 30 0 0 0.3
68 30 24 0 0 0.3
69 27 19 0 0 0.27
70 24 23 0 0 0.24
71 20 24 0 0 0.2
72 24 22 0 0 0.24
73 28 22 0 0 0.28
74 25 22 1 0.01 0.25
75 23 31 0 0 0.23
76 18 23 0 0 0.18
77 17 26 0 0 0.17
78 17 20 0 0 0.17
79 26 18 0 0 0.26
80 27 19 0 0 0.27
81 24 21 0 0 0.24
82 23 23 0 0 0.23
83 19 22 0 0 0.19
84 20 22 0 0 0.2
85 29 27 0 0 0.29
86 24 28 0 0 0.24
87 28 30 0 0 0.28
88 31 30 0 0 0.31
89 26 28 0 0 0.26
90 30 22 0 0 0.3
91 30 24 0 0 0.3
92 29 28 0 0 0.29
93 28 31 0 0 0.28
94 22 28 0 0 0.22
95 28 29 0 0 0.28
96 31 18 0 0 0.31
97 25 22 0 0 0.25
98 23 34 0 0 0.23
99 20 32 0 0 0.2
100 31 22 0 0 0.31
101 30 21 0 0 0.3
102 28 20 0 0 0.28
103 17 25 0 0 0.17
104 13 24 0 0 0.13
105 20 27 0 0 0.2
106 30 19 0 0 0.3
107 32 21 0 0 0.32
108 27 28 0 0 0.27
109 26 28 0 0 0.26
110 23 29 0 0 0.23
111 27 25 0 0 0.27
112 30 22 0 0 0.3
113 28 20 0 0 0.28
114 21 23 0 0 0.21
115 19 30 0 0 0.19
116 23 27 0 0 0.23
117 20 23 0 0 0.2
118 23 21 0 0 0.23
119 26 22 0 0 0.26
120 26 21 0 0 0.26
121 21 27 0 0 0.21
122 18 24 0 0 0.18
123 19 17 0 0 0.19
124 17 16 0 0 0.17
125 17 13 0 0 0.17
126 9 11 0 0 0.09
127 10 15 0 0 0.1
128 11 11 0 0 0.11
129 9 17 0 0 0.09
130 10 10 0 0 0.1
131 13 12 0 0 0.13
132 17 10 0 0 0.17
133 15 10 0 0 0.15
134 17 12 0 0 0.17
135 16 18 0 0 0.16
136 12 28 0 0 0.12
137 15 22 0 0 0.15
138 20 15 0 0 0.2
139 21 17 0 0 0.21
140 26 20 0 0 0.26
141 19 17 0 0 0.19
142 14 18 0 0 0.14
143 12 17 0 0 0.12
144 16 12 0 0 0.16
145 21 18 0 0 0.21
146 19 19 0 0 0.19
147 19 23 0 0 0.19
148 21 22 0 0 0.21
149 26 20 0 0 0.26
150 26 24 0 0 0.26
151 25 25 0 0 0.25
152 23 23 0 0 0.23
153 20 20 0 0 0.2
154 20 20 0 0 0.2
155 25 23 0 0 0.25
156 27 31 0 0 0.27
157 30 29 0 0 0.3
158 25 22 0 0 0.25
159 22 27 0 0 0.22
160 26 35 0 0 0.26
161 33 25 0 0 0.33
162 27 21 0 0 0.27
163 21 30 0 0 0.21
164 25 34 0 0 0.25
165 30 29 0 0 0.3
166 31 27 0 0 0.31
167 31 28 0 0 0.31
168 25 34 0 0 0.25
169 23 26 0 0 0.23
170 30 24 0 0 0.3
171 31 22 0 0 0.31
172 21 29 0 0 0.21
173 22 28 0 0 0.22
174 27 17 0 0 0.27
175 21 18 0 0 0.21
176 19 19 0 0 0.19
177 22 18 0 0 0.22
178 19 18 0 0 0.19
179 23 26 0 0 0.23
180 23 25 0 0 0.23
181 25 27 0 0 0.25
182 27 24 0 0 0.27
183 27 23 0 0 0.27
184 16 22 0 0 0.16
185 15 32 0 0 0.15
186 22 20 0 0 0.22
187 30 11 0 0 0.3
188 27 11 0 0 0.27
189 16 19 0 0 0.16
190 10 26 0 0 0.1
191 11 22 0 0 0.11
192 16 18 0 0 0.16
193 23 15 0 0 0.23
194 21 11 0 0 0.21
195 19 11 0 0 0.19
196 8 8 0 0 0.08
197 6 14 0 0 0.06
198 6 16 0 0 0.06
199 4 17 0 0 0.04
200 4 10 0 0 0.04
201 5 3 0 0 0.05
202 6 4 0 0 0.06
203 8 2 0 0 0.08
204 11 2 0 0 0.11
205 12 3 0 0 0.12
206 12 5 0 0 0.12
207 6 6 0 0 0.06
208 4 10 0 0 0.04
209 4 14 0 0 0.04
210 5 19 0 0 0.05
211 6 15 0 0 0.06
212 13 7 0 0 0.13
213 16 6 0 0 0.16
214 19 10 0 0 0.19
215 15 16 0 0 0.15
216 21 21 0 0 0.21
217 10 16 0 0 0.1
218 13 21 0 0 0.13
219 20 13 0 0 0.2
220 21 12 0 0 0.21
221 19 12 0 0 0.19
222 17 14 0 0 0.17
223 12 18 0 0 0.12
224 15 24 0 0 0.15
225 18 20 0 0 0.18
226 23 21 0 0 0.23
227 27 21 0 0 0.27
228 27 24 0 0 0.27
229 25 28 0 0 0.25
230 19 24 0 0 0.19
231 23 22 0 0 0.23
232 22 18 0 0 0.22
233 24 23 0 0 0.24
234 18 32 0 0 0.18
235 19 26 0 0 0.19
236 26 19 0 0 0.26
237 28 24 0 0 0.28
238 19 31 0 0 0.19
239 16 28 0 0 0.16
240 22 24 0 0 0.22
241 34 23 0 0 0.34
242 33 26 0 0 0.33
243 25 33 0 0 0.25
244 29 32 0 0 0.29
245 33 23 0 0 0.33
246 27 22 0 0 0.27
247 26 31 0 0 0.26
248 23 35 0 0 0.23
249 30 28 0 0 0.3
250 31 20 0 0 0.31
251 28 27 0 0 0.28
252 22 26 0 0 0.22
253 30 26 0 0 0.3
254 22 22 0 0 0.22
255 23 30 0 0 0.23
256 24 30 0 0 0.24
257 27 18 0 0 0.27
258 27 16 0 0 0.27
259 24 24 0 0 0.24
260 21 34 0 0 0.21
261 29 24 0 0 0.29
262 22 18 0 0 0.22
263 18 16 0 0 0.18
264 17 20 0 0 0.17
265 17 21 0 0 0.17
266 18 20 0 0 0.18
267 22 20 0 0 0.22
268 26 21 0 0 0.26
269 26 21 0 0 0.26
270 24 23 0 0 0.24
271 20 29 0 0 0.2
272 20 23 0 0 0.2
273 20 18 0 0 0.2
274 25 18 0 0 0.25
275 26 20 0 0 0.26
276 27 25 0 0 0.27
277 22 27 0 0 0.22
278 24 34 0 0 0.24
279 32 24 0 0 0.32
280 29 23 0 0 0.29
281 19 28 0 0 0.19
282 21 26 0 0 0.21
283 21 21 0 0 0.21
284 25 23 0 0 0.25
285 21 21 0 0 0.21
286 23 31 0 0 0.23
287 21 25 0 0 0.21
288 29 21 0 0 0.29
289 29 31 0 0 0.29
290 29 32 0 0 0.29
291 27 32 0 0 0.27
292 34 27 0 0 0.34
293 37 21 0 0 0.37
294 25 30 0 0 0.25
295 25 31 0 0 0.25
296 23 30 0 0 0.23
297 23 26 0 0 0.23
298 28 20 0 0 0.28
299 30 26 0 0 0.3
300 22 27 0 0 0.22
301 20 29 0 0 0.2
302 28 21 0 0 0.28
303 30 21 0 0 0.3
304 19 23 0 0 0.19
305 18 28 0 0 0.18
306 22 19 0 0 0.22
307 23 18 0 0 0.23
308 19 23 0 0 0.19
309 18 21 0 0 0.18
310 19 17 0 0 0.19
311 26 19 0 0 0.26
312 24 23 0 0 0.24
313 17 21 0 0 0.17
314 22 19 0 0 0.22
315 14 17 0 0 0.14
316 10 20 0 0 0.1
317 14 15 0 0 0.14
318 16 13 0 0 0.16
319 22 12 0 0 0.22
320 20 19 0 0 0.2
321 24 28 0 0 0.24
322 21 25 0 0 0.21
323 20 22 0 0 0.2
324 26 19 0 0 0.26
325 23 20 0 0 0.23
326 19 23 0 0 0.19
327 25 26 0 0 0.25
328 19 26 0 0 0.19
329 27 21 0 0 0.27
330 24 20 0 0 0.24
331 24 22 0 0 0.24
332 31 33 0 0 0.31
333 29 31 0 0 0.29
334 30 27 0 0 0.3
335 24 22 0 0 0.24
336 22 22 0 0 0.22
337 23 32 0 0 0.23
338 28 26 0 0 0.28
339 25 24 0 0 0.25
340 25 26 0 0 0.25
341 22 26 0 0 0.22
342 26 25 0 0 0.26
343 24 23 0 0 0.24
344 16 24 0 0 0.16
345 19 24 0 0 0.19
346 19 14 0 0 0.19
347 19 11 0 0 0.19
348 19 21 0 0 0.19
349 16 26 0 0 0.16
350 25 21 0 0 0.25
351 30 16 0 0 0.3
352 28 19 0 0 0.28
353 20 25 0 0 0.2
354 19 32 0 0 0.19
355 25 21 0 0 0.25
356 35 20 0 0 0.35
357 30 31 0 0 0.3
358 19 28 0 0 0.19
359 24 20 0 0 0.24
360 27 18 0 0 0.27
361 14 21 0 0 0.14
362 13 26 0 0 0.13
363 17 21 0 0 0.17
364 18 14 0 0 0.18
365 30 12 0 0 0.3
366 24 18 0 0 0.24
367 22 26 0 0 0.22
368 21 35 0 0 0.21
369 26 36 0 0 0.26
370 41 22 0 0 0.41
371 34 24 0 0 0.34
372 25 33 0 0 0.25
373 24 36 0 0 0.24
374 32 32 0 0 0.32
375 35 28 0 0 0.35
376 35 29 0 0 0.35
377 27 28 0 0 0.27
378 20 30 0 0 0.2
379 22 27 0 0 0.22
380 28 17 0 0 0.28
381 28 14 0 0 0.28
382 16 23 0 0 0.16
383 16 32 0 0 0.16
384 25 26 0 0 0.25
385 38 16 0 0 0.38
386 34 15 0 0 0.34
387 19 23 0 0 0.19
388 10 34 0 0 0.1
389 11 27 0 0 0.11
390 18 15 0 0 0.18
391 22 10 0 0 0.22
392 25 6 0 0 0.25
393 17 13 0 0 0.17
394 16 15 0 0 0.16
395 10 17 0 0 0.1
396 7 18 0 0 0.07
397 10 17 0 0 0.1
398 15 16 0 0 0.15
399 19 14 0 0 0.19
400 18 16 0 0 0.18
401 17 20 0 0 0.17
402 20 22 0 0 0.2
403 21 20 0 0 0.21
404 17 18 0 0 0.17
405 25 19 0 0 0.25
406 18 27 0 0 0.18
407 16 27 0 0 0.16
408 24 17 0 0 0.24
409 23 15 0 0 0.23
410 16 19 0 0 0.16
411 15 23 0 0 0.15
412 22 28 0 0 0.22
413 26 23 0 0 0.26
414 30 20 0 0 0.3
415 30 24 0 0 0.3
416 23 34 0 0 0.23
417 25 26 0 0 0.25
418 26 22 0 0 0.26
419 24 16 0 0 0.24
420 23 16 0 0 0.23
421 22 22 0 0 0.22
422 19 29 0 0 0.19
423 22 26 0 0 0.22
424 18 21 0 0 0.18
425 20 17 0 0 0.2
426 21 14 0 0 0.21
427 23 18 0 0 0.23
428 22 19 0 0 0.22
429 19 27 0 0 0.19
430 16 29 0 0 0.16
431 28 26 0 0 0.28
432 31 16 0 0 0.31
433 33 21 0 0 0.33
434 21 27 0 0 0.21
435 12 25 0 0 0.12
436 10 21 0 0 0.1
437 10 15 0 0 0.1
438 14 12 0 0 0.14
439 19 11 0 0 0.19
440 17 11 0 0 0.17
441 20 13 0 0 0.2
442 16 13 0 0 0.16
443 16 22 0 0 0.16
444 16 27 0 0 0.16
445 21 18 0 0 0.21
446 20 14 0 0 0.2
447 19 17 0 0 0.19
448 15 8 0 0 0.15
449 14 11 0 0 0.14
450 17 23 0 0 0.17
451 15 17 0 0 0.15
452 20 20 0 0 0.2
453 19 15 0 0 0.19
454 21 19 0 0 0.21
455 18 19 0 0 0.18
456 18 26 0 0 0.18
457 21 26 0 0 0.21
458 22 21 0 0 0.22
459 24 15 0 0 0.24
460 23 22 0 0 0.23
461 18 29 0 0 0.18
462 26 24 0 0 0.26
463 29 21 0 0 0.29
464 30 25 0 0 0.3
465 25 29 0 0 0.25
466 25 28 0 0 0.25
467 22 25 0 0 0.22
468 22 20 0 0 0.22
469 26 19 0 0 0.26
470 25 24 0 0 0.25
471 21 26 0 0 0.21
472 24 29 0 0 0.24
473 17 21 0 0 0.17
474 22 17 0 0 0.22
475 22 11 0 0 0.22
476 21 10 0 0 0.21
477 14 14 0 0 0.14
478 12 20 0 0 0.12
479 12 23 0 0 0.12
480 13 18 0 0 0.13
481 13 12 0 0 0.13
482 16 8 0 0 0.16
483 18 6 0 0 0.18
484 18 11 0 0 0.18
485 11 15 0 0 0.11
486 5 19 0 0 0.05
487 8 15 0 0 0.08
488 12 12 0 0 0.12
489 20 6 0 0 0.2
490 21 5 0 0 0.21
491 14 7 0 0 0.14
492 4 13 0 0 0.04
493 2 15 0 0 0.02
494 2 10 0 0 0.02
495 6 13 0 0 0.06
496 4 15 0 0 0.04
497 9 8 0 0 0.09
498 13 6 0 0 0.13
499 25 4 0 0 0.25
500 22 6 0 0 0.22
501 9 14 0 0 0.09
502 7 19 0 0 0.07
503 5 12 0 0 0.05
504 5 6 0 0 0.05
505 9 9 0 0 0.09
506 12 11 0 0 0.12
507 15 16 0 0 0.15
508 24 17 0 0 0.24
509 28 21 0 0 0.28
510 26 25 0 0 0.26
511 20 19 0 0 0.2
512 21 24 0 0 0.21
513 25 27 0 0 0.25
514 29 23 0 0 0.29
515 28 21 0 0 0.28
516 23 18 0 0 0.23
517 18 26 0 0 0.18
518 19 30 0 0 0.19
519 27 23 0 0 0.27
520 34 15 0 0 0.34
521 24 16 0 0 0.24
522 17 27 0 0 0.17
523 20 31 0 0 0.2
524 27 24 0 0 0.27
525 31 20 0 0 0.31
526 29 19 0 0 0.29
527 17 25 0 0 0.17
528 14 27 0 0 0.14
529 16 27 0 0 0.16
530 18 19 0 0 0.18
531 23 14 0 0 0.23
532 21 16 0 0 0.21
533 19 16 0 0 0.19
534 15 21 0 0 0.15
535 22 16 0 0 0.22
536 29 23 0 0 0.29
537 29 24 0 0 0.29
538 24 27 0 0 0.24
539 23 34 0 0 0.23
540 28 21 0 0 0.28
541 27 18 0 0 0.27
542 32 15 0 0 0.32
543 20 23 0 0 0.2
544 13 27 0 0 0.13
545 23 26 0 0 0.23
546 28 16 0 0 0.28
547 24 17 0 0 0.24
548 21 16 0 0 0.21
549 20 27 0 0 0.2
550 14 26 0 0 0.14
551 17 22 0 0 0.17
552 20 16 0 0 0.2
553 23 14 0 0 0.23
554 24 15 0 0 0.24
555 19 26 0 0 0.19
556 17 26 0 0 0.17
557 25 24 0 0 0.25
558 24 20 0 0 0.24
559 17 19 0 0 0.17
560 20 18 0 0 0.2
561 26 16 0 0 0.26
562 22 16 0 0 0.22
563 15 17 0 0 0.15
564 10 21 0 0 0.1
565 11 22 0 0 0.11
566 21 20 0 0 0.21
567 26 12 0 0 0.26
568 27 16 0 0 0.27
569 21 23 0 0 0.21
570 13 31 0 0 0.13
571 23 25 0 0 0.23
572 22 10 0 0 0.22
573 31 10 0 0 0.31
574 18 11 0 0 0.18
575 8 26 0 0 0.08
576 10 34 0 0 0.1
577 16 16 0 0 0.16
578 22 9 0 0 0.22
579 28 8 0 0 0.28
580 19 12 0 0 0.19
581 12 18 0 0 0.12
582 5 18 0 0 0.05
583 3 20 0 0 0.03
584 7 10 0 0 0.07
585 9 3 0 0 0.09
586 10 2 0 0 0.1
587 12 2 0 0 0.12
588 9 1 0 0 0.09
589 4 1 0 0 0.04
590 2 1 0 0 0.02
591 2 3 0 0 0.02
592 2 5 0 0 0.02
593 1 8 0 0 0.01
594 2 3 0 0 0.02
595 0 4 0 0 0
596 0 6 0 0 0
597 0 4 0 0 0
598 0 0 0 0 0
599 0 0 0 0 0
600 0 0 0 0 0
601 0 0 0 0 0
602 0 0 0 0 0
603 0 0 0 0 0
604 0 0 0 0 0
605 0 0 0 0 0
606 0 0 0 0 0
607 0 0 0 0 0
608 0 0 0 0 0
