1 322 35 30 0.201863
2 371 12 10 0.0592992
3 310 2 2 0.0129032
4 320 1 13 0.04375
5 290 4 11 0.0517241
6 290 8 17 0.0862069
7 309 10 9 0.0614887
8 310 8 7 0.0483871
9 295 21 10 0.105085
10 293 19 17 0.122867
11 279 26 14 0.143369
12 280 14 13 0.0964286
13 293 13 22 0.119454
14 313 19 19 0.121406
15 268 18 17 0.130597
16 243 18 17 0.144033
17 237 15 19 0.14346
18 240 16 14 0.125
19 267 24 17 0.153558
20 212 13 19 0.150943
21 243 17 18 0.144033
22 249 21 15 0.144578
23 241 20 16 0.149378
24 210 12 21 0.157143
25 235 19 19 0.161702
26 223 19 12 0.139013
27 184 15 23 0.206522
28 229 22 16 0.165939
29 232 17 24 0.176724
30 204 26 9 0.171569
31 214 17 19 0.168224
32 230 11 24 0.152174
33 208 12 21 0.158654
34 192 26 9 0.182292
35 196 21 13 0.173469
36 194 15 22 0.190722
37 214 13 32 0.21028
38 240 20 20 0.166667
39 189 27 12 0.206349
40 183 27 17 0.240437
41 239 18 25 0.179916
42 227 15 20 0.154185
43 177 17 17 0.19209
44 190 17 13 0.157895
45 148 16 14 0.202703
46 147 12 19 0.210884
47 110 6 17 0.209091
48 130 17 23 0.307692
49 116 15 12 0.232759
50 144 28 13 0.284722
51 153 21 16 0.24183
52 180 12 21 0.183333
53 151 14 14 0.18543
54 154 23 22 0.292208
55 206 20 16 0.174757
56 186 23 25 0.258065
57 199 20 20 0.201005
58 204 19 17 0.176471
59 175 21 27 0.274286
60 191 21 18 0.204188
61 211 28 21 0.232227
62 201 20 22 0.208955
63 208 22 22 0.211538
64 202 14 16 0.148515
65 196 22 26 0.244898
66 216 15 21 0.166667
67 190 24 21 0.236842
68 197 20 12 0.162437
69 159 20 14 0.213836
70 132 16 18 0.257576
71 154 15 22 0.24026
72 140 19 17 0.257143
73 141 21 17 0.269504
74 144 18 17 0.243056
75 152 18 22 0.263158
76 153 11 19 0.196078
77 104 10 17 0.259615
78 130 16 18 0.261538
79 111 20 11 0.279279
80 143 22 14 0.251748
81 143 16 16 0.223776
82 152 22 20 0.276316
83 140 9 15 0.171429
84 132 17 19 0.272727
85 162 25 21 0.283951
86 204 14 21 0.171569
87 188 23 23 0.244681
88 188 24 18 0.223404
89 177 16 19 0.19774
90 167 23 18 0.245509
91 176 19 17 0.204545
92 178 22 18 0.224719
93 189 19 25 0.232804
94 194 14 21 0.180412
95 162 19 21 0.246914
96 169 23 13 0.213018
97 159 19 16 0.220126
98 174 20 29 0.281609
99 191 11 20 0.162304
100 167 25 17 0.251497
101 191 20 19 0.204188
102 143 23 12 0.244755
103 143 11 17 0.195804
104 123 10 19 0.235772
105 135 18 24 0.311111
106 154 24 13 0.24026
107 183 30 18 0.262295
108 165 15 19 0.206061
109 179 22 22 0.24581
110 193 14 24 0.196891
111 160 21 19 0.25
112 184 22 17 0.211957
113 163 19 14 0.202454
114 161 14 19 0.204969
115 144 17 23 0.277778
116 152 17 20 0.243421
117 137 14 17 0.226277
118 125 16 14 0.24
119 170 22 17 0.229412
120 133 21 12 0.24812
121 162 15 24 0.240741
122 132 9 15 0.181818
123 140 20 15 0.25
124 96 13 12 0.260417
125 102 16 11 0.264706
126 87 8 7 0.172414
127 69 11 15 0.376812
128 72 9 8 0.236111
129 74 7 16 0.310811
130 73 9 8 0.232877
131 62 12 10 0.354839
132 71 13 9 0.309859
133 89 15 9 0.269663
134 91 17 11 0.307692
135 97 13 15 0.28866
136 116 6 21 0.232759
137 124 12 20 0.258065
138 112 18 11 0.258929
139 116 18 15 0.284483
140 129 22 13 0.271318
141 128 16 12 0.21875
142 102 11 15 0.254902
143 85 9 14 0.270588
144 85 14 12 0.305882
145 97 15 16 0.319588
146 116 19 14 0.284483
147 137 13 19 0.233577
148 130 17 16 0.253846
149 129 21 15 0.27907
150 162 21 21 0.259259
151 172 16 21 0.215116
152 167 15 16 0.185629
153 138 17 18 0.253623
154 123 17 15 0.260163
155 159 22 17 0.245283
156 169 20 27 0.278107
157 175 19 19 0.217143
158 175 17 17 0.194286
159 147 20 20 0.272109
160 189 19 27 0.243386
161 206 23 20 0.208738
162 167 20 13 0.197605
163 160 17 25 0.2625
164 194 21 23 0.226804
165 197 23 21 0.22335
166 198 24 19 0.217172
167 196 27 16 0.219388
168 201 16 25 0.20398
169 175 14 16 0.171429
170 162 23 18 0.253086
171 173 23 17 0.231214
172 154 13 22 0.227273
173 146 16 21 0.253425
174 151 21 12 0.218543
175 166 16 13 0.174699
176 126 16 18 0.269841
177 133 19 15 0.255639
178 132 11 13 0.181818
179 140 20 24 0.314286
180 154 14 19 0.214286
181 155 18 21 0.251613
182 196 23 19 0.214286
183 164 19 15 0.207317
184 143 14 18 0.223776
185 117 12 24 0.307692
186 134 18 16 0.253731
187 133 23 7 0.225564
188 141 20 8 0.198582
189 131 11 14 0.19084
190 131 9 21 0.229008
191 113 9 19 0.247788
192 119 14 17 0.260504
193 112 19 10 0.258929
194 115 20 9 0.252174
195 108 15 7 0.203704
196 100 7 7 0.14
197 53 7 14 0.396226
198 61 3 16 0.311475
199 63 3 17 0.31746
200 63 3 8 0.174603
201 36 6 3 0.25
202 25 8 3 0.44
203 35 8 2 0.285714
204 35 11 2 0.371429
205 46 12 3 0.326087
206 59 11 5 0.271186
207 62 6 7 0.209677
208 40 3 9 0.3
209 47 4 15 0.404255
210 60 5 19 0.4
211 79 6 15 0.265823
212 69 12 6 0.26087
213 63 14 4 0.285714
214 73 21 9 0.410959
215 104 13 14 0.259615
216 109 19 18 0.33945
217 107 7 15 0.205607
218 101 13 18 0.306931
219 124 17 12 0.233871
220 118 19 10 0.245763
221 99 19 12 0.313131
222 90 15 12 0.3
223 104 10 16 0.25
224 96 9 20 0.302083
225 130 16 17 0.253846
226 126 18 17 0.277778
227 170 21 17 0.223529
228 144 21 21 0.291667
229 176 19 21 0.227273
230 174 13 16 0.166667
231 150 18 20 0.253333
232 132 15 13 0.212121
233 127 19 15 0.267717
234 154 15 26 0.266234
235 169 14 21 0.207101
236 153 22 11 0.215686
237 142 26 18 0.309859
238 160 11 22 0.20625
239 164 12 21 0.20122
240 145 20 16 0.248276
241 160 30 18 0.3
242 192 24 18 0.21875
243 205 18 26 0.214634
244 183 20 19 0.213115
245 202 23 15 0.188119
246 182 16 16 0.175824
247 155 20 22 0.270968
248 163 14 26 0.245399
249 189 22 17 0.206349
250 186 20 15 0.188172
251 161 16 20 0.223602
252 184 19 19 0.206522
253 151 24 17 0.271523
254 167 16 18 0.203593
255 138 19 24 0.311594
256 174 20 22 0.241379
257 174 20 13 0.189655
258 165 21 14 0.212121
259 149 19 18 0.248322
260 142 19 30 0.34507
261 187 20 17 0.197861
262 162 14 16 0.185185
263 116 15 13 0.241379
264 107 17 19 0.336449
265 106 16 16 0.301887
266 120 17 17 0.283333
267 130 17 15 0.246154
268 138 21 20 0.297101
269 153 18 13 0.202614
270 141 20 17 0.262411
271 155 16 23 0.251613
272 144 15 16 0.215278
273 155 13 16 0.187097
274 130 20 16 0.276923
275 132 20 13 0.25
276 163 23 20 0.263804
277 174 13 23 0.206897
278 161 18 26 0.273292
279 189 23 20 0.227513
280 171 17 16 0.192982
281 153 18 21 0.254902
282 137 13 16 0.211679
283 151 18 21 0.258278
284 137 20 15 0.255474
285 160 19 18 0.23125
286 141 18 23 0.29078
287 163 17 19 0.220859
288 154 20 10 0.194805
289 166 26 26 0.313253
290 174 20 18 0.218391
291 190 22 26 0.252632
292 189 20 16 0.190476
293 240 29 17 0.191667
294 181 15 21 0.198895
295 197 21 25 0.233503
296 188 13 21 0.180851
297 167 17 19 0.215569
298 152 19 17 0.236842
299 151 25 18 0.284768
300 155 16 15 0.2
301 146 14 22 0.246575
302 140 20 15 0.25
303 150 21 16 0.246667
304 157 12 15 0.171975
305 134 15 22 0.276119
306 156 16 13 0.185897
307 135 17 17 0.251852
308 134 16 16 0.238806
309 115 15 15 0.26087
310 117 14 13 0.230769
311 123 20 16 0.292683
312 139 20 21 0.294964
313 155 12 16 0.180645
314 128 18 15 0.257812
315 115 10 13 0.2
316 107 9 17 0.242991
317 93 12 12 0.258065
318 84 14 12 0.309524
319 101 19 10 0.287129
320 118 20 16 0.305085
321 142 19 25 0.309859
322 171 16 20 0.210526
323 133 13 14 0.203008
324 126 19 14 0.261905
325 144 17 15 0.222222
326 140 15 17 0.228571
327 150 24 22 0.306667
328 163 10 20 0.184049
329 158 26 19 0.28481
330 150 19 16 0.233333
331 153 19 20 0.254902
332 160 23 23 0.2875
333 216 24 26 0.231481
334 186 16 13 0.155914
335 186 19 18 0.198925
336 128 13 16 0.226562
337 163 17 26 0.263804
338 168 22 16 0.22619
339 180 20 16 0.2
340 174 17 20 0.212644
341 156 18 21 0.25
342 148 18 14 0.216216
343 153 19 19 0.248366
344 134 11 17 0.208955
345 135 18 20 0.281481
346 118 13 10 0.194915
347 101 17 10 0.267327
348 109 15 20 0.321101
349 120 13 20 0.275
350 153 22 16 0.248366
351 148 20 10 0.202703
352 170 23 17 0.235294
353 141 13 18 0.219858
354 148 14 25 0.263514
355 188 18 16 0.180851
356 146 26 16 0.287671
357 200 21 26 0.235
358 177 12 18 0.169492
359 145 19 11 0.206897
360 132 23 15 0.287879
361 146 11 20 0.212329
362 122 11 19 0.245902
363 115 12 16 0.243478
364 111 12 10 0.198198
365 117 23 12 0.299145
366 144 18 14 0.222222
367 126 17 19 0.285714
368 156 19 29 0.307692
369 183 17 26 0.234973
370 208 32 17 0.235577
371 200 22 16 0.19
372 177 21 24 0.254237
373 200 14 25 0.195
374 208 23 24 0.225962
375 186 22 19 0.22043
376 198 25 18 0.217172
377 189 18 16 0.179894
378 170 14 22 0.211765
379 168 13 22 0.208333
380 150 25 13 0.253333
381 126 19 9 0.222222
382 130 13 18 0.238462
383 129 11 25 0.27907
384 171 21 23 0.25731
385 152 25 9 0.223684
386 187 28 13 0.219251
387 145 14 15 0.2
388 137 6 28 0.248175
389 152 7 23 0.197368
390 116 13 12 0.215517
391 99 19 5 0.242424
392 88 23 5 0.318182
393 122 14 10 0.196721
394 96 16 13 0.302083
395 93 5 16 0.225806
396 91 5 18 0.252747
397 79 7 13 0.253165
398 102 14 15 0.284314
399 102 18 13 0.303922
400 101 13 11 0.237624
401 113 17 17 0.300885
402 128 16 18 0.265625
403 129 15 15 0.232558
404 119 15 11 0.218487
405 113 19 11 0.265487
406 152 17 25 0.276316
407 141 10 18 0.198582
408 116 20 16 0.310345
409 145 21 10 0.213793
410 108 13 17 0.277778
411 118 15 23 0.322034
412 137 16 23 0.284672
413 147 22 18 0.272109
414 146 20 13 0.226027
415 170 27 19 0.270588
416 177 15 25 0.225989
417 203 21 20 0.20197
418 142 16 13 0.204225
419 166 18 12 0.180723
420 121 19 15 0.280992
421 146 16 18 0.232877
422 134 14 25 0.291045
423 165 15 18 0.2
424 162 16 19 0.216049
425 110 16 13 0.263636
426 104 17 13 0.288462
427 122 19 13 0.262295
428 142 19 13 0.225352
429 127 16 19 0.275591
430 145 12 23 0.241379
431 169 19 19 0.224852
432 150 21 14 0.233333
433 159 24 13 0.232704
434 178 17 22 0.219101
435 147 4 16 0.136054
436 119 8 20 0.235294
437 92 7 12 0.206522
438 88 10 10 0.227273
439 84 17 8 0.297619
440 97 15 10 0.257732
441 77 18 7 0.324675
442 97 15 13 0.28866
443 118 11 16 0.228814
444 128 15 24 0.304688
445 123 15 13 0.227642
446 129 16 15 0.24031
447 108 14 11 0.231481
448 101 15 9 0.237624
449 84 12 7 0.22619
450 97 15 21 0.371134
451 121 13 12 0.206612
452 109 13 17 0.275229
453 154 16 13 0.188312
454 125 17 13 0.24
455 123 17 20 0.300813
456 121 15 21 0.297521
457 144 16 20 0.25
458 137 15 15 0.218978
459 137 20 15 0.255474
460 140 21 15 0.257143
461 134 15 25 0.298507
462 168 21 16 0.220238
463 158 23 18 0.259494
464 168 20 20 0.238095
465 173 19 24 0.248555
466 176 19 19 0.215909
467 179 13 19 0.178771
468 155 14 14 0.180645
469 145 21 16 0.255172
470 133 21 18 0.293233
471 164 15 23 0.231707
472 160 19 19 0.2375
473 143 11 15 0.181818
474 111 19 14 0.297297
475 127 17 10 0.212598
476 98 15 7 0.22449
477 111 12 14 0.234234
478 84 10 13 0.27381
479 107 11 22 0.308411
480 105 7 16 0.219048
481 92 15 10 0.271739
482 85 17 8 0.294118
483 74 17 5 0.297297
484 68 16 8 0.352941
485 88 10 14 0.272727
486 76 5 19 0.315789
487 74 7 14 0.283784
488 69 8 11 0.275362
489 79 16 6 0.278481
490 87 23 5 0.321839
491 95 11 6 0.178947
492 65 4 12 0.246154
493 45 2 15 0.377778
494 43 1 11 0.27907
495 51 7 13 0.392157
496 63 3 13 0.253968
497 68 8 9 0.25
498 45 11 4 0.333333
499 68 26 4 0.441176
500 103 22 5 0.262136
501 99 8 13 0.212121
502 70 5 15 0.285714
503 79 4 13 0.21519
504 47 4 6 0.212766
505 45 7 10 0.377778
506 75 13 10 0.306667
507 82 14 15 0.353659
508 104 19 14 0.317308
509 142 28 19 0.330986
510 147 12 16 0.190476
511 144 16 14 0.208333
512 119 12 17 0.243697
513 154 22 25 0.305195
514 175 17 14 0.177143
515 179 22 16 0.212291
516 148 16 12 0.189189
517 142 11 20 0.21831
518 153 16 24 0.261438
519 151 17 15 0.211921
520 160 25 15 0.25
521 150 18 11 0.193333
522 141 14 21 0.248227
523 159 15 25 0.251572
524 163 19 20 0.239264
525 163 25 15 0.245399
526 152 19 16 0.230263
527 154 12 19 0.201299
528 141 14 22 0.255319
529 136 12 22 0.25
530 117 12 16 0.239316
531 104 20 11 0.298077
532 114 21 13 0.298246
533 103 19 13 0.31068
534 102 13 16 0.284314
535 112 17 11 0.25
536 138 20 20 0.289855
537 165 23 18 0.248485
538 164 14 23 0.22561
539 171 15 24 0.22807
540 173 19 13 0.184971
541 153 20 13 0.215686
542 132 25 11 0.272727
543 138 11 17 0.202899
544 131 10 24 0.259542
545 126 15 18 0.261905
546 159 24 17 0.257862
547 125 15 8 0.184
548 130 18 16 0.261538
549 139 12 22 0.244604
550 156 9 23 0.205128
551 141 16 18 0.241135
552 128 14 12 0.203125
553 127 20 11 0.244094
554 104 19 10 0.278846
555 127 16 24 0.314961
556 142 13 18 0.21831
557 162 20 20 0.246914
558 165 15 14 0.175758
559 130 14 15 0.223077
560 115 18 15 0.286957
561 128 20 12 0.25
562 130 19 12 0.238462
563 114 12 15 0.236842
564 97 9 18 0.278351
565 112 8 20 0.25
566 112 18 19 0.330357
567 118 22 8 0.254237
568 143 26 14 0.27972
569 135 17 17 0.251852
570 128 10 27 0.289062
571 155 16 21 0.23871
572 132 16 11 0.204545
573 100 26 5 0.31
574 138 16 9 0.181159
575 90 7 23 0.333333
576 116 9 35 0.37931
577 148 10 11 0.141892
578 98 16 7 0.234694
579 99 28 7 0.353535
580 108 18 8 0.240741
581 108 11 15 0.240741
582 94 3 16 0.202128
583 71 3 20 0.323944
584 78 6 11 0.217949
585 50 7 2 0.18
586 41 11 2 0.317073
587 38 12 2 0.368421
588 44 11 1 0.272727
589 28 4 1 0.178571
590 11 3 1 0.363636
591 12 2 3 0.416667
592 13 1 5 0.461538
593 17 1 8 0.529412
594 28 2 3 0.178571
595 13 0 5 0.384615
596 19 0 6 0.315789
597 13 0 4 0.307692
598 9 0 0 0
599 0 0 0 0
600 0 0 0 0
601 0 0 0 0
602 0 0 0 0
603 0 0 0 0
604 0 0 0 0
605 0 0 0 0
606 0 0 0 0
607 0 0 0 0
608 0 0 0 0
