99799 1720717968
99803 1720717968
99805 1720684720
99811 1720712968
99819 1720712968
99827 1585880000
99831 1720566371
99837 1720640176
99841 20683848
99847 1720712968
99851 1720572441
99857 1720640176
99863 1720712968
99869 1720684720
99873 20683190
99877 1720717968
99885 1529
99891 1720487333
99897 1585880416
99901 1585880192
99905 1585880760
99913 1585883016
99925 1585881264
99928 32767
99931 0
99937 0
99944 539959472
99947 0
99953 1585881736
99961 1
99965 1585882299
99966 32767
99974 1
99975 1
99983 4
99989 1585882296
99993 1585882600
99999 1585882600
