99801 20683190
99809 1585879904
99813 1585880048
99816 32767
99821 1585879904
99824 32767
99829 1585880096
99835 1585880812
99839 1720712968
99843 1130254552
99849 20683190
99853 1585880096
99857 1585880696
99863 1585880632
99867 1585882300
99868 32767
99875 1585882300
99881 1585880760
99889 1585883016
99901 1585880288
99905 1585880856
99911 1585880824
99915 1585882395
99925 1585881360
99929 1585881736
99934 7
99937 1
99941 1585882299
99942 32767
99953 1585881832
99955 1
99961 1
99965 1585882395
99966 32767
99974 1
99983 4
99989 1585882392
99998 32702
