1 0 1 0 0 0
2 0 2 0 0 0
3 0 4 0 0 0
4 0 37 0 0 0
5 0 82 0 0 0
6 7 171 0 0 0.007
7 11 253 0 0 0.011
8 18 342 0 0 0.018
9 52 419 0 0 0.052
10 88 470 0 0 0.088
11 117 485 0 0 0.117
12 172 468 0 0 0.172
13 208 413 0 0 0.208
14 242 367 0 0 0.242
15 235 303 0 0 0.235
16 199 243 0 0 0.199
17 154 192 0 0 0.154
18 146 130 0 0 0.146
19 109 88 0 0 0.109
20 101 61 0 0 0.101
21 91 73 0 0 0.091
22 85 84 0 0 0.085
23 96 118 0 0 0.096
24 86 204 0 0 0.086
25 74 241 0 0 0.074
26 65 259 0 0 0.065
27 67 220 0 0 0.067
28 75 161 0 0 0.075
29 85 121 0 0 0.085
30 136 93 0 0 0.136
31 190 67 0 0 0.19
32 247 53 0 0 0.247
33 280 55 0 0 0.28
34 242 61 0 0 0.242
35 170 67 0 0 0.17
36 120 85 0 0 0.12
37 81 139 0 0 0.081
38 55 209 0 0 0.055
39 48 287 0 0 0.048
40 47 335 0 0 0.047
41 49 303 0 0 0.049
42 52 216 0 0 0.052
43 72 117 0 0 0.072
44 124 59 0 0 0.124
45 194 41 0 0 0.194
46 296 32 0 0 0.296
47 376 38 0 0 0.376
48 382 34 0 0 0.382
49 245 42 0 0 0.245
50 117 70 0 0 0.117
51 44 104 0 0 0.044
52 22 180 0 0 0.022
53 23 299 0 0 0.023
54 19 480 0 0 0.019
55 22 535 0 0 0.022
56 34 380 0 0 0.034
57 53 156 0 0 0.053
58 81 40 0 0 0.081
59 124 19 0 0 0.124
60 237 11 0 0 0.237
61 473 11 0 0 0.473
62 671 5 0 0 0.671
63 643 10 0 0 0.643
64 378 19 0 0 0.378
65 116 26 0 0 0.116
66 21 48 0 0 0.021
67 15 113 0 0 0.015
68 3 277 0 0 0.003
69 1 576 0 0 0.001
70 2 844 0 0 0.002
71 3 906 0 0 0.003
72 4 806 0 0 0.004
73 5 553 0 0 0.005
74 9 196 0 0 0.009
75 20 21 0 0 0.02
76 60 2 0 0 0.06
77 175 1 0 0 0.175
78 441 0 0 0 0.441
79 795 0 0 0 0.795
80 956 0 0 0 0.956
81 921 0 0 0 0.921
82 759 1 0 0 0.759
83 432 1 0 0 0.432
84 114 7 0 0 0.114
85 11 22 0 0 0.011
86 1 76 0 0 0.001
87 0 240 0 0 0
88 0 568 0 0 0
89 0 886 0 0 0
90 0 989 0 0 0
91 0 999 0 0 0
92 0 1000 0 0 0
93 0 1000 0 0 0
94 0 1000 0 0 0
95 0 1000 0 0 0
96 0 1000 0 0 0
97 0 1000 0 0 0
98 0 1000 0 0 0
99 0 1000 0 0 0
100 0 1000 0 0 0
101 0 1000 0 0 0
102 0 1000 0 0 0
