1 448 460 0 0 0.448
2 477 509 0 0 0.477
3 484 513 0 0 0.484
4 486 481 0 0 0.486
5 515 435 0 0 0.515
6 547 346 0 0 0.547
7 606 270 0 0 0.606
8 678 185 0 0 0.678
9 737 111 0 0 0.737
10 771 69 0 0 0.771
11 792 58 0 0 0.792
12 756 61 0 0 0.756
13 697 89 0 0 0.697
14 630 119 0 0 0.63
15 583 178 0 0 0.583
16 541 248 0 0 0.541
17 501 333 0 0 0.501
18 441 395 0 0 0.441
19 397 476 0 0 0.397
20 337 534 0 0 0.337
21 285 565 0 0 0.285
22 255 579 0 0 0.255
23 224 565 0 0 0.224
24 214 497 0 0 0.214
25 256 429 0 0 0.256
26 316 360 0 0 0.316
27 414 299 0 0 0.414
28 511 253 0 0 0.511
29 576 218 0 0 0.576
30 575 196 0 0 0.575
31 552 191 0 0 0.552
32 466 234 0 0 0.466
33 359 306 0 0 0.359
34 278 419 0 0 0.278
35 222 541 0 0 0.222
36 173 622 0 0 0.173
37 148 632 0 0 0.148
38 152 584 0 0 0.152
39 193 472 0 0 0.193
40 273 345 0 0 0.273
41 404 244 0 0 0.404
42 555 177 0 0 0.555
43 676 135 0 0 0.676
44 700 117 0 0 0.7
45 639 126 0 0 0.639
46 515 157 0 0 0.515
47 355 231 0 0 0.355
48 218 366 0 0 0.218
49 134 579 0 0 0.134
50 97 716 0 0 0.097
51 85 767 0 0 0.085
52 89 709 0 0 0.089
53 101 577 0 0 0.101
54 141 360 0 0 0.141
55 251 192 0 0 0.251
56 491 95 0 0 0.491
57 733 58 0 0 0.733
58 836 43 0 0 0.836
59 821 36 0 0 0.821
60 716 36 0 0 0.716
61 464 52 0 0 0.464
62 209 115 0 0 0.209
63 73 274 0 0 0.073
64 36 567 0 0 0.036
65 21 837 0 0 0.021
66 15 916 0 0 0.015
67 7 865 0 0 0.007
68 7 713 0 0 0.007
69 10 413 0 0 0.01
70 19 135 0 0 0.019
71 58 33 0 0 0.058
72 172 18 0 0 0.172
73 437 5 0 0 0.437
74 793 2 0 0 0.793
75 958 1 0 0 0.958
76 937 1 0 0 0.937
77 823 1 0 0 0.823
78 558 1 0 0 0.558
79 198 7 0 0 0.198
80 22 22 0 0 0.022
81 3 76 0 0 0.003
82 1 239 0 0 0.001
83 0 567 0 0 0
84 0 879 0 0 0
85 0 967 0 0 0
86 0 923 0 0 0
87 0 760 0 0 0
88 0 432 0 0 0
89 0 114 0 0 0
90 0 11 0 0 0
91 0 1 0 0 0
92 0 0 0 0 0
93 0 0 0 0 0
94 0 0 0 0 0
95 0 0 0 0 0
96 0 0 0 0 0
97 0 0 0 0 0
98 0 0 0 0 0
99 0 0 0 0 0
100 0 0 0 0 0
101 0 0 0 0 0
102 0 0 0 0 0
