1 2093 147 159 0.146202
2 3158 29 50 0.0250158
3 3417 7 6 0.00380451
4 3470 2 0 0.000576369
5 3344 29 0 0.00867225
6 3355 39 0 0.0116244
7 3044 69 6 0.0246386
8 2990 84 5 0.0297659
9 3000 100 7 0.0356667
10 2960 84 14 0.0331081
11 3005 63 13 0.0252912
12 2951 32 13 0.0152491
13 2831 9 32 0.0144825
14 2718 5 38 0.0158205
15 2592 7 61 0.0262346
16 2639 1 79 0.0303145
17 2822 9 94 0.0364989
18 2851 7 75 0.0287618
19 2915 14 95 0.0373928
20 2995 7 75 0.027379
21 3006 17 79 0.0319361
22 3071 30 66 0.0312602
23 2894 44 64 0.0373186
24 2710 46 66 0.0413284
25 2563 86 56 0.0554038
26 2478 96 45 0.0569007
27 2373 139 39 0.0750105
28 2426 141 36 0.0729596
29 2811 113 38 0.0537175
30 2772 86 36 0.0440115
31 2713 73 42 0.0423885
32 2581 53 82 0.0523053
33 2446 34 108 0.058054
34 2252 32 151 0.0812611
35 2370 30 158 0.0793249
36 2643 24 123 0.0556186
37 2811 28 92 0.0426894
38 2634 38 60 0.0372058
39 2502 73 39 0.0447642
40 2347 110 31 0.0600767
41 2235 155 22 0.0791946
42 2196 179 25 0.0928962
43 2551 159 18 0.0693846
44 2750 97 21 0.0429091
45 2890 49 40 0.0307958
46 2633 31 53 0.0319028
47 2287 19 99 0.051596
48 2088 22 153 0.0838123
49 2016 13 234 0.12252
50 2392 12 177 0.0790134
51 2734 19 104 0.044989
52 3014 23 41 0.0212342
53 2824 34 21 0.0194759
54 2379 53 17 0.0294241
55 1735 122 9 0.0755043
56 1569 259 7 0.169535
57 2000 265 4 0.1345
58 2745 137 6 0.0520947
59 3152 38 10 0.0152284
60 3077 17 9 0.00844979
61 2665 7 23 0.011257
62 1834 10 67 0.0419847
63 1157 1 165 0.143475
64 1165 1 303 0.260944
65 2120 2 279 0.132547
66 3052 1 102 0.0337484
67 3343 2 16 0.00538439
68 3070 1 13 0.00456026
69 2534 4 3 0.00276243
70 1446 11 1 0.00829876
71 509 40 0 0.0785855
72 308 116 1 0.37987
73 637 266 0 0.417582
74 1572 360 0 0.229008
75 2723 176 0 0.0646346
76 3384 19 0 0.00561466
77 3308 2 1 0.000906892
78 2944 1 0 0.000339674
79 2011 0 6 0.00298359
80 776 0 15 0.0193299
81 163 0 54 0.331288
82 277 0 164 0.592058
83 872 0 328 0.376147
84 1987 0 318 0.16004
85 2993 0 103 0.0344136
86 3443 0 10 0.00290444
87 3061 0 1 0.000326691
88 2682 0 0 0
89 1557 0 0 0
90 392 0 0 0
91 41 0 0 0
92 3 0 0 0
93 0 0 0 0
94 0 0 0 0
95 0 0 0 0
96 0 0 0 0
97 0 0 0 0
98 0 0 0 0
99 0 0 0 0
100 0 0 0 0
101 0 0 0 0
102 0 0 0 0
