14 242
33 280
48 382
62 671
80 956
9261 1587832352
9265 1587832496
9268 32767
9273 1587832352
9276 32767
9281 1587832544
9287 1587833260
9296 1071357370
9299 1
9305 1587832544
9309 1587833144
9315 1587833080
9319 1587834748
9320 32767
9327 1587834748
9333 1587833208
9339 1587833176
9343 1587834747
9353 1587833712
9357 1587834096
9362 524288
9365 1
9369 1587834748
9370 32767
9381 1587834184
9386 8
9389 1
9393 1587834747
9394 32767
9402 1
9415 1587833044
9423 2026584188
9429 2026584184
9433 2026584160
9439 2026587512
9445 1587833072
9449 2061214480
9456 32710
9461 1587833184
9464 32767
9467 100
9475 1587833112
9489 1587833696
9495 1587833192
9501 1587837256
9507 18631898
9519 1840475912
9523 1840484336
9531 1840304266
9535 1840475912
9539 1840481064
9547 1840304266
9551 1840484336
9555 1840484336
9557 1840447664
9563 1840475912
9571 1840475912
9579 1587833744
9583 1840329315
9589 2026584160
9593 18656280
9599 1840475912
9603 1840335385
9609 1840403120
9615 1840475912
9621 1840447664
9625 18656009
9629 1840484336
9637 1940
9643 1840250277
9649 1587834160
9653 2026587512
9659 2026587512
9671 1840475912
9675 1840480912
9683 1840304266
9687 1840480912
9691 1840480912
9703 1840475912
9707 1840480912
9711 18654976
9723 1840475912
9727 1840480912
9735 1840304266
9739 1840480912
9743 1840480912
9745 1840447664
9751 1840475912
9759 1840475912
9767 1587834496
9771 1840329315
9777 1840403120
9781 18656280
9787 1840475912
9791 1840335385
9801 1587834512
9805 1587834656
9808 32767
9813 1587834512
9816 32767
9821 1587834704
9827 1587835420
9831 1840250277
9836 1079194167
9841 1587837664
9845 1587834704
9849 1587835304
9855 1587835240
9859 1587836908
9860 32767
9867 1587836908
9873 1587834816
9877 1587835384
9883 1587835352
9887 1587836923
9897 1587835888
9901 1587834928
9905 1587834944
9909 1587835512
9915 1587835480
9919 1587837051
9929 1587836016
9932 32767
9937 1587836923
9938 32767
9946 1
9953 1587836472
9957 1587836488
9961 1
9965 1
9969 1587837051
9970 32767
9978 1
9979 1
9987 4
9993 1587837048
