11 792
29 576
44 700
58 836
75 958
9293 1587832352
9297 1587832496
9300 32767
9305 1587832352
9308 32767
9313 1587832544
9319 1587833260
9328 1071357370
9331 1
9337 1587832544
9341 1587833144
9347 1587833080
9351 1587834748
9352 32767
9359 1587834748
9365 1587833208
9371 1587833176
9375 1587834747
9385 1587833712
9389 1587834096
9394 524288
9397 1
9401 1587834748
9402 32767
9413 1587834184
9418 8
9421 1
9425 1587834747
9426 32767
9434 1
9447 1587833044
9455 2026584188
9461 2026584184
9465 2026584160
9471 2026587512
9477 1587833072
9481 2061214480
9488 32710
9493 1587833184
9496 32767
9499 100
9507 1587833112
9521 1587833696
9527 1587833192
9533 1587837256
9539 18631898
9551 1840475912
9555 1840484336
9563 1840304266
9567 1840475912
9571 1840481064
9579 1840304266
9583 1840484336
9587 1840484336
9589 1840447664
9595 1840475912
9603 1840475912
9611 1587833744
9615 1840329315
9621 2026584160
9625 18656280
9631 1840475912
9635 1840335385
9641 1840403120
9647 1840475912
9653 1840447664
9657 18656009
9661 1840484336
9669 1940
9675 1840250277
9681 1587834160
9685 2026587512
9691 2026587512
9703 1840475912
9707 1840480912
9715 1840304266
9719 1840480912
9723 1840480912
9735 1840475912
9739 1840480912
9743 18654976
9755 1840475912
9759 1840480912
9767 1840304266
9771 1840480912
9775 1840480912
9777 1840447664
9783 1840475912
9791 1840475912
9799 1587834496
9803 1840329315
9809 1840403120
9813 18656280
9819 1840475912
9823 1840335385
9829 1840403120
9835 1840475912
9841 1840447664
9845 18655598
9849 1840480912
9857 1529
9863 1840250277
9869 1587834912
9873 1587837664
9875 18638424
9885 1587837664
9889 1769234802
9901 1587834800
9905 1587834816
9909 1587835384
9915 1587835352
9919 1587836923
9929 1587835888
9932 32767
9939 1587837664
9953 1587836344
9957 1587836360
9961 1
9965 1
9969 1587836923
9970 32767
9978 1
9979 1
9987 4
9993 1587836920
