1 436 453 0 0 0.436
2 489 460 0 0 0.489
3 521 399 0 0 0.521
4 575 301 0 0 0.575
5 662 183 0 0 0.662
6 767 84 0 0 0.767
7 837 45 0 0 0.837
8 828 26 0 0 0.828
9 786 20 0 0 0.786
10 719 22 0 0 0.719
11 584 26 0 0 0.584
12 493 42 0 0 0.493
13 385 78 0 0 0.385
14 302 108 0 0 0.302
15 226 168 0 0 0.226
16 155 247 0 0 0.155
17 107 280 0 0 0.107
18 74 284 0 0 0.074
19 44 241 0 0 0.044
20 22 179 0 0 0.022
21 7 120 0 0 0.007
22 4 60 0 0 0.004
23 1 32 0 0 0.001
24 0 17 0 0 0
25 0 7 0 0 0
26 0 3 0 0 0
27 0 1 0 0 0
28 0 1 0 0 0
29 0 0 0 0 0
30 0 0 0 0 0
31 0 0 0 0 0
32 0 0 0 0 0
33 0 0 0 0 0
34 0 0 0 0 0
35 0 0 0 0 0
36 0 0 0 0 0
37 0 0 0 0 0
38 0 0 0 0 0
39 0 0 0 0 0
