1 0 24 0 0 0
2 0 56 0 0 0
3 0 132 0 0 0
4 2 225 0 0 0.002
5 8 344 0 0 0.008
6 29 431 1 0.001 0.029
7 66 473 2 0.002 0.066
8 127 497 9 0.009 0.127
9 199 508 15 0.015 0.199
10 279 506 25 0.025 0.279
11 415 509 61 0.061 0.415
12 507 515 105 0.105 0.507
13 615 518 169 0.169 0.615
14 698 533 242 0.242 0.698
15 774 551 329 0.329 0.774
16 845 575 422 0.422 0.845
17 893 624 519 0.519 0.893
18 926 671 599 0.599 0.926
19 956 737 693 0.693 0.956
20 978 810 788 0.788 0.978
21 993 873 866 0.866 0.993
22 996 935 931 0.931 0.996
23 999 963 962 0.962 0.999
24 1000 979 979 0.979 1
25 1000 990 990 0.99 1
26 1000 994 994 0.994 1
27 1000 996 996 0.996 1
28 1000 996 996 0.996 1
29 1000 997 997 0.997 1
30 1000 997 997 0.997 1
31 1000 997 997 0.997 1
32 1000 997 997 0.997 1
33 1000 997 997 0.997 1
34 1000 997 997 0.997 1
35 1000 997 997 0.997 1
36 1000 997 997 0.997 1
37 1000 997 997 0.997 1
38 1000 997 997 0.997 1
39 1000 997 997 0.997 1
