1 2059 135 165 0.145702
2 3094 53 37 0.0290886
3 3141 32 6 0.0120981
4 3143 56 1 0.0181355
5 3060 93 1 0.030719
6 2932 126 3 0.0439973
7 2867 107 8 0.0401116
8 2977 52 7 0.0198186
9 2992 30 8 0.0127005
10 2834 13 4 0.00599859
11 2631 1 11 0.004561
12 2149 1 24 0.0116333
13 1972 0 42 0.0212982
14 1608 0 45 0.0279851
15 1435 0 79 0.0550523
16 1379 0 103 0.0746918
17 1450 0 82 0.0565517
18 1348 0 51 0.0378338
19 1244 0 23 0.0184887
20 995 0 11 0.0110553
21 712 0 4 0.00561798
22 434 0 2 0.00460829
23 212 0 0 0
24 127 0 1 0.00787402
25 60 0 1 0.0166667
26 21 0 0 0
27 11 0 0 0
28 6 0 0 0
29 5 0 0 0
30 0 0 0 0
31 0 0 0 0
32 0 0 0 0
33 0 0 0 0
34 0 0 0 0
35 0 0 0 0
36 0 0 0 0
37 0 0 0 0
38 0 0 0 0
39 0 0 0 0
