24 1000
27 1000
30 1000
33 1000
36 1000
39 1000
9261 1525446176
9265 1525446320
9268 32767
9273 1525446176
9276 32767
9281 1525446368
9287 1525447084
9296 1070202772
9299 1
9305 1525446368
9309 1525446968
9315 1525446904
9319 1525448572
9320 32767
9327 1525448572
9333 1525447032
9339 1525447000
9343 1525448571
9353 1525447536
9357 1525447920
9362 524288
9365 1
9369 1525448572
9370 32767
9381 1525448008
9386 8
9389 1
9393 1525448571
9394 32767
9402 1
9415 1525446868
9423 2026584188
9429 2026584184
9433 2026584160
9439 2026587512
9445 1525446896
9449 2061214480
9455 1551900772
9461 1525447008
9464 32767
9467 100
9471 1551900672
9475 1525446936
9489 1525447520
9495 1525447016
9501 1525451080
9505 1539687978
9519 1800650504
9523 1800658928
9531 1800478858
9535 1800650504
9539 1800655656
9547 1800478858
9551 1800658928
9555 1800658928
9557 1800622256
9563 1800650504
9571 1800650504
9579 1525447568
9583 1800503907
9589 2026584160
9593 81042456
9599 1800650504
9603 1800509977
9609 1800577712
9615 1800650504
9621 1800622256
9625 81042185
9629 1800658928
9637 1940
9643 1800424869
9649 1525447984
9653 2026587512
9659 2026587512
9671 1800650504
9675 1800655504
9683 1800478858
9687 1800655504
9691 1800655504
9703 1800650504
9707 1800655504
9711 81041152
9723 1800650504
9727 1800655504
9735 1800478858
9739 1800655504
9743 1800655504
9745 1800622256
9751 1800650504
9759 1800650504
9767 1525448320
9771 1800503907
9777 1800577712
9781 81042456
9787 1800650504
9791 1800509977
9801 1525448336
9805 1525448480
9808 32767
9813 1525448336
9816 32767
9821 1525448528
9827 1525449244
9831 1800424869
9836 1079224400
9841 1525451488
9845 1525448528
9849 1525449128
9855 1525449064
9859 1525450732
9860 32767
9867 1525450732
9873 1525448640
9877 1525449208
9883 1525449176
9887 1525450747
9897 1525449712
9901 1525448752
9905 1525448768
9909 1525449336
9915 1525449304
9919 1525450875
9929 1525449840
9932 32767
9937 1525450747
9938 32767
9946 1
9953 1525450296
9957 1525450312
9961 1
9965 1
9969 1525450875
9970 32767
9978 1
9979 1
9987 4
9993 1525450872
