7 837
9293 1525446176
9297 1525446320
9300 32767
9305 1525446176
9308 32767
9313 1525446368
9319 1525447084
9328 1070202772
9331 1
9337 1525446368
9341 1525446968
9347 1525446904
9351 1525448572
9352 32767
9359 1525448572
9365 1525447032
9371 1525447000
9375 1525448571
9385 1525447536
9389 1525447920
9394 524288
9397 1
9401 1525448572
9402 32767
9413 1525448008
9418 8
9421 1
9425 1525448571
9426 32767
9434 1
9447 1525446868
9455 2026584188
9461 2026584184
9465 2026584160
9471 2026587512
9477 1525446896
9481 2061214480
9487 1551900772
9493 1525447008
9496 32767
9499 100
9503 1551900672
9507 1525446936
9521 1525447520
9527 1525447016
9533 1525451080
9537 1539687978
9551 1800650504
9555 1800658928
9563 1800478858
9567 1800650504
9571 1800655656
9579 1800478858
9583 1800658928
9587 1800658928
9589 1800622256
9595 1800650504
9603 1800650504
9611 1525447568
9615 1800503907
9621 2026584160
9625 81042456
9631 1800650504
9635 1800509977
9641 1800577712
9647 1800650504
9653 1800622256
9657 81042185
9661 1800658928
9669 1940
9675 1800424869
9681 1525447984
9685 2026587512
9691 2026587512
9703 1800650504
9707 1800655504
9715 1800478858
9719 1800655504
9723 1800655504
9735 1800650504
9739 1800655504
9743 81041152
9755 1800650504
9759 1800655504
9767 1800478858
9771 1800655504
9775 1800655504
9777 1800622256
9783 1800650504
9791 1800650504
9799 1525448320
9803 1800503907
9809 1800577712
9813 81042456
9819 1800650504
9823 1800509977
9829 1800577712
9835 1800650504
9841 1800622256
9845 81041774
9849 1800655504
9857 1529
9863 1800424869
9869 1525448736
9873 1525451488
9875 81024600
9885 1525451488
9889 1769234802
9901 1525448624
9905 1525448640
9909 1525449208
9915 1525449176
9919 1525450747
9929 1525449712
9932 32767
9939 1525451488
9953 1525450168
9957 1525450184
9961 1
9965 1
9969 1525450747
9970 32767
9978 1
9979 1
9987 4
9993 1525450744
