1 60 49 27 0.27 0.6
2 81 34 28 0.28 0.81
3 77 32 16 0.16 0.77
4 55 44 16 0.16 0.55
5 39 52 17 0.17 0.39
6 29 47 13 0.13 0.29
7 27 38 12 0.12 0.27
8 21 28 5 0.05 0.21
9 26 23 9 0.09 0.26
10 31 22 12 0.12 0.31
11 24 15 4 0.04 0.24
12 18 20 3 0.03 0.18
13 19 13 2 0.02 0.19
14 16 13 3 0.03 0.16
15 12 19 3 0.03 0.12
16 8 20 5 0.05 0.08
17 7 17 1 0.01 0.07
18 11 12 2 0.02 0.11
19 17 9 3 0.03 0.17
20 18 13 3 0.03 0.18
21 18 16 7 0.07 0.18
22 15 17 4 0.04 0.15
23 15 17 3 0.03 0.15
24 12 15 3 0.03 0.12
25 10 10 0 0 0.1
26 6 7 0 0 0.06
27 6 5 1 0.01 0.06
28 7 4 0 0 0.07
29 8 1 0 0 0.08
30 6 1 0 0 0.06
31 3 1 0 0 0.03
32 1 2 0 0 0.01
33 1 2 1 0.01 0.01
34 1 3 0 0 0.01
35 2 4 0 0 0.02
36 2 5 0 0 0.02
37 1 5 1 0.01 0.01
38 1 4 0 0 0.01
39 1 3 0 0 0.01
40 1 1 0 0 0.01
41 0 0 0 0 0
42 0 0 0 0 0
43 0 0 0 0 0
44 0 0 0 0 0
45 0 0 0 0 0
46 0 0 0 0 0
47 0 0 0 0 0
48 0 0 0 0 0
49 0 0 0 0 0
50 0 0 0 0 0
51 0 0 0 0 0
