1 0 14 0 0 0
2 5 37 0 0 0.05
3 18 29 3 0.03 0.18
4 37 23 5 0.05 0.37
5 38 30 8 0.08 0.38
6 40 33 11 0.11 0.4
7 36 39 15 0.15 0.36
8 40 51 20 0.2 0.4
9 35 53 20 0.2 0.35
10 43 45 20 0.2 0.43
11 53 42 20 0.2 0.53
12 54 36 20 0.2 0.54
13 50 46 20 0.2 0.5
14 58 42 21 0.21 0.58
15 56 43 22 0.22 0.56
16 59 47 22 0.22 0.59
17 46 58 23 0.23 0.46
18 43 63 24 0.24 0.43
19 47 61 24 0.24 0.47
20 52 51 24 0.24 0.52
21 56 45 24 0.24 0.56
22 59 45 24 0.24 0.59
23 56 47 24 0.24 0.56
24 57 46 24 0.24 0.57
25 53 55 24 0.24 0.53
26 58 54 25 0.25 0.58
27 63 53 25 0.25 0.63
28 64 52 25 0.25 0.64
29 67 51 25 0.25 0.67
30 72 48 26 0.26 0.72
31 75 47 26 0.26 0.75
32 74 49 26 0.26 0.74
33 75 50 26 0.26 0.75
34 73 50 26 0.26 0.73
35 71 49 26 0.26 0.71
36 67 52 26 0.26 0.67
37 67 56 26 0.26 0.67
38 62 60 26 0.26 0.62
39 61 61 26 0.26 0.61
40 60 64 26 0.26 0.6
41 61 65 26 0.26 0.61
42 61 65 26 0.26 0.61
43 61 65 26 0.26 0.61
44 61 65 26 0.26 0.61
45 61 65 26 0.26 0.61
46 61 65 26 0.26 0.61
47 61 65 26 0.26 0.61
48 61 65 26 0.26 0.61
49 61 65 26 0.26 0.61
50 61 65 26 0.26 0.61
51 61 65 26 0.26 0.61
