1 191 29 29 0.303665
2 272 26 15 0.150735
3 288 14 6 0.0694444
4 322 4 14 0.0559006
5 257 7 22 0.11284
6 260 13 12 0.0961538
7 208 15 14 0.139423
8 156 10 15 0.160256
9 144 13 11 0.166667
10 130 21 11 0.246154
11 121 10 3 0.107438
12 126 8 11 0.150794
13 105 11 13 0.228571
14 81 10 6 0.197531
15 85 5 14 0.223529
16 91 8 11 0.208791
17 89 4 12 0.179775
18 65 7 7 0.215385
19 82 12 5 0.207317
20 85 13 10 0.270588
21 91 13 8 0.230769
22 91 9 8 0.186813
23 96 9 11 0.208333
24 94 9 9 0.191489
25 76 5 10 0.197368
26 57 5 3 0.140351
27 39 7 3 0.25641
28 36 5 3 0.222222
29 31 6 1 0.225806
30 30 4 1 0.166667
31 31 1 1 0.0645161
32 15 2 5 0.466667
33 6 1 1 0.333333
34 6 1 2 0.5
35 14 1 2 0.214286
36 18 1 5 0.333333
37 18 1 4 0.277778
38 16 0 3 0.1875
39 19 1 2 0.157895
40 9 0 1 0.111111
41 4 0 0 0
42 0 0 0 0
43 0 0 0 0
44 0 0 0 0
45 0 0 0 0
46 0 0 0 0
47 0 0 0 0
48 0 0 0 0
49 0 0 0 0
50 0 0 0 0
51 0 0 0 0
