10 31
20 18
29 8
35 2
37 1
99293 1574863408
99297 1574863552
99300 32767
99305 1574863408
99308 32767
99313 1574863600
99319 1574864316
99328 1066832624
99331 2
99337 1574863600
99341 1574864216
99347 1574864136
99351 1574865804
99352 32767
99359 1574865804
99365 1574864264
99371 1574864232
99375 1574865803
99385 1574864768
99389 1574865152
99394 524288
99397 1
99401 1574865804
99402 32767
99413 1574865240
99418 9
99421 1
99425 1574865803
99426 32767
99434 1
99447 1574864100
99455 2026584188
99461 2026584184
99465 2026584160
99471 2026587512
99477 1574864128
99481 2061214480
99488 32647
99493 1574864240
99496 32767
99499 100
99507 1574864168
99521 1574864752
99527 1574864248
99533 1574868312
99539 31677654
99551 1724960520
99555 1724968944
99563 1724788874
99567 1724960520
99571 1724965672
99579 1724788874
99583 1724968944
99587 1724968944
99589 1724932272
99595 1724960520
99603 1724960520
99611 1574864800
99615 1724813923
99621 2026584160
99625 31702040
99631 1724960520
99635 1724819993
99641 1724887728
99647 1724960520
99653 1724932272
99657 31701769
99661 1724968944
99669 1940
99675 1724734885
99681 1574865216
99685 2026587512
99690 2063625639
99703 1724960520
99707 1724965520
99715 1724788874
99719 1724965520
99723 1724965520
99735 1724960520
99739 1724965520
99743 31700736
99755 1724960520
99759 1724965520
99767 1724788874
99771 1724965520
99775 1724965520
99777 1724932272
99783 1724960520
99791 1724960520
99799 1574865552
99803 1724813923
99809 1724887728
99813 31702040
99819 1724960520
99823 1724819993
99829 1724887728
99835 1724960520
99841 1724932272
99845 31701358
99849 1724965520
99857 1529
99863 1724734885
99869 1574865968
99873 1574868720
99875 31684184
99885 1574868720
99889 1769234802
99901 1574865856
99905 1574865872
99909 1574866440
99915 1574866408
99919 1574867979
99929 1574866944
99932 32767
99939 1574868720
99953 1574867400
99957 1574867416
99961 1
99965 1
99969 1574867979
99970 32767
99978 1
99979 1
99987 4
99993 1574867976
