6 40
16 59
22 59
31 75
39 61
45 61
48 61
51 61
99261 1574863408
99265 1574863552
99268 32767
99273 1574863408
99276 32767
99281 1574863600
99287 1574864316
99296 1066832624
99299 2
99305 1574863600
99309 1574864216
99315 1574864136
99319 1574865804
99320 32767
99327 1574865804
99333 1574864264
99339 1574864232
99343 1574865803
99353 1574864768
99357 1574865152
99362 524288
99365 1
99369 1574865804
99370 32767
99381 1574865240
99386 9
99389 1
99393 1574865803
99394 32767
99402 1
99415 1574864100
99423 2026584188
99429 2026584184
99433 2026584160
99439 2026587512
99445 1574864128
99449 2061214480
99456 32647
99461 1574864240
99464 32767
99467 100
99475 1574864168
99489 1574864752
99495 1574864248
99501 1574868312
99507 31677654
99519 1724960520
99523 1724968944
99531 1724788874
99535 1724960520
99539 1724965672
99547 1724788874
99551 1724968944
99555 1724968944
99557 1724932272
99563 1724960520
99571 1724960520
99579 1574864800
99583 1724813923
99589 2026584160
99593 31702040
99599 1724960520
99603 1724819993
99609 1724887728
99615 1724960520
99621 1724932272
99625 31701769
99629 1724968944
99637 1940
99643 1724734885
99649 1574865216
99653 2026587512
99658 2063625639
99671 1724960520
99675 1724965520
99683 1724788874
99687 1724965520
99691 1724965520
99703 1724960520
99707 1724965520
99711 31700736
99723 1724960520
99727 1724965520
99735 1724788874
99739 1724965520
99743 1724965520
99745 1724932272
99751 1724960520
99759 1724960520
99767 1574865552
99771 1724813923
99777 1724887728
99781 31702040
99787 1724960520
99791 1724819993
99801 1574865568
99805 1574865712
99808 32767
99813 1574865568
99816 32767
99821 1574865760
99827 1574866476
99831 1724734885
99836 1082656972
99841 1574868720
99845 1574865760
99849 1574866360
99855 1574866296
99859 1574867964
99860 32767
99867 1574867964
99873 1574865872
99877 1574866440
99883 1574866408
99887 1574867979
99897 1574866944
99901 1574865984
99905 1574866000
99909 1574866568
99915 1574866536
99919 1574868107
99929 1574867072
99932 32767
99937 1574867979
99938 32767
99946 1
99953 1574867528
99957 1574867544
99961 1
99965 1
99969 1574868107
99970 32767
99978 1
99979 1
99987 4
99993 1574868104
