1 1 1 0 0 0.01
2 4 8 0 0 0.04
3 23 23 0 0 0.23
4 31 19 0 0 0.31
5 19 18 0 0 0.19
6 12 11 0 0 0.12
7 24 13 0 0 0.24
8 19 22 0 0 0.19
9 11 22 0 0 0.11
10 15 20 0 0 0.15
11 23 18 0 0 0.23
12 25 19 0 0 0.25
13 17 18 0 0 0.17
14 13 19 0 0 0.13
15 25 18 0 0 0.25
16 29 21 0 0 0.29
17 21 16 0 0 0.21
18 16 19 0 0 0.16
19 21 29 0 0 0.21
20 18 19 0 0 0.18
21 30 14 0 0 0.3
22 20 22 0 0 0.2
23 17 21 0 0 0.17
24 22 21 0 0 0.22
25 28 22 0 0 0.28
26 17 17 0 0 0.17
27 17 30 0 0 0.17
28 25 28 0 0 0.25
29 20 19 0 0 0.2
30 20 15 0 0 0.2
31 24 25 0 0 0.24
32 19 25 0 0 0.19
33 15 20 0 0 0.15
34 27 20 0 0 0.27
35 28 19 0 0 0.28
36 23 19 0 0 0.23
37 24 28 0 0 0.24
38 15 23 0 0 0.15
39 23 25 0 0 0.23
40 27 26 0 0 0.27
41 23 26 0 0 0.23
42 16 17 0 0 0.16
43 31 23 0 0 0.31
44 27 15 0 0 0.27
45 25 23 0 0 0.25
46 14 30 0 0 0.14
47 22 25 0 0 0.22
48 28 10 0 0 0.28
49 39 19 0 0 0.39
50 20 25 0 0 0.2
51 12 34 0 0 0.12
52 22 28 0 0 0.22
53 36 14 0 0 0.36
54 24 14 0 0 0.24
55 27 31 0 0 0.27
56 21 26 0 0 0.21
57 26 23 0 0 0.26
58 31 18 0 0 0.31
59 32 25 0 0 0.32
60 22 21 0 0 0.22
61 32 25 0 0 0.32
62 23 17 0 0 0.23
63 26 28 0 0 0.26
64 16 31 0 0 0.16
65 22 34 0 0 0.22
66 19 14 0 0 0.19
67 34 25 0 0 0.34
68 21 18 0 0 0.21
69 31 26 0 0 0.31
70 18 24 0 0 0.18
71 25 34 0 0 0.25
72 22 22 0 0 0.22
73 33 28 0 0 0.33
74 32 22 0 0 0.32
75 32 32 0 0 0.32
76 21 33 0 0 0.21
77 26 36 0 0 0.26
78 37 24 0 0 0.37
79 48 15 0 0 0.48
80 45 21 0 0 0.45
81 38 24 0 0 0.38
82 27 25 0 0 0.27
83 28 30 0 0 0.28
84 28 30 0 0 0.28
85 26 25 0 0 0.26
86 29 23 0 0 0.29
87 34 19 0 0 0.34
88 26 28 0 0 0.26
89 17 35 0 0 0.17
90 22 37 0 0 0.22
91 29 23 0 0 0.29
92 37 21 0 0 0.37
93 26 26 0 0 0.26
94 31 32 0 0 0.31
95 26 21 0 0 0.26
96 27 34 0 0 0.27
97 20 32 0 0 0.2
98 26 33 0 0 0.26
99 35 18 0 0 0.35
100 44 20 0 0 0.44
101 36 20 0 0 0.36
102 24 35 0 0 0.24
103 24 41 0 0 0.24
104 17 34 0 0 0.17
105 37 30 0 0 0.37
106 38 16 0 0 0.38
107 41 23 0 0 0.41
108 21 29 0 0 0.21
109 30 33 0 0 0.3
110 24 26 0 0 0.24
111 31 32 0 0 0.31
112 21 33 0 0 0.21
113 25 31 0 0 0.25
114 29 25 0 0 0.29
115 30 26 0 0 0.3
116 26 31 0 0 0.26
117 28 27 0 0 0.28
118 30 31 0 0 0.3
119 32 17 0 0 0.32
120 28 30 0 0 0.28
121 28 27 0 0 0.28
122 34 25 0 0 0.34
123 31 26 0 0 0.31
124 35 30 0 0 0.35
125 28 21 0 0 0.28
126 32 32 0 0 0.32
127 23 32 0 0 0.23
128 26 37 0 0 0.26
129 28 29 0 0 0.28
130 41 25 0 0 0.41
131 36 25 0 0 0.36
132 31 32 0 0 0.31
133 24 33 0 0 0.24
134 32 27 0 0 0.32
135 39 16 0 0 0.39
136 33 27 0 0 0.33
137 15 38 0 0 0.15
138 21 47 0 0 0.21
139 27 26 0 0 0.27
140 40 24 0 0 0.4
141 34 20 0 0 0.34
142 31 33 0 0 0.31
143 23 31 0 0 0.23
144 30 35 0 0 0.3
145 26 36 0 0 0.26
146 30 33 0 0 0.3
147 29 31 0 0 0.29
148 27 43 0 0 0.27
149 21 38 0 0 0.21
150 29 38 0 0 0.29
151 31 28 0 0 0.31
152 40 29 0 0 0.4
153 32 34 0 0 0.32
154 34 36 0 0 0.34
155 35 28 0 0 0.35
156 44 24 0 0 0.44
157 43 27 0 0 0.43
158 35 27 0 0 0.35
159 27 37 0 0 0.27
160 30 39 0 0 0.3
161 25 33 0 0 0.25
162 28 31 0 0 0.28
163 27 35 0 0 0.27
164 30 32 0 0 0.3
165 39 31 0 0 0.39
166 38 28 0 0 0.38
167 35 30 0 0 0.35
168 30 30 0 0 0.3
169 30 35 0 0 0.3
170 29 29 0 0 0.29
171 28 32 0 0 0.28
172 31 35 0 0 0.31
173 30 39 0 0 0.3
174 30 37 0 0 0.3
175 40 35 0 0 0.4
176 38 26 0 0 0.38
177 43 37 0 0 0.43
178 29 47 0 0 0.29
179 21 62 0 0 0.21
180 26 56 0 0 0.26
181 37 36 0 0 0.37
182 54 22 0 0 0.54
183 59 23 0 0 0.59
184 50 28 0 0 0.5
185 33 40 0 0 0.33
186 27 49 0 0 0.27
187 29 40 0 0 0.29
188 37 36 0 0 0.37
189 35 27 0 0 0.35
190 32 30 0 0 0.32
191 29 35 0 0 0.29
192 28 37 0 0 0.28
193 33 37 0 0 0.33
194 29 31 0 0 0.29
195 28 36 0 0 0.28
196 25 48 0 0 0.25
197 27 40 0 0 0.27
198 40 27 0 0 0.4
199 51 19 0 0 0.51
200 41 20 0 0 0.41
201 33 38 0 0 0.33
202 35 36 0 0 0.35
203 44 23 0 0 0.44
204 42 18 0 0 0.42
205 36 32 0 0 0.36
206 28 30 0 0 0.28
207 31 34 0 0 0.31
208 32 26 0 0 0.32
209 41 25 0 0 0.41
210 34 21 0 0 0.34
211 26 38 0 0 0.26
212 18 41 0 0 0.18
213 27 33 0 0 0.27
214 45 18 0 0 0.45
215 44 27 0 0 0.44
216 17 32 0 0 0.17
217 23 48 0 0 0.23
218 19 41 0 0 0.19
219 29 34 0 0 0.29
220 34 24 0 0 0.34
221 37 31 0 0 0.37
222 27 31 0 0 0.27
223 26 38 0 0 0.26
224 24 38 0 0 0.24
225 28 34 0 0 0.28
226 27 31 0 0 0.27
227 32 34 0 0 0.32
228 34 33 0 0 0.34
229 45 29 0 0 0.45
230 42 23 0 0 0.42
231 35 30 0 0 0.35
232 29 33 0 0 0.29
233 40 23 0 0 0.4
234 46 18 0 0 0.46
235 38 26 0 0 0.38
236 24 37 0 0 0.24
237 18 44 0 0 0.18
238 33 35 0 0 0.33
239 32 27 0 0 0.32
240 39 35 0 0 0.39
241 31 26 0 0 0.31
242 35 35 0 0 0.35
243 33 29 0 0 0.33
244 35 30 0 0 0.35
245 35 31 0 0 0.35
246 34 31 0 0 0.34
247 31 32 0 0 0.31
248 26 43 0 0 0.26
249 28 46 0 0 0.28
250 26 35 0 0 0.26
251 34 39 0 0 0.34
252 28 40 0 0 0.28
253 22 39 0 0 0.22
254 27 36 0 0 0.27
255 39 30 0 0 0.39
256 41 28 0 0 0.41
257 40 24 0 0 0.4
258 41 35 0 0 0.41
259 26 44 0 0 0.26
260 23 54 0 0 0.23
261 24 30 0 0 0.24
262 48 28 0 0 0.48
263 45 22 0 0 0.45
264 35 30 0 0 0.35
265 31 36 0 0 0.31
266 31 37 0 0 0.31
267 35 27 0 0 0.35
268 36 34 0 0 0.36
269 21 45 0 0 0.21
270 21 45 0 0 0.21
271 35 32 0 0 0.35
272 41 19 0 0 0.41
273 40 29 0 0 0.4
274 15 37 0 0 0.15
275 24 46 0 0 0.24
276 34 21 0 0 0.34
277 52 18 0 0 0.52
278 47 19 0 0 0.47
279 36 30 0 0 0.36
280 27 40 0 0 0.27
281 30 38 0 0 0.3
282 39 24 0 0 0.39
283 47 24 0 0 0.47
284 37 27 0 0 0.37
285 30 39 0 0 0.3
286 26 44 0 0 0.26
287 23 41 0 0 0.23
288 26 33 0 0 0.26
289 30 38 0 0 0.3
290 33 38 0 0 0.33
291 33 34 0 0 0.33
292 34 30 0 0 0.34
293 34 29 0 0 0.34
294 33 32 0 0 0.33
295 28 34 0 0 0.28
296 30 38 0 0 0.3
297 34 32 0 0 0.34
298 33 24 0 0 0.33
299 41 26 0 0 0.41
300 39 26 0 0 0.39
301 34 34 0 0 0.34
302 35 23 0 0 0.35
303 45 26 0 0 0.45
304 36 30 0 0 0.36
305 33 34 0 0 0.33
306 34 24 0 0 0.34
307 49 29 0 0 0.49
308 43 21 0 0 0.43
309 42 32 0 0 0.42
310 34 35 0 0 0.34
311 30 36 0 0 0.3
312 29 39 0 0 0.29
313 31 35 0 0 0.31
314 20 38 0 0 0.2
315 19 48 0 0 0.19
316 24 39 0 0 0.24
317 34 30 0 0 0.34
318 35 19 0 0 0.35
319 32 35 0 0 0.32
320 28 34 0 0 0.28
321 32 31 0 0 0.32
322 32 28 0 0 0.32
323 32 34 0 0 0.32
324 24 29 0 0 0.24
325 30 32 0 0 0.3
326 33 25 0 0 0.33
327 43 28 0 0 0.43
328 30 29 0 0 0.3
329 29 42 0 0 0.29
330 26 45 0 0 0.26
331 27 41 0 0 0.27
332 31 37 0 0 0.31
333 41 27 0 0 0.41
334 42 26 0 0 0.42
335 35 35 0 0 0.35
336 17 45 0 0 0.17
337 21 47 0 0 0.21
338 33 35 0 0 0.33
339 37 26 0 0 0.37
340 34 35 0 0 0.34
341 27 30 0 0 0.27
342 36 30 0 0 0.36
343 35 22 0 0 0.35
344 34 37 0 0 0.34
345 21 40 0 0 0.21
346 27 45 0 0 0.27
347 32 27 0 0 0.32
348 42 28 0 0 0.42
349 33 25 0 0 0.33
350 33 36 0 0 0.33
351 26 34 0 0 0.26
352 34 30 0 0 0.34
353 34 27 0 0 0.34
354 31 34 0 0 0.31
355 35 35 0 0 0.35
356 32 26 0 0 0.32
357 36 24 0 0 0.36
358 43 26 0 0 0.43
359 40 21 0 0 0.4
360 34 29 0 0 0.34
361 27 38 0 0 0.27
362 22 48 0 0 0.22
363 18 45 0 0 0.18
364 25 44 0 0 0.25
365 36 32 0 0 0.36
366 42 29 0 0 0.42
367 36 37 0 0 0.36
368 31 45 0 0 0.31
369 35 43 0 0 0.35
370 43 35 0 0 0.43
371 44 28 0 0 0.44
372 37 34 0 0 0.37
373 30 39 0 0 0.3
374 32 41 0 0 0.32
375 39 36 0 0 0.39
376 32 33 0 0 0.32
377 33 39 0 0 0.33
378 42 38 0 0 0.42
379 44 29 0 0 0.44
380 47 27 0 0 0.47
381 46 32 0 0 0.46
382 41 38 0 0 0.41
383 34 36 0 0 0.34
384 39 43 0 0 0.39
385 37 35 0 0 0.37
386 42 36 0 0 0.42
387 39 31 0 0 0.39
388 39 33 0 0 0.39
389 30 25 0 0 0.3
390 34 42 0 0 0.34
391 26 32 0 0 0.26
392 29 39 0 0 0.29
393 26 34 0 0 0.26
394 37 36 0 0 0.37
395 32 28 0 0 0.32
396 33 32 0 0 0.33
397 31 31 0 0 0.31
398 29 34 0 0 0.29
399 35 43 0 0 0.35
400 35 39 0 0 0.35
401 31 35 0 0 0.31
402 33 39 0 0 0.33
403 33 37 0 0 0.33
404 35 34 0 0 0.35
405 34 29 0 0 0.34
406 33 31 0 0 0.33
407 26 36 0 0 0.26
408 24 41 0 0 0.24
409 35 33 0 0 0.35
410 41 25 0 0 0.41
411 37 28 0 0 0.37
412 33 34 0 0 0.33
413 29 42 0 0 0.29
414 25 37 0 0 0.25
415 39 46 0 0 0.39
416 29 36 0 0 0.29
417 32 48 0 0 0.32
418 27 44 0 0 0.27
419 39 39 0 0 0.39
420 45 25 0 0 0.45
421 54 31 0 0 0.54
422 49 26 0 0 0.49
423 51 30 0 0 0.51
424 40 26 0 0 0.4
425 40 32 0 0 0.4
426 32 38 0 0 0.32
427 23 41 0 0 0.23
428 30 37 0 0 0.3
429 35 32 0 0 0.35
430 35 31 0 0 0.35
431 40 38 0 0 0.4
432 33 35 0 0 0.33
433 36 46 0 0 0.36
434 26 41 0 0 0.26
435 31 34 0 0 0.31
436 43 26 0 0 0.43
437 42 18 0 0 0.42
438 40 25 0 0 0.4
439 25 31 0 0 0.25
440 25 41 0 0 0.25
441 19 37 0 0 0.19
442 34 33 0 0 0.34
443 38 28 0 0 0.38
444 33 33 0 0 0.33
445 27 34 0 0 0.27
446 26 29 0 0 0.26
447 30 31 0 0 0.3
448 27 25 0 0 0.27
449 35 28 0 0 0.35
450 33 15 0 0 0.33
451 38 34 0 0 0.38
452 23 30 0 0 0.23
453 31 42 0 0 0.31
454 29 28 0 0 0.29
455 41 22 0 0 0.41
456 41 20 0 0 0.41
457 40 23 0 0 0.4
458 32 28 0 0 0.32
459 31 39 0 0 0.31
460 19 38 0 0 0.19
461 33 36 0 0 0.33
462 29 28 0 0 0.29
463 34 32 0 0 0.34
464 31 33 0 0 0.31
465 30 27 0 0 0.3
466 30 41 0 0 0.3
467 28 31 0 0 0.28
468 37 35 0 0 0.37
469 32 23 0 0 0.32
470 33 27 0 0 0.33
471 27 25 0 0 0.27
472 30 32 0 0 0.3
473 34 23 0 0 0.34
474 37 27 0 0 0.37
475 32 23 0 0 0.32
476 29 33 0 0 0.29
477 27 33 0 0 0.27
478 25 37 0 0 0.25
479 28 34 0 0 0.28
480 33 32 0 0 0.33
481 33 35 0 0 0.33
482 27 45 0 0 0.27
483 22 46 0 0 0.22
484 25 39 0 0 0.25
485 36 33 0 0 0.36
486 40 23 0 0 0.4
487 43 24 0 0 0.43
488 27 31 0 0 0.27
489 26 44 0 0 0.26
490 23 28 0 0 0.23
491 38 24 0 0 0.38
492 38 20 0 0 0.38
493 28 30 0 0 0.28
494 21 35 0 0 0.21
495 26 35 0 0 0.26
496 34 23 0 0 0.34
497 33 27 0 0 0.33
498 23 37 0 0 0.23
499 21 42 0 0 0.21
500 26 35 0 0 0.26
501 37 26 0 0 0.37
502 38 22 0 0 0.38
503 39 25 0 0 0.39
504 30 34 0 0 0.3
505 23 39 0 0 0.23
506 31 38 0 0 0.31
507 34 29 0 0 0.34
508 39 30 0 0 0.39
509 31 30 0 0 0.31
510 21 39 0 0 0.21
511 26 41 0 0 0.26
512 33 26 0 0 0.33
513 43 27 0 0 0.43
514 34 25 0 0 0.34
515 30 36 0 0 0.3
516 26 27 0 0 0.26
517 38 25 0 0 0.38
518 30 22 0 0 0.3
519 27 40 0 0 0.27
520 24 31 0 0 0.24
521 42 25 0 0 0.42
522 39 19 0 0 0.39
523 30 35 0 0 0.3
524 25 36 0 0 0.25
525 28 39 0 0 0.28
526 39 27 0 0 0.39
527 37 25 0 0 0.37
528 34 26 0 0 0.34
529 32 35 0 0 0.32
530 33 26 0 0 0.33
531 42 26 0 0 0.42
532 31 33 0 0 0.31
533 16 42 0 0 0.16
534 32 37 0 0 0.32
535 49 20 0 0 0.49
536 53 16 0 0 0.53
537 28 29 0 0 0.28
538 13 55 0 0 0.13
539 11 48 0 0 0.11
540 36 22 0 0 0.36
541 49 17 0 0 0.49
542 41 29 0 0 0.41
543 24 41 0 0 0.24
544 25 44 0 0 0.25
545 27 39 0 0 0.27
546 31 37 0 0 0.31
547 33 36 0 0 0.33
548 34 31 0 0 0.34
549 35 34 0 0 0.35
550 30 26 0 0 0.3
551 30 35 0 0 0.3
552 25 29 0 0 0.25
553 33 29 0 0 0.33
554 29 23 0 0 0.29
555 35 31 0 0 0.35
556 28 30 0 0 0.28
557 27 37 0 0 0.27
558 28 32 0 0 0.28
559 30 33 0 0 0.3
560 31 35 0 0 0.31
561 26 43 0 0 0.26
562 30 46 0 0 0.3
563 33 42 0 0 0.33
564 40 36 0 0 0.4
565 35 33 0 0 0.35
566 33 37 0 0 0.33
567 25 44 0 0 0.25
568 24 48 0 0 0.24
569 29 40 0 0 0.29
570 44 31 0 0 0.44
571 49 23 0 0 0.49
572 42 24 0 0 0.42
573 19 36 0 0 0.19
574 20 50 0 0 0.2
575 31 37 0 0 0.31
576 44 22 0 0 0.44
577 46 25 0 0 0.46
578 34 31 0 0 0.34
579 27 42 0 0 0.27
580 21 39 0 0 0.21
581 29 41 0 0 0.29
582 30 29 0 0 0.3
583 42 26 0 0 0.42
584 40 22 0 0 0.4
585 40 31 0 0 0.4
586 39 36 0 0 0.39
587 44 37 0 0 0.44
588 45 42 0 0 0.45
589 37 37 0 0 0.37
590 37 43 0 0 0.37
591 29 46 0 0 0.29
592 25 46 0 0 0.25
593 31 39 0 0 0.31
594 40 31 0 0 0.4
595 39 23 0 0 0.39
596 39 34 0 0 0.39
597 21 38 0 0 0.21
598 25 37 0 0 0.25
599 33 38 0 0 0.33
600 27 19 0 0 0.27
601 40 28 0 0 0.4
602 28 26 0 0 0.28
603 26 39 0 0 0.26
604 21 38 0 0 0.21
605 30 36 0 0 0.3
606 34 28 0 0 0.34
607 32 28 0 0 0.32
608 35 32 0 0 0.35
609 27 32 0 0 0.27
610 25 38 0 0 0.25
611 22 37 0 0 0.22
612 34 24 0 0 0.34
613 43 20 0 0 0.43
614 39 22 0 0 0.39
615 23 39 0 0 0.23
616 22 49 0 0 0.22
617 25 34 0 0 0.25
618 42 22 0 0 0.42
619 39 24 0 0 0.39
620 34 28 0 0 0.34
621 33 31 0 0 0.33
622 30 23 0 0 0.3
623 37 30 0 0 0.37
624 33 25 0 0 0.33
625 28 33 0 0 0.28
626 24 36 0 0 0.24
627 32 44 0 0 0.32
628 32 28 0 0 0.32
629 46 25 0 0 0.46
630 44 22 0 0 0.44
631 33 27 0 0 0.33
632 28 36 0 0 0.28
633 28 36 0 0 0.28
634 34 30 0 0 0.34
635 31 33 0 0 0.31
636 33 35 0 0 0.33
637 31 36 0 0 0.31
638 26 29 0 0 0.26
639 37 31 0 0 0.37
640 34 29 0 0 0.34
641 28 35 0 0 0.28
642 29 41 0 0 0.29
643 25 39 0 0 0.25
644 33 34 0 0 0.33
645 32 29 0 0 0.32
646 36 24 0 0 0.36
647 42 32 0 0 0.42
648 31 29 0 0 0.31
649 30 38 0 0 0.3
650 27 48 0 0 0.27
651 29 49 0 0 0.29
652 32 38 0 0 0.32
653 47 26 0 0 0.47
654 47 20 0 0 0.47
655 33 26 0 0 0.33
656 26 43 0 0 0.26
657 23 38 0 0 0.23
658 34 27 0 0 0.34
659 35 24 0 0 0.35
660 35 27 0 0 0.35
661 27 31 0 0 0.27
662 33 30 0 0 0.33
663 35 24 0 0 0.35
664 38 23 0 0 0.38
665 27 38 0 0 0.27
666 17 45 0 0 0.17
667 24 43 0 0 0.24
668 38 27 0 0 0.38
669 41 26 0 0 0.41
670 45 24 0 0 0.45
671 35 36 0 0 0.35
672 26 45 0 0 0.26
673 24 35 0 0 0.24
674 37 34 0 0 0.37
675 42 33 0 0 0.42
676 40 30 0 0 0.4
677 38 28 0 0 0.38
678 32 28 0 0 0.32
679 34 33 0 0 0.34
680 32 32 0 0 0.32
681 29 39 0 0 0.29
682 12 32 0 0 0.12
683 40 30 0 0 0.4
684 46 13 0 0 0.46
685 45 22 0 0 0.45
686 28 35 0 0 0.28
687 25 54 0 0 0.25
688 22 49 0 0 0.22
689 38 37 0 0 0.38
690 50 20 0 0 0.5
691 54 25 0 0 0.54
692 39 31 0 0 0.39
693 25 43 0 0 0.25
694 21 51 0 0 0.21
695 26 44 0 0 0.26
696 41 34 0 0 0.41
697 48 21 0 0 0.48
698 58 26 0 0 0.58
699 48 18 0 0 0.48
700 38 31 0 0 0.38
701 26 45 0 0 0.26
702 29 49 0 0 0.29
703 27 43 0 0 0.27
704 40 28 0 0 0.4
705 42 28 0 0 0.42
706 32 28 0 0 0.32
707 24 52 0 0 0.24
708 14 55 0 0 0.14
709 23 46 0 0 0.23
710 41 26 0 0 0.41
711 45 27 0 0 0.45
712 34 34 0 0 0.34
713 27 42 0 0 0.27
714 34 42 0 0 0.34
715 37 32 0 0 0.37
716 39 26 0 0 0.39
717 52 26 0 0 0.52
718 44 24 0 0 0.44
719 37 40 0 0 0.37
720 24 43 0 0 0.24
721 25 40 0 0 0.25
722 33 33 0 0 0.33
723 26 34 0 0 0.26
724 22 43 0 0 0.22
725 19 49 0 0 0.19
726 21 39 0 0 0.21
727 36 31 0 0 0.36
728 40 23 0 0 0.4
729 34 25 0 0 0.34
730 30 39 0 0 0.3
731 25 39 0 0 0.25
732 38 32 0 0 0.38
733 32 29 0 0 0.32
734 30 37 0 0 0.3
735 29 34 0 0 0.29
736 37 27 0 0 0.37
737 42 26 0 0 0.42
738 46 28 0 0 0.46
739 32 38 0 0 0.32
740 31 45 0 0 0.31
741 30 47 0 0 0.3
742 36 37 0 0 0.36
743 39 32 0 0 0.39
744 32 42 0 0 0.32
745 28 51 0 0 0.28
746 30 48 0 0 0.3
747 39 36 0 0 0.39
748 47 21 0 0 0.47
749 51 24 0 0 0.51
750 46 25 0 0 0.46
751 32 30 0 0 0.32
752 28 35 0 0 0.28
753 30 32 0 0 0.3
754 36 25 0 0 0.36
755 32 27 0 0 0.32
756 32 30 0 0 0.32
757 30 27 0 0 0.3
758 31 26 0 0 0.31
759 30 34 0 0 0.3
760 28 33 0 0 0.28
761 28 34 0 0 0.28
762 36 29 0 0 0.36
763 38 28 0 0 0.38
764 31 28 0 0 0.31
765 32 35 0 0 0.32
766 38 30 0 0 0.38
767 37 24 0 0 0.37
768 38 36 0 0 0.38
769 26 37 0 0 0.26
770 28 38 0 0 0.28
771 31 31 0 0 0.31
772 34 26 0 0 0.34
773 31 28 0 0 0.31
774 25 34 0 0 0.25
775 25 40 0 0 0.25
776 27 34 0 0 0.27
777 36 24 0 0 0.36
778 34 23 0 0 0.34
779 29 34 0 0 0.29
780 22 34 0 0 0.22
781 26 33 0 0 0.26
782 31 32 0 0 0.31
783 33 28 0 0 0.33
784 33 27 0 0 0.33
785 33 30 0 0 0.33
786 33 34 0 0 0.33
787 35 33 0 0 0.35
788 35 25 0 0 0.35
789 32 33 0 0 0.32
790 26 34 0 0 0.26
791 33 37 0 0 0.33
792 33 30 0 0 0.33
793 33 30 0 0 0.33
794 31 33 0 0 0.31
795 33 32 0 0 0.33
796 28 32 0 0 0.28
797 28 37 0 0 0.28
798 32 30 0 0 0.32
799 38 35 0 0 0.38
800 28 28 0 0 0.28
801 33 33 0 0 0.33
802 33 30 0 0 0.33
803 32 34 0 0 0.32
804 28 36 0 0 0.28
805 29 33 0 0 0.29
806 34 34 0 0 0.34
807 26 29 0 0 0.26
808 30 36 0 0 0.3
809 26 31 0 0 0.26
810 28 36 0 0 0.28
811 27 33 0 0 0.27
812 29 39 0 0 0.29
813 29 36 0 0 0.29
814 31 40 0 0 0.31
815 38 35 0 0 0.38
816 35 27 0 0 0.35
817 43 31 0 0 0.43
818 28 31 0 0 0.28
819 32 45 0 0 0.32
820 29 38 0 0 0.29
821 42 31 0 0 0.42
822 41 28 0 0 0.41
823 47 28 0 0 0.47
824 38 29 0 0 0.38
825 28 37 0 0 0.28
826 26 44 0 0 0.26
827 27 45 0 0 0.27
828 29 35 0 0 0.29
829 44 23 0 0 0.44
830 47 20 0 0 0.47
831 33 25 0 0 0.33
832 22 47 0 0 0.22
833 25 33 0 0 0.25
834 40 29 0 0 0.4
835 41 23 0 0 0.41
836 33 28 0 0 0.33
837 23 40 0 0 0.23
838 29 51 0 0 0.29
839 26 29 0 0 0.26
840 40 28 0 0 0.4
841 42 23 0 0 0.42
842 40 26 0 0 0.4
843 35 30 0 0 0.35
844 36 32 0 0 0.36
845 30 39 0 0 0.3
846 24 45 0 0 0.24
847 22 45 0 0 0.22
848 35 32 0 0 0.35
849 48 12 0 0 0.48
850 52 17 0 0 0.52
851 30 43 0 0 0.3
852 20 60 0 0 0.2
853 21 69 0 0 0.21
854 24 61 0 0 0.24
855 33 47 0 0 0.33
856 49 36 0 0 0.49
857 54 30 0 0 0.54
858 50 25 0 0 0.5
859 47 35 0 0 0.47
860 36 38 0 0 0.36
861 33 46 0 0 0.33
862 27 45 0 0 0.27
863 31 41 0 0 0.31
864 34 33 0 0 0.34
865 40 33 0 0 0.4
866 34 31 0 0 0.34
867 31 38 0 0 0.31
868 29 36 0 0 0.29
869 35 28 0 0 0.35
870 40 22 0 0 0.4
871 33 22 0 0 0.33
872 24 37 0 0 0.24
873 22 35 0 0 0.22
874 35 30 0 0 0.35
875 41 23 0 0 0.41
876 37 24 0 0 0.37
877 35 31 0 0 0.35
878 26 38 0 0 0.26
879 25 39 0 0 0.25
880 31 25 0 0 0.31
881 46 20 0 0 0.46
882 39 28 0 0 0.39
883 33 33 0 0 0.33
884 28 39 0 0 0.28
885 32 28 0 0 0.32
886 42 28 0 0 0.42
887 34 29 0 0 0.34
888 31 34 0 0 0.31
889 27 34 0 0 0.27
890 23 37 0 0 0.23
891 25 33 0 0 0.25
892 27 39 0 0 0.27
893 24 35 0 0 0.24
894 29 35 0 0 0.29
895 36 27 0 0 0.36
896 44 28 0 0 0.44
897 38 27 0 0 0.38
898 27 42 0 0 0.27
899 23 46 0 0 0.23
900 26 42 0 0 0.26
901 37 26 0 0 0.37
902 40 29 0 0 0.4
903 30 36 0 0 0.3
904 23 41 0 0 0.23
905 32 48 0 0 0.32
906 29 44 0 0 0.29
907 38 37 0 0 0.38
908 45 36 0 0 0.45
909 49 35 0 0 0.49
910 50 29 0 0 0.5
911 48 30 0 0 0.48
912 39 36 0 0 0.39
913 31 44 0 0 0.31
914 24 43 0 0 0.24
915 34 40 0 0 0.34
916 30 39 0 0 0.3
917 36 48 0 0 0.36
918 33 34 0 0 0.33
919 47 36 0 0 0.47
920 39 35 0 0 0.39
921 39 34 0 0 0.39
922 38 40 0 0 0.38
923 36 43 0 0 0.36
924 38 40 0 0 0.38
925 42 37 0 0 0.42
926 40 34 0 0 0.4
927 42 36 0 0 0.42
928 41 35 0 0 0.41
929 38 37 0 0 0.38
930 37 30 0 0 0.37
931 40 34 0 0 0.4
932 34 33 0 0 0.34
933 30 35 0 0 0.3
934 37 38 0 0 0.37
935 35 31 0 0 0.35
936 33 30 0 0 0.33
937 31 29 0 0 0.31
938 29 30 0 0 0.29
939 24 41 0 0 0.24
940 21 35 0 0 0.21
941 33 31 0 0 0.33
942 41 21 0 0 0.41
943 36 26 0 0 0.36
944 23 35 0 0 0.23
945 27 37 0 0 0.27
946 39 22 0 0 0.39
947 42 17 0 0 0.42
948 33 28 0 0 0.33
949 22 36 0 0 0.22
950 27 36 0 0 0.27
951 34 26 0 0 0.34
952 34 28 0 0 0.34
953 28 36 0 0 0.28
954 32 41 0 0 0.32
955 32 42 0 0 0.32
956 33 34 0 0 0.33
957 34 38 0 0 0.34
958 21 43 0 0 0.21
959 22 56 0 0 0.22
960 29 32 0 0 0.29
961 53 20 0 0 0.53
962 49 20 0 0 0.49
963 31 38 0 0 0.31
964 20 44 0 0 0.2
965 33 42 0 0 0.33
966 42 23 0 0 0.42
967 37 28 0 0 0.37
968 28 38 0 0 0.28
969 22 48 0 0 0.22
970 31 42 0 0 0.31
971 37 35 0 0 0.37
972 36 33 0 0 0.36
973 40 32 0 0 0.4
974 31 34 0 0 0.31
975 30 39 0 0 0.3
976 26 40 0 0 0.26
977 33 32 0 0 0.33
978 41 19 0 0 0.41
979 53 20 0 0 0.53
980 37 27 0 0 0.37
981 27 36 0 0 0.27
982 30 40 0 0 0.3
983 40 29 0 0 0.4
984 48 29 0 0 0.48
985 40 21 0 0 0.4
986 37 40 0 0 0.37
987 25 48 0 0 0.25
988 21 57 0 0 0.21
989 25 49 0 0 0.25
990 29 44 0 0 0.29
991 37 31 0 0 0.37
992 58 25 0 0 0.58
993 51 21 0 0 0.51
994 50 33 0 0 0.5
995 42 31 0 0 0.42
996 41 37 0 0 0.41
997 32 44 0 0 0.32
998 31 44 0 0 0.31
999 38 31 0 0 0.38
1000 51 24 0 0 0.51
1001 45 19 0 0 0.45
1002 28 41 0 0 0.28
1003 18 53 0 0 0.18
1004 24 52 0 0 0.24
1005 32 36 0 0 0.32
1006 42 31 0 0 0.42
1007 42 32 0 0 0.42
1008 27 33 0 0 0.27
1009 28 39 0 0 0.28
1010 25 33 0 0 0.25
1011 32 42 0 0 0.32
1012 20 30 0 0 0.2
1013 29 39 0 0 0.29
1014 30 26 0 0 0.3
1015 46 26 0 0 0.46
1016 30 29 0 0 0.3
1017 26 46 0 0 0.26
1018 21 39 0 0 0.21
1019 35 37 0 0 0.35
1020 41 27 0 0 0.41
1021 41 32 0 0 0.41
1022 40 35 0 0 0.4
1023 38 41 0 0 0.38
1024 33 49 0 0 0.33
1025 28 53 0 0 0.28
1026 30 47 0 0 0.3
1027 34 46 0 0 0.34
1028 41 36 0 0 0.41
1029 51 22 0 0 0.51
1030 57 20 0 0 0.57
1031 45 29 0 0 0.45
1032 38 43 0 0 0.38
1033 20 52 0 0 0.2
1034 19 56 0 0 0.19
1035 30 37 0 0 0.3
1036 50 23 0 0 0.5
1037 62 22 0 0 0.62
1038 51 22 0 0 0.51
1039 36 32 0 0 0.36
1040 25 48 0 0 0.25
1041 22 47 0 0 0.22
1042 34 36 0 0 0.34
1043 38 28 0 0 0.38
1044 43 28 0 0 0.43
1045 38 31 0 0 0.38
1046 38 36 0 0 0.38
1047 32 39 0 0 0.32
1048 33 42 0 0 0.33
1049 35 37 0 0 0.35
1050 40 29 0 0 0.4
1051 52 25 0 0 0.52
1052 51 22 0 0 0.51
1053 47 29 0 0 0.47
1054 32 36 0 0 0.32
1055 34 41 0 0 0.34
1056 24 35 0 0 0.24
1057 31 36 0 0 0.31
1058 29 25 0 0 0.29
1059 40 29 0 0 0.4
1060 35 28 0 0 0.35
1061 31 35 0 0 0.31
1062 31 39 0 0 0.31
1063 29 34 0 0 0.29
1064 33 36 0 0 0.33
1065 36 31 0 0 0.36
1066 39 28 0 0 0.39
1067 35 34 0 0 0.35
1068 28 41 0 0 0.28
1069 22 43 0 0 0.22
1070 26 40 0 0 0.26
1071 34 46 0 0 0.34
1072 23 41 0 0 0.23
1073 27 38 0 0 0.27
1074 40 23 0 0 0.4
1075 50 28 0 0 0.5
1076 42 26 0 0 0.42
1077 38 36 0 0 0.38
1078 29 33 0 0 0.29
1079 33 31 0 0 0.33
1080 33 35 0 0 0.33
1081 25 39 0 0 0.25
1082 29 36 0 0 0.29
1083 37 25 0 0 0.37
1084 32 27 0 0 0.32
1085 20 32 0 0 0.2
1086 26 40 0 0 0.26
1087 29 28 0 0 0.29
1088 33 31 0 0 0.33
1089 32 32 0 0 0.32
1090 30 30 0 0 0.3
1091 31 25 0 0 0.31
1092 34 26 0 0 0.34
1093 29 32 0 0 0.29
1094 29 30 0 0 0.29
1095 31 33 0 0 0.31
1096 31 33 0 0 0.31
1097 25 34 0 0 0.25
1098 27 38 0 0 0.27
1099 27 29 0 0 0.27
1100 36 26 0 0 0.36
1101 28 35 0 0 0.28
1102 18 46 0 0 0.18
1103 22 31 0 0 0.22
1104 38 26 0 0 0.38
1105 36 23 0 0 0.36
1106 36 34 0 0 0.36
1107 37 33 0 0 0.37
1108 38 24 0 0 0.38
1109 45 25 0 0 0.45
1110 37 23 0 0 0.37
1111 31 31 0 0 0.31
1112 32 36 0 0 0.32
1113 32 25 0 0 0.32
1114 32 29 0 0 0.32
1115 30 40 0 0 0.3
1116 31 37 0 0 0.31
1117 40 28 0 0 0.4
1118 44 18 0 0 0.44
1119 44 23 0 0 0.44
1120 36 29 0 0 0.36
1121 28 45 0 0 0.28
1122 20 52 0 0 0.2
1123 28 43 0 0 0.28
1124 33 25 0 0 0.33
1125 47 26 0 0 0.47
1126 34 28 0 0 0.34
1127 32 40 0 0 0.32
1128 28 42 0 0 0.28
1129 34 37 0 0 0.34
1130 41 34 0 0 0.41
1131 36 27 0 0 0.36
1132 38 34 0 0 0.38
1133 27 37 0 0 0.27
1134 28 49 0 0 0.28
1135 29 30 0 0 0.29
1136 43 32 0 0 0.43
1137 41 24 0 0 0.41
1138 38 25 0 0 0.38
1139 32 24 0 0 0.32
1140 30 31 0 0 0.3
1141 24 27 0 0 0.24
1142 37 32 0 0 0.37
1143 37 19 0 0 0.37
1144 36 24 0 0 0.36
1145 33 29 0 0 0.33
1146 35 29 0 0 0.35
1147 30 23 0 0 0.3
1148 28 35 0 0 0.28
1149 31 33 0 0 0.31
1150 34 26 0 0 0.34
1151 35 26 0 0 0.35
1152 35 27 0 0 0.35
1153 26 30 0 0 0.26
1154 26 41 0 0 0.26
1155 29 31 0 0 0.29
1156 35 28 0 0 0.35
1157 40 23 0 0 0.4
1158 46 20 0 0 0.46
1159 41 25 0 0 0.41
1160 33 32 0 0 0.33
1161 25 38 0 0 0.25
1162 32 36 0 0 0.32
1163 44 25 0 0 0.44
1164 47 20 0 0 0.47
1165 33 29 0 0 0.33
1166 18 44 0 0 0.18
1167 26 36 0 0 0.26
1168 42 20 0 0 0.42
1169 39 20 0 0 0.39
1170 34 29 0 0 0.34
1171 23 39 0 0 0.23
1172 28 35 0 0 0.28
1173 41 21 0 0 0.41
1174 45 20 0 0 0.45
1175 33 35 0 0 0.33
1176 21 47 0 0 0.21
1177 29 49 0 0 0.29
1178 36 36 0 0 0.36
1179 45 29 0 0 0.45
1180 40 31 0 0 0.4
1181 27 39 0 0 0.27
1182 30 42 0 0 0.3
1183 37 27 0 0 0.37
1184 40 24 0 0 0.4
1185 29 31 0 0 0.29
1186 28 35 0 0 0.28
1187 24 33 0 0 0.24
1188 28 32 0 0 0.28
1189 37 28 0 0 0.37
1190 28 27 0 0 0.28
1191 27 33 0 0 0.27
1192 32 24 0 0 0.32
1193 34 27 0 0 0.34
1194 27 29 0 0 0.27
1195 28 38 0 0 0.28
1196 31 25 0 0 0.31
1197 37 27 0 0 0.37
1198 30 36 0 0 0.3
1199 25 40 0 0 0.25
1200 29 45 0 0 0.29
1201 30 37 0 0 0.3
1202 34 31 0 0 0.34
1203 33 31 0 0 0.33
1204 21 37 0 0 0.21
1205 25 37 0 0 0.25
1206 37 27 0 0 0.37
1207 44 24 0 0 0.44
1208 31 28 0 0 0.31
1209 29 36 0 0 0.29
1210 31 32 0 0 0.31
1211 35 32 0 0 0.35
1212 29 30 0 0 0.29
1213 24 35 0 0 0.24
1214 29 38 0 0 0.29
1215 29 31 0 0 0.29
1216 28 27 0 0 0.28
1217 34 30 0 0 0.34
1218 26 30 0 0 0.26
1219 27 34 0 0 0.27
1220 22 31 0 0 0.22
1221 29 36 0 0 0.29
1222 33 24 0 0 0.33
1223 39 21 0 0 0.39
1224 36 27 0 0 0.36
1225 29 30 0 0 0.29
1226 27 34 0 0 0.27
1227 31 34 0 0 0.31
1228 28 36 0 0 0.28
1229 24 34 0 0 0.24
1230 32 30 0 0 0.32
1231 33 28 0 0 0.33
1232 30 34 0 0 0.3
1233 26 33 0 0 0.26
1234 30 25 0 0 0.3
1235 38 24 0 0 0.38
1236 28 27 0 0 0.28
1237 26 32 0 0 0.26
1238 29 37 0 0 0.29
1239 23 29 0 0 0.23
1240 34 33 0 0 0.34
1241 35 26 0 0 0.35
1242 34 30 0 0 0.34
1243 25 33 0 0 0.25
1244 28 48 0 0 0.28
1245 30 33 0 0 0.3
1246 30 30 0 0 0.3
1247 31 36 0 0 0.31
1248 23 40 0 0 0.23
1249 32 31 0 0 0.32
1250 36 25 0 0 0.36
1251 37 28 0 0 0.37
1252 29 27 0 0 0.29
1253 28 37 0 0 0.28
1254 27 35 0 0 0.27
1255 33 35 0 0 0.33
1256 36 22 0 0 0.36
1257 40 27 0 0 0.4
1258 32 30 0 0 0.32
1259 35 42 0 0 0.35
1260 21 46 0 0 0.21
1261 22 54 0 0 0.22
1262 20 41 0 0 0.2
1263 37 35 0 0 0.37
1264 39 26 0 0 0.39
1265 33 27 0 0 0.33
1266 26 39 0 0 0.26
1267 21 47 0 0 0.21
1268 19 36 0 0 0.19
1269 33 31 0 0 0.33
1270 32 24 0 0 0.32
1271 30 30 0 0 0.3
1272 27 33 0 0 0.27
1273 31 32 0 0 0.31
1274 33 22 0 0 0.33
1275 31 33 0 0 0.31
1276 28 29 0 0 0.28
1277 35 34 0 0 0.35
1278 34 28 0 0 0.34
1279 29 30 0 0 0.29
1280 30 37 0 0 0.3
1281 26 34 0 0 0.26
1282 32 31 0 0 0.32
1283 25 30 0 0 0.25
1284 32 29 0 0 0.32
1285 35 22 0 0 0.35
1286 37 28 0 0 0.37
1287 29 31 0 0 0.29
1288 25 40 0 0 0.25
1289 28 31 0 0 0.28
1290 36 27 0 0 0.36
1291 35 25 0 0 0.35
1292 31 36 0 0 0.31
1293 25 33 0 0 0.25
1294 35 39 0 0 0.35
1295 32 34 0 0 0.32
1296 34 35 0 0 0.34
1297 33 28 0 0 0.33
1298 34 36 0 0 0.34
1299 32 38 0 0 0.32
1300 37 36 0 0 0.37
1301 41 25 0 0 0.41
1302 47 20 0 0 0.47
1303 39 26 0 0 0.39
1304 22 45 0 0 0.22
1305 25 50 0 0 0.25
1306 26 48 0 0 0.26
1307 30 41 0 0 0.3
1308 35 32 0 0 0.35
1309 36 31 0 0 0.36
1310 37 28 0 0 0.37
1311 33 26 0 0 0.33
1312 30 29 0 0 0.3
1313 22 36 0 0 0.22
1314 27 32 0 0 0.27
1315 43 23 0 0 0.43
1316 50 18 0 0 0.5
1317 44 20 0 0 0.44
1318 33 36 0 0 0.33
1319 26 35 0 0 0.26
1320 35 30 0 0 0.35
1321 32 32 0 0 0.32
1322 24 34 0 0 0.24
1323 27 37 0 0 0.27
1324 37 30 0 0 0.37
1325 37 22 0 0 0.37
1326 35 31 0 0 0.35
1327 29 36 0 0 0.29
1328 30 43 0 0 0.3
1329 29 34 0 0 0.29
1330 36 31 0 0 0.36
1331 38 24 0 0 0.38
1332 33 32 0 0 0.33
1333 37 33 0 0 0.37
1334 26 41 0 0 0.26
1335 20 45 0 0 0.2
1336 24 40 0 0 0.24
1337 35 20 0 0 0.35
1338 41 26 0 0 0.41
1339 34 29 0 0 0.34
1340 24 35 0 0 0.24
1341 26 35 0 0 0.26
1342 22 37 0 0 0.22
1343 22 37 0 0 0.22
1344 26 39 0 0 0.26
1345 28 30 0 0 0.28
1346 31 30 0 0 0.31
1347 34 27 0 0 0.34
1348 32 26 0 0 0.32
1349 30 33 0 0 0.3
1350 22 34 0 0 0.22
1351 30 37 0 0 0.3
1352 39 26 0 0 0.39
1353 43 25 0 0 0.43
1354 37 29 0 0 0.37
1355 27 43 0 0 0.27
1356 25 47 0 0 0.25
1357 35 42 0 0 0.35
1358 39 32 0 0 0.39
1359 40 36 0 0 0.4
1360 27 41 0 0 0.27
1361 22 51 0 0 0.22
1362 26 45 0 0 0.26
1363 36 31 0 0 0.36
1364 50 29 0 0 0.5
1365 41 20 0 0 0.41
1366 42 30 0 0 0.42
1367 29 34 0 0 0.29
1368 27 51 0 0 0.27
1369 24 46 0 0 0.24
1370 36 31 0 0 0.36
1371 46 21 0 0 0.46
1372 38 25 0 0 0.38
1373 23 38 0 0 0.23
1374 22 50 0 0 0.22
1375 28 36 0 0 0.28
1376 38 25 0 0 0.38
1377 49 27 0 0 0.49
1378 44 34 0 0 0.44
1379 28 47 0 0 0.28
1380 19 60 0 0 0.19
1381 18 61 0 0 0.18
1382 26 48 0 0 0.26
1383 41 32 0 0 0.41
1384 58 24 0 0 0.58
1385 60 22 0 0 0.6
1386 48 30 0 0 0.48
1387 30 42 0 0 0.3
1388 27 55 0 0 0.27
1389 28 47 0 0 0.28
1390 40 33 0 0 0.4
1391 48 23 0 0 0.48
1392 54 24 0 0 0.54
1393 44 30 0 0 0.44
1394 35 35 0 0 0.35
1395 30 33 0 0 0.3
1396 39 27 0 0 0.39
1397 43 29 0 0 0.43
1398 41 29 0 0 0.41
1399 33 30 0 0 0.33
1400 38 37 0 0 0.38
1401 31 27 0 0 0.31
1402 40 28 0 0 0.4
1403 40 29 0 0 0.4
1404 40 28 0 0 0.4
1405 38 28 0 0 0.38
1406 35 37 0 0 0.35
1407 32 40 0 0 0.32
1408 33 34 0 0 0.33
1409 30 38 0 0 0.3
1410 35 43 0 0 0.35
1411 31 32 0 0 0.31
1412 42 41 0 0 0.42
1413 29 34 0 0 0.29
1414 26 44 0 0 0.26
1415 29 45 0 0 0.29
1416 34 36 0 0 0.34
1417 37 34 0 0 0.37
1418 40 29 0 0 0.4
1419 36 31 0 0 0.36
1420 32 36 0 0 0.32
1421 40 38 0 0 0.4
1422 44 37 0 0 0.44
1423 41 37 0 0 0.41
1424 36 37 0 0 0.36
1425 35 40 0 0 0.35
1426 31 43 0 0 0.31
1427 29 36 0 0 0.29
1428 33 33 0 0 0.33
1429 36 31 0 0 0.36
1430 49 30 0 0 0.49
1431 47 26 0 0 0.47
1432 41 31 0 0 0.41
1433 31 32 0 0 0.31
1434 26 37 0 0 0.26
1435 29 30 0 0 0.29
1436 39 26 0 0 0.39
1437 43 18 0 0 0.43
1438 28 28 0 0 0.28
1439 26 40 0 0 0.26
1440 26 34 0 0 0.26
1441 42 19 0 0 0.42
1442 38 18 0 0 0.38
1443 28 41 0 0 0.28
1444 13 47 0 0 0.13
1445 24 47 0 0 0.24
1446 32 29 0 0 0.32
1447 39 27 0 0 0.39
1448 27 24 0 0 0.27
1449 35 40 0 0 0.35
1450 26 25 0 0 0.26
1451 36 30 0 0 0.36
1452 34 29 0 0 0.34
1453 30 31 0 0 0.3
1454 33 25 0 0 0.33
1455 35 25 0 0 0.35
1456 37 30 0 0 0.37
1457 28 34 0 0 0.28
1458 28 38 0 0 0.28
1459 29 29 0 0 0.29
1460 40 26 0 0 0.4
1461 31 29 0 0 0.31
1462 22 40 0 0 0.22
1463 24 36 0 0 0.24
1464 33 26 0 0 0.33
1465 43 25 0 0 0.43
1466 39 26 0 0 0.39
1467 30 32 0 0 0.3
1468 23 41 0 0 0.23
1469 29 33 0 0 0.29
1470 39 31 0 0 0.39
1471 37 29 0 0 0.37
1472 33 34 0 0 0.33
1473 28 38 0 0 0.28
1474 31 31 0 0 0.31
1475 42 23 0 0 0.42
1476 36 25 0 0 0.36
1477 32 34 0 0 0.32
1478 32 36 0 0 0.32
1479 34 35 0 0 0.34
1480 39 31 0 0 0.39
1481 41 32 0 0 0.41
1482 34 36 0 0 0.34
1483 21 47 0 0 0.21
1484 21 51 0 0 0.21
1485 26 34 0 0 0.26
1486 41 28 0 0 0.41
1487 45 21 0 0 0.45
1488 45 23 0 0 0.45
1489 39 29 0 0 0.39
1490 32 38 0 0 0.32
1491 25 46 0 0 0.25
1492 28 42 0 0 0.28
1493 32 30 0 0 0.32
1494 45 23 0 0 0.45
1495 43 20 0 0 0.43
1496 30 34 0 0 0.3
1497 22 45 0 0 0.22
1498 26 32 0 0 0.26
1499 46 16 0 0 0.46
1500 51 20 0 0 0.51
1501 31 29 0 0 0.31
1502 29 44 0 0 0.29
1503 26 45 0 0 0.26
1504 32 44 0 0 0.32
1505 29 32 0 0 0.29
1506 47 33 0 0 0.47
1507 37 21 0 0 0.37
1508 37 28 0 0 0.37
1509 32 33 0 0 0.32
1510 31 35 0 0 0.31
1511 32 28 0 0 0.32
1512 33 33 0 0 0.33
1513 24 43 0 0 0.24
1514 23 38 0 0 0.23
1515 36 26 0 0 0.36
1516 41 26 0 0 0.41
1517 39 23 0 0 0.39
1518 27 28 0 0 0.27
1519 28 37 0 0 0.28
1520 30 25 0 0 0.3
1521 39 30 0 0 0.39
1522 30 25 0 0 0.3
1523 30 38 0 0 0.3
1524 22 34 0 0 0.22
1525 30 32 0 0 0.3
1526 32 28 0 0 0.32
1527 36 28 0 0 0.36
1528 41 25 0 0 0.41
1529 28 41 0 0 0.28
1530 15 46 0 0 0.15
1531 28 36 0 0 0.28
1532 46 19 0 0 0.46
1533 45 22 0 0 0.45
1534 35 34 0 0 0.35
1535 24 41 0 0 0.24
1536 22 44 0 0 0.22
1537 26 40 0 0 0.26
1538 43 27 0 0 0.43
1539 49 27 0 0 0.49
1540 38 32 0 0 0.38
1541 25 41 0 0 0.25
1542 31 43 0 0 0.31
1543 28 41 0 0 0.28
1544 32 36 0 0 0.32
1545 35 25 0 0 0.35
1546 40 24 0 0 0.4
1547 36 25 0 0 0.36
1548 28 27 0 0 0.28
1549 28 34 0 0 0.28
1550 27 31 0 0 0.27
1551 38 31 0 0 0.38
1552 30 21 0 0 0.3
1553 29 34 0 0 0.29
1554 24 33 0 0 0.24
1555 28 39 0 0 0.28
1556 30 38 0 0 0.3
1557 35 38 0 0 0.35
1558 38 32 0 0 0.38
1559 36 27 0 0 0.36
1560 39 31 0 0 0.39
1561 40 26 0 0 0.4
1562 37 31 0 0 0.37
1563 37 32 0 0 0.37
1564 38 28 0 0 0.38
1565 38 27 0 0 0.38
1566 38 31 0 0 0.38
1567 34 25 0 0 0.34
1568 36 30 0 0 0.36
1569 29 33 0 0 0.29
1570 28 32 0 0 0.28
1571 32 28 0 0 0.32
1572 35 23 0 0 0.35
1573 29 24 0 0 0.29
1574 26 36 0 0 0.26
1575 27 39 0 0 0.27
1576 35 28 0 0 0.35
1577 41 23 0 0 0.41
1578 40 20 0 0 0.4
1579 29 38 0 0 0.29
1580 18 43 0 0 0.18
1581 24 43 0 0 0.24
1582 34 21 0 0 0.34
1583 46 26 0 0 0.46
1584 31 26 0 0 0.31
1585 25 43 0 0 0.25
1586 23 37 0 0 0.23
1587 31 26 0 0 0.31
1588 40 26 0 0 0.4
1589 23 37 0 0 0.23
1590 19 53 0 0 0.19
1591 22 47 0 0 0.22
1592 38 30 0 0 0.38
1593 55 21 0 0 0.55
1594 52 22 0 0 0.52
1595 47 30 0 0 0.47
1596 31 38 0 0 0.31
1597 23 47 0 0 0.23
1598 17 46 0 0 0.17
1599 33 46 0 0 0.33
1600 35 30 0 0 0.35
1601 43 34 0 0 0.43
1602 39 26 0 0 0.39
1603 39 29 0 0 0.39
1604 34 27 0 0 0.34
1605 38 36 0 0 0.38
1606 27 25 0 0 0.27
1607 42 36 0 0 0.42
1608 35 24 0 0 0.35
1609 36 31 0 0 0.36
1610 31 33 0 0 0.31
1611 30 36 0 0 0.3
1612 32 30 0 0 0.32
1613 39 30 0 0 0.39
1614 42 31 0 0 0.42
1615 34 36 0 0 0.34
1616 31 44 0 0 0.31
1617 29 39 0 0 0.29
1618 32 33 0 0 0.32
1619 41 32 0 0 0.41
1620 41 26 0 0 0.41
1621 39 26 0 0 0.39
1622 33 41 0 0 0.33
1623 28 35 0 0 0.28
1624 40 32 0 0 0.4
1625 45 18 0 0 0.45
1626 44 20 0 0 0.44
1627 31 30 0 0 0.31
1628 25 41 0 0 0.25
1629 25 37 0 0 0.25
1630 26 34 0 0 0.26
1631 39 27 0 0 0.39
1632 37 23 0 0 0.37
1633 33 31 0 0 0.33
1634 21 35 0 0 0.21
1635 31 34 0 0 0.31
1636 33 21 0 0 0.33
1637 45 24 0 0 0.45
1638 21 29 0 0 0.21
1639 22 48 0 0 0.22
1640 19 36 0 0 0.19
1641 41 24 0 0 0.41
1642 46 20 0 0 0.46
1643 33 21 0 0 0.33
1644 22 38 0 0 0.22
1645 25 32 0 0 0.25
1646 35 27 0 0 0.35
1647 28 27 0 0 0.28
1648 31 39 0 0 0.31
1649 28 23 0 0 0.28
1650 40 28 0 0 0.4
1651 34 25 0 0 0.34
1652 28 34 0 0 0.28
1653 25 34 0 0 0.25
1654 30 32 0 0 0.3
1655 34 28 0 0 0.34
1656 34 25 0 0 0.34
1657 39 30 0 0 0.39
1658 27 30 0 0 0.27
1659 32 33 0 0 0.32
1660 36 36 0 0 0.36
1661 29 27 0 0 0.29
1662 42 33 0 0 0.42
1663 39 18 0 0 0.39
1664 49 29 0 0 0.49
1665 37 19 0 0 0.37
1666 41 39 0 0 0.41
1667 33 29 0 0 0.33
1668 41 31 0 0 0.41
1669 34 27 0 0 0.34
1670 23 45 0 0 0.23
1671 14 48 0 0 0.14
1672 32 38 0 0 0.32
1673 37 23 0 0 0.37
1674 36 27 0 0 0.36
1675 29 35 0 0 0.29
1676 25 34 0 0 0.25
1677 37 27 0 0 0.37
1678 40 26 0 0 0.4
1679 33 29 0 0 0.33
1680 29 40 0 0 0.29
1681 33 30 0 0 0.33
1682 40 28 0 0 0.4
1683 39 28 0 0 0.39
1684 30 40 0 0 0.3
1685 16 50 0 0 0.16
1686 25 42 0 0 0.25
1687 39 32 0 0 0.39
1688 39 28 0 0 0.39
1689 35 33 0 0 0.35
1690 29 32 0 0 0.29
1691 35 35 0 0 0.35
1692 34 26 0 0 0.34
1693 31 34 0 0 0.31
1694 32 45 0 0 0.32
1695 30 32 0 0 0.3
1696 51 24 0 0 0.51
1697 57 15 0 0 0.57
1698 48 22 0 0 0.48
1699 39 30 0 0 0.39
1700 39 38 0 0 0.39
1701 41 28 0 0 0.41
1702 50 24 0 0 0.5
1703 41 22 0 0 0.41
1704 31 28 0 0 0.31
1705 26 40 0 0 0.26
1706 22 34 0 0 0.22
1707 35 29 0 0 0.35
1708 33 23 0 0 0.33
1709 30 36 0 0 0.3
1710 20 39 0 0 0.2
1711 27 41 0 0 0.27
1712 28 35 0 0 0.28
1713 42 25 0 0 0.42
1714 40 24 0 0 0.4
1715 31 30 0 0 0.31
1716 25 37 0 0 0.25
1717 29 31 0 0 0.29
1718 39 22 0 0 0.39
1719 42 22 0 0 0.42
1720 37 26 0 0 0.37
1721 22 42 0 0 0.22
1722 18 56 0 0 0.18
1723 22 50 0 0 0.22
1724 36 38 0 0 0.36
1725 48 26 0 0 0.48
1726 45 23 0 0 0.45
1727 35 36 0 0 0.35
1728 22 46 0 0 0.22
1729 25 49 0 0 0.25
1730 33 41 0 0 0.33
1731 39 26 0 0 0.39
1732 46 27 0 0 0.46
1733 32 29 0 0 0.32
1734 24 51 0 0 0.24
1735 21 52 0 0 0.21
1736 30 46 0 0 0.3
1737 39 29 0 0 0.39
1738 50 31 0 0 0.5
1739 45 28 0 0 0.45
1740 48 31 0 0 0.48
1741 51 34 0 0 0.51
1742 42 32 0 0 0.42
1743 32 37 0 0 0.32
1744 21 46 0 0 0.21
1745 26 38 0 0 0.26
1746 35 32 0 0 0.35
1747 39 23 0 0 0.39
1748 31 32 0 0 0.31
1749 24 37 0 0 0.24
1750 28 35 0 0 0.28
1751 34 29 0 0 0.34
1752 36 23 0 0 0.36
1753 27 29 0 0 0.27
1754 27 41 0 0 0.27
1755 25 34 0 0 0.25
1756 29 32 0 0 0.29
1757 29 31 0 0 0.29
1758 25 38 0 0 0.25
1759 25 33 0 0 0.25
1760 37 29 0 0 0.37
1761 46 21 0 0 0.46
1762 38 28 0 0 0.38
1763 22 38 0 0 0.22
1764 17 54 0 0 0.17
1765 25 33 0 0 0.25
1766 42 19 0 0 0.42
1767 45 16 0 0 0.45
1768 32 33 0 0 0.32
1769 22 35 0 0 0.22
1770 30 41 0 0 0.3
1771 27 28 0 0 0.27
1772 33 30 0 0 0.33
1773 32 28 0 0 0.32
1774 32 31 0 0 0.32
1775 34 22 0 0 0.34
1776 35 26 0 0 0.35
1777 32 29 0 0 0.32
1778 31 32 0 0 0.31
1779 33 32 0 0 0.33
1780 33 25 0 0 0.33
1781 36 24 0 0 0.36
1782 28 30 0 0 0.28
1783 27 34 0 0 0.27
1784 25 37 0 0 0.25
1785 30 24 0 0 0.3
1786 41 27 0 0 0.41
1787 28 26 0 0 0.28
1788 28 38 0 0 0.28
1789 27 38 0 0 0.27
1790 36 35 0 0 0.36
1791 42 26 0 0 0.42
1792 36 32 0 0 0.36
1793 29 33 0 0 0.29
1794 25 38 0 0 0.25
1795 25 41 0 0 0.25
1796 20 40 0 0 0.2
1797 30 26 0 0 0.3
1798 36 24 0 0 0.36
1799 31 27 0 0 0.31
1800 27 35 0 0 0.27
1801 19 39 0 0 0.19
1802 27 39 0 0 0.27
1803 30 30 0 0 0.3
1804 36 31 0 0 0.36
1805 27 23 0 0 0.27
1806 30 33 0 0 0.3
1807 26 34 0 0 0.26
1808 32 31 0 0 0.32
1809 33 31 0 0 0.33
1810 28 33 0 0 0.28
1811 21 46 0 0 0.21
1812 20 41 0 0 0.2
1813 29 35 0 0 0.29
1814 42 17 0 0 0.42
1815 42 26 0 0 0.42
1816 25 33 0 0 0.25
1817 26 42 0 0 0.26
1818 33 27 0 0 0.33
1819 42 23 0 0 0.42
1820 36 31 0 0 0.36
1821 28 34 0 0 0.28
1822 28 35 0 0 0.28
1823 30 26 0 0 0.3
1824 37 28 0 0 0.37
1825 35 30 0 0 0.35
1826 32 31 0 0 0.32
1827 32 28 0 0 0.32
1828 37 29 0 0 0.37
1829 26 29 0 0 0.26
1830 27 35 0 0 0.27
1831 28 28 0 0 0.28
1832 36 23 0 0 0.36
1833 32 24 0 0 0.32
1834 25 34 0 0 0.25
1835 19 46 0 0 0.19
1836 23 45 0 0 0.23
1837 28 32 0 0 0.28
1838 44 26 0 0 0.44
1839 39 26 0 0 0.39
1840 39 33 0 0 0.39
1841 31 34 0 0 0.31
1842 29 31 0 0 0.29
1843 36 29 0 0 0.36
1844 41 25 0 0 0.41
1845 36 27 0 0 0.36
1846 32 37 0 0 0.32
1847 32 36 0 0 0.32
1848 43 28 0 0 0.43
1849 43 26 0 0 0.43
1850 31 33 0 0 0.31
1851 21 45 0 0 0.21
1852 25 41 0 0 0.25
1853 36 28 0 0 0.36
1854 42 26 0 0 0.42
1855 40 30 0 0 0.4
1856 30 35 0 0 0.3
1857 27 38 0 0 0.27
1858 31 30 0 0 0.31
1859 31 35 0 0 0.31
1860 25 33 0 0 0.25
1861 26 40 0 0 0.26
1862 28 23 0 0 0.28
1863 45 22 0 0 0.45
1864 28 19 0 0 0.28
1865 31 42 0 0 0.31
1866 17 23 0 0 0.17
1867 41 30 0 0 0.41
1868 27 15 0 0 0.27
1869 31 39 0 0 0.31
1870 22 30 0 0 0.22
1871 33 33 0 0 0.33
1872 35 23 0 0 0.35
1873 38 25 0 0 0.38
1874 34 29 0 0 0.34
1875 28 31 0 0 0.28
1876 26 33 0 0 0.26
1877 33 34 0 0 0.33
1878 38 33 0 0 0.38
1879 37 36 0 0 0.37
1880 28 36 0 0 0.28
1881 28 42 0 0 0.28
1882 27 31 0 0 0.27
1883 35 30 0 0 0.35
1884 24 35 0 0 0.24
1885 29 38 0 0 0.29
1886 29 27 0 0 0.29
1887 39 25 0 0 0.39
1888 37 20 0 0 0.37
1889 30 29 0 0 0.3
1890 28 32 0 0 0.28
1891 34 28 0 0 0.34
1892 47 18 0 0 0.47
1893 38 21 0 0 0.38
1894 22 46 0 0 0.22
1895 10 51 0 0 0.1
1896 28 36 0 0 0.28
1897 43 16 0 0 0.43
1898 48 22 0 0 0.48
1899 36 30 0 0 0.36
1900 34 40 0 0 0.34
1901 33 27 0 0 0.33
1902 41 27 0 0 0.41
1903 31 28 0 0 0.31
1904 26 39 0 0 0.26
1905 29 28 0 0 0.29
1906 47 25 0 0 0.47
1907 54 26 0 0 0.54
1908 35 34 0 0 0.35
1909 26 45 0 0 0.26
1910 29 45 0 0 0.29
1911 38 34 0 0 0.38
1912 51 19 0 0 0.51
1913 52 23 0 0 0.52
1914 22 35 0 0 0.22
1915 17 57 0 0 0.17
1916 24 43 0 0 0.24
1917 45 22 0 0 0.45
1918 57 13 0 0 0.57
1919 57 21 0 0 0.57
1920 36 32 0 0 0.36
1921 29 40 0 0 0.29
1922 27 50 0 0 0.27
1923 26 42 0 0 0.26
1924 37 24 0 0 0.37
1925 42 24 0 0 0.42
1926 27 31 0 0 0.27
1927 17 39 0 0 0.17
1928 22 37 0 0 0.22
1929 37 23 0 0 0.37
1930 42 32 0 0 0.42
1931 31 32 0 0 0.31
1932 35 43 0 0 0.35
1933 27 27 0 0 0.27
1934 37 37 0 0 0.37
1935 23 33 0 0 0.23
1936 23 44 0 0 0.23
1937 21 27 0 0 0.21
1938 36 28 0 0 0.36
1939 32 27 0 0 0.32
1940 27 41 0 0 0.27
1941 20 46 0 0 0.2
1942 28 39 0 0 0.28
1943 39 28 0 0 0.39
1944 43 15 0 0 0.43
1945 38 27 0 0 0.38
1946 29 34 0 0 0.29
1947 30 37 0 0 0.3
1948 30 36 0 0 0.3
1949 30 33 0 0 0.3
1950 33 34 0 0 0.33
1951 27 30 0 0 0.27
1952 35 35 0 0 0.35
1953 25 36 0 0 0.25
1954 27 40 0 0 0.27
1955 25 36 0 0 0.25
1956 39 29 0 0 0.39
1957 34 22 0 0 0.34
1958 33 35 0 0 0.33
1959 27 31 0 0 0.27
1960 32 36 0 0 0.32
1961 27 37 0 0 0.27
1962 31 37 0 0 0.31
1963 27 33 0 0 0.27
1964 38 22 0 0 0.38
1965 34 28 0 0 0.34
1966 20 35 0 0 0.2
1967 25 42 0 0 0.25
1968 28 27 0 0 0.28
1969 34 32 0 0 0.34
1970 24 31 0 0 0.24
1971 27 40 0 0 0.27
1972 30 37 0 0 0.3
1973 32 29 0 0 0.32
1974 40 22 0 0 0.4
1975 34 28 0 0 0.34
1976 29 33 0 0 0.29
1977 23 32 0 0 0.23
1978 30 31 0 0 0.3
1979 30 33 0 0 0.3
1980 29 32 0 0 0.29
1981 31 32 0 0 0.31
1982 34 27 0 0 0.34
1983 28 27 0 0 0.28
1984 27 29 0 0 0.27
1985 31 35 0 0 0.31
1986 29 25 0 0 0.29
1987 34 27 0 0 0.34
1988 29 28 0 0 0.29
1989 29 36 0 0 0.29
1990 27 28 0 0 0.27
1991 35 29 0 0 0.35
1992 33 29 0 0 0.33
1993 26 35 0 0 0.26
1994 30 42 0 0 0.3
1995 29 35 0 0 0.29
1996 40 23 0 0 0.4
1997 46 24 0 0 0.46
1998 39 32 0 0 0.39
1999 31 33 0 0 0.31
2000 29 39 0 0 0.29
2001 31 37 0 0 0.31
2002 31 35 0 0 0.31
2003 36 32 0 0 0.36
2004 29 36 0 0 0.29
2005 29 34 0 0 0.29
2006 33 36 0 0 0.33
2007 37 28 0 0 0.37
2008 38 33 0 0 0.38
2009 41 27 0 0 0.41
2010 35 22 0 0 0.35
2011 39 28 0 0 0.39
2012 27 32 0 0 0.27
2013 31 35 0 0 0.31
2014 23 31 0 0 0.23
2015 33 25 0 0 0.33
2016 30 24 0 0 0.3
2017 27 32 0 0 0.27
2018 25 35 0 0 0.25
2019 38 20 0 0 0.38
2020 49 22 0 0 0.49
2021 37 21 0 0 0.37
2022 27 36 0 0 0.27
2023 25 41 0 0 0.25
2024 27 29 0 0 0.27
2025 37 28 0 0 0.37
2026 35 21 0 0 0.35
2027 44 28 0 0 0.44
2028 29 28 0 0 0.29
2029 25 40 0 0 0.25
2030 21 32 0 0 0.21
2031 39 30 0 0 0.39
2032 33 19 0 0 0.33
2033 39 36 0 0 0.39
2034 17 36 0 0 0.17
2035 31 41 0 0 0.31
2036 27 33 0 0 0.27
2037 29 35 0 0 0.29
2038 27 39 0 0 0.27
2039 35 31 0 0 0.35
2040 45 24 0 0 0.45
2041 43 25 0 0 0.43
2042 35 36 0 0 0.35
2043 17 42 0 0 0.17
2044 24 44 0 0 0.24
2045 34 38 0 0 0.34
2046 42 29 0 0 0.42
2047 41 34 0 0 0.41
2048 26 35 0 0 0.26
2049 25 42 0 0 0.25
2050 30 34 0 0 0.3
2051 28 40 0 0 0.28
2052 26 41 0 0 0.26
2053 26 33 0 0 0.26
2054 38 27 0 0 0.38
2055 40 24 0 0 0.4
2056 40 24 0 0 0.4
2057 36 31 0 0 0.36
2058 22 34 0 0 0.22
2059 25 47 0 0 0.25
2060 25 32 0 0 0.25
2061 38 33 0 0 0.38
2062 42 24 0 0 0.42
2063 41 29 0 0 0.41
2064 26 33 0 0 0.26
2065 24 47 0 0 0.24
2066 22 40 0 0 0.22
2067 36 31 0 0 0.36
2068 44 24 0 0 0.44
2069 36 29 0 0 0.36
2070 23 41 0 0 0.23
2071 24 46 0 0 0.24
2072 27 40 0 0 0.27
2073 34 29 0 0 0.34
2074 35 24 0 0 0.35
2075 38 24 0 0 0.38
2076 27 32 0 0 0.27
2077 24 34 0 0 0.24
2078 33 29 0 0 0.33
2079 37 22 0 0 0.37
2080 35 27 0 0 0.35
2081 34 31 0 0 0.34
2082 31 30 0 0 0.31
2083 32 32 0 0 0.32
2084 27 29 0 0 0.27
2085 32 28 0 0 0.32
2086 31 21 0 0 0.31
2087 35 26 0 0 0.35
2088 21 32 0 0 0.21
2089 22 39 0 0 0.22
2090 30 29 0 0 0.3
2091 42 20 0 0 0.42
2092 43 20 0 0 0.43
2093 26 34 0 0 0.26
2094 20 48 0 0 0.2
2095 28 38 0 0 0.28
2096 37 28 0 0 0.37
2097 38 24 0 0 0.38
2098 28 31 0 0 0.28
2099 30 41 0 0 0.3
2100 31 36 0 0 0.31
2101 35 31 0 0 0.35
2102 38 31 0 0 0.38
2103 33 31 0 0 0.33
2104 22 27 0 0 0.22
2105 33 31 0 0 0.33
2106 30 27 0 0 0.3
2107 31 26 0 0 0.31
2108 35 34 0 0 0.35
2109 29 32 0 0 0.29
2110 31 35 0 0 0.31
2111 35 28 0 0 0.35
2112 38 26 0 0 0.38
2113 30 25 0 0 0.3
2114 28 35 0 0 0.28
2115 27 31 0 0 0.27
2116 38 26 0 0 0.38
2117 45 19 0 0 0.45
2118 26 36 0 0 0.26
2119 15 46 0 0 0.15
2120 24 48 0 0 0.24
2121 32 31 0 0 0.32
2122 35 31 0 0 0.35
2123 23 37 0 0 0.23
2124 20 49 0 0 0.2
2125 24 47 0 0 0.24
2126 30 38 0 0 0.3
2127 40 35 0 0 0.4
2128 31 36 0 0 0.31
2129 29 44 0 0 0.29
2130 29 46 0 0 0.29
2131 36 36 0 0 0.36
2132 41 26 0 0 0.41
2133 39 23 0 0 0.39
2134 22 39 0 0 0.22
2135 21 51 0 0 0.21
2136 24 37 0 0 0.24
2137 41 27 0 0 0.41
2138 43 24 0 0 0.43
2139 40 26 0 0 0.4
2140 33 33 0 0 0.33
2141 23 36 0 0 0.23
2142 31 32 0 0 0.31
2143 42 18 0 0 0.42
2144 40 21 0 0 0.4
2145 31 29 0 0 0.31
2146 27 35 0 0 0.27
2147 28 35 0 0 0.28
2148 26 34 0 0 0.26
2149 31 32 0 0 0.31
2150 40 31 0 0 0.4
2151 41 22 0 0 0.41
2152 43 33 0 0 0.43
2153 32 35 0 0 0.32
2154 32 44 0 0 0.32
2155 31 38 0 0 0.31
2156 32 36 0 0 0.32
2157 38 33 0 0 0.38
2158 34 21 0 0 0.34
2159 39 29 0 0 0.39
2160 29 31 0 0 0.29
2161 28 43 0 0 0.28
2162 24 44 0 0 0.24
2163 25 46 0 0 0.25
2164 30 40 0 0 0.3
2165 38 35 0 0 0.38
2166 45 24 0 0 0.45
2167 38 23 0 0 0.38
2168 30 32 0 0 0.3
2169 26 40 0 0 0.26
2170 28 30 0 0 0.28
2171 38 26 0 0 0.38
2172 32 22 0 0 0.32
2173 27 32 0 0 0.27
2174 22 32 0 0 0.22
2175 34 26 0 0 0.34
2176 37 21 0 0 0.37
2177 33 24 0 0 0.33
2178 32 29 0 0 0.32
2179 28 26 0 0 0.28
2180 31 31 0 0 0.31
2181 27 33 0 0 0.27
2182 27 37 0 0 0.27
2183 25 39 0 0 0.25
2184 27 44 0 0 0.27
2185 25 34 0 0 0.25
2186 33 29 0 0 0.33
2187 42 24 0 0 0.42
2188 35 30 0 0 0.35
2189 24 32 0 0 0.24
2190 30 42 0 0 0.3
2191 22 26 0 0 0.22
2192 34 33 0 0 0.34
2193 23 22 0 0 0.23
2194 38 36 0 0 0.38
2195 29 30 0 0 0.29
2196 36 34 0 0 0.36
2197 33 27 0 0 0.33
2198 43 27 0 0 0.43
2199 31 22 0 0 0.31
2200 33 37 0 0 0.33
2201 24 33 0 0 0.24
2202 37 31 0 0 0.37
2203 33 22 0 0 0.33
2204 38 31 0 0 0.38
2205 28 34 0 0 0.28
2206 34 33 0 0 0.34
2207 28 29 0 0 0.28
2208 34 27 0 0 0.34
2209 43 27 0 0 0.43
2210 42 24 0 0 0.42
2211 32 27 0 0 0.32
2212 32 41 0 0 0.32
2213 19 36 0 0 0.19
2214 34 31 0 0 0.34
2215 44 27 0 0 0.44
2216 35 26 0 0 0.35
2217 26 39 0 0 0.26
2218 31 34 0 0 0.31
2219 38 25 0 0 0.38
2220 48 20 0 0 0.48
2221 28 25 0 0 0.28
2222 28 46 0 0 0.28
2223 22 29 0 0 0.22
2224 54 20 0 0 0.54
2225 39 14 0 0 0.39
2226 25 39 0 0 0.25
2227 19 43 0 0 0.19
2228 31 29 0 0 0.31
2229 57 16 0 0 0.57
2230 39 21 0 0 0.39
2231 20 44 0 0 0.2
2232 14 60 0 0 0.14
2233 22 39 0 0 0.22
2234 44 26 0 0 0.44
2235 47 20 0 0 0.47
2236 33 31 0 0 0.33
2237 22 41 0 0 0.22
2238 22 36 0 0 0.22
2239 38 26 0 0 0.38
2240 48 23 0 0 0.48
2241 41 27 0 0 0.41
2242 31 40 0 0 0.31
2243 23 39 0 0 0.23
2244 39 32 0 0 0.39
2245 43 17 0 0 0.43
2246 42 28 0 0 0.42
2247 24 42 0 0 0.24
2248 18 56 0 0 0.18
2249 20 56 0 0 0.2
2250 26 39 0 0 0.26
2251 36 34 0 0 0.36
2252 37 35 0 0 0.37
2253 29 41 0 0 0.29
2254 28 42 0 0 0.28
2255 34 36 0 0 0.34
2256 36 35 0 0 0.36
2257 40 33 0 0 0.4
2258 42 34 0 0 0.42
2259 33 33 0 0 0.33
2260 25 43 0 0 0.25
2261 28 37 0 0 0.28
2262 36 34 0 0 0.36
2263 36 32 0 0 0.36
2264 22 46 0 0 0.22
2265 21 38 0 0 0.21
2266 34 30 0 0 0.34
2267 42 19 0 0 0.42
2268 32 31 0 0 0.32
2269 19 47 0 0 0.19
2270 19 44 0 0 0.19
2271 33 25 0 0 0.33
2272 48 22 0 0 0.48
2273 28 32 0 0 0.28
2274 19 48 0 0 0.19
2275 18 35 0 0 0.18
2276 42 27 0 0 0.42
2277 33 16 0 0 0.33
2278 29 34 0 0 0.29
2279 11 37 0 0 0.11
2280 32 36 0 0 0.32
2281 40 17 0 0 0.4
2282 40 20 0 0 0.4
2283 27 44 0 0 0.27
2284 22 41 0 0 0.22
2285 35 40 0 0 0.35
2286 35 34 0 0 0.35
2287 39 33 0 0 0.39
2288 42 34 0 0 0.42
2289 36 34 0 0 0.36
2290 28 39 0 0 0.28
2291 29 49 0 0 0.29
2292 34 34 0 0 0.34
2293 45 30 0 0 0.45
2294 44 26 0 0 0.44
2295 39 32 0 0 0.39
2296 24 42 0 0 0.24
2297 22 50 0 0 0.22
2298 24 35 0 0 0.24
2299 35 26 0 0 0.35
2300 33 34 0 0 0.33
2301 22 31 0 0 0.22
2302 29 36 0 0 0.29
2303 31 25 0 0 0.31
2304 35 31 0 0 0.35
2305 25 33 0 0 0.25
2306 30 44 0 0 0.3
2307 29 34 0 0 0.29
2308 42 26 0 0 0.42
2309 39 25 0 0 0.39
2310 38 33 0 0 0.38
2311 36 34 0 0 0.36
2312 37 33 0 0 0.37
2313 30 35 0 0 0.3
2314 29 36 0 0 0.29
2315 30 39 0 0 0.3
2316 30 37 0 0 0.3
2317 29 46 0 0 0.29
2318 28 36 0 0 0.28
2319 32 45 0 0 0.32
2320 31 33 0 0 0.31
2321 33 34 0 0 0.33
2322 37 29 0 0 0.37
2323 36 31 0 0 0.36
2324 31 29 0 0 0.31
2325 32 40 0 0 0.32
2326 29 36 0 0 0.29
2327 37 31 0 0 0.37
2328 37 31 0 0 0.37
2329 32 38 0 0 0.32
2330 27 40 0 0 0.27
2331 24 38 0 0 0.24
2332 27 36 0 0 0.27
2333 34 32 0 0 0.34
2334 36 34 0 0 0.36
2335 35 32 0 0 0.35
2336 31 32 0 0 0.31
2337 25 36 0 0 0.25
2338 30 34 0 0 0.3
2339 36 29 0 0 0.36
2340 45 19 0 0 0.45
2341 50 19 0 0 0.5
2342 35 34 0 0 0.35
2343 16 46 0 0 0.16
2344 22 53 0 0 0.22
2345 35 35 0 0 0.35
2346 43 23 0 0 0.43
2347 40 27 0 0 0.4
2348 30 34 0 0 0.3
2349 23 42 0 0 0.23
2350 22 42 0 0 0.22
2351 31 33 0 0 0.31
2352 42 22 0 0 0.42
2353 49 16 0 0 0.49
2354 42 28 0 0 0.42
2355 24 43 0 0 0.24
2356 17 64 0 0 0.17
2357 21 51 0 0 0.21
2358 32 37 0 0 0.32
2359 40 25 0 0 0.4
2360 34 33 0 0 0.34
2361 23 39 0 0 0.23
2362 30 39 0 0 0.3
2363 31 31 0 0 0.31
2364 41 26 0 0 0.41
2365 43 27 0 0 0.43
2366 37 27 0 0 0.37
2367 39 41 0 0 0.39
2368 26 36 0 0 0.26
2369 30 49 0 0 0.3
2370 24 40 0 0 0.24
2371 30 36 0 0 0.3
2372 31 31 0 0 0.31
2373 31 34 0 0 0.31
2374 32 34 0 0 0.32
2375 37 31 0 0 0.37
2376 36 24 0 0 0.36
2377 39 28 0 0 0.39
2378 29 31 0 0 0.29
2379 21 46 0 0 0.21
2380 25 45 0 0 0.25
2381 28 32 0 0 0.28
2382 49 24 0 0 0.49
2383 46 18 0 0 0.46
2384 41 31 0 0 0.41
2385 29 34 0 0 0.29
2386 26 32 0 0 0.26
2387 32 32 0 0 0.32
2388 32 29 0 0 0.32
2389 26 28 0 0 0.26
2390 34 34 0 0 0.34
2391 34 20 0 0 0.34
2392 42 21 0 0 0.42
2393 28 28 0 0 0.28
2394 28 40 0 0 0.28
2395 32 31 0 0 0.32
2396 43 29 0 0 0.43
2397 40 27 0 0 0.4
2398 31 36 0 0 0.31
2399 31 35 0 0 0.31
2400 32 32 0 0 0.32
2401 34 26 0 0 0.34
2402 34 37 0 0 0.34
2403 25 42 0 0 0.25
2404 27 32 0 0 0.27
2405 40 19 0 0 0.4
2406 43 20 0 0 0.43
2407 26 35 0 0 0.26
2408 25 36 0 0 0.25
2409 33 22 0 0 0.33
2410 42 26 0 0 0.42
2411 28 24 0 0 0.28
2412 27 42 0 0 0.27
2413 23 29 0 0 0.23
2414 36 28 0 0 0.36
2415 36 24 0 0 0.36
2416 30 34 0 0 0.3
2417 33 29 0 0 0.33
2418 34 29 0 0 0.34
2419 36 28 0 0 0.36
2420 28 38 0 0 0.28
2421 24 42 0 0 0.24
2422 26 39 0 0 0.26
2423 33 23 0 0 0.33
2424 39 25 0 0 0.39
2425 34 28 0 0 0.34
2426 34 31 0 0 0.34
2427 41 23 0 0 0.41
2428 40 25 0 0 0.4
2429 28 34 0 0 0.28
2430 27 34 0 0 0.27
2431 39 27 0 0 0.39
2432 43 20 0 0 0.43
2433 35 25 0 0 0.35
2434 29 34 0 0 0.29
2435 27 35 0 0 0.27
2436 30 36 0 0 0.3
2437 34 34 0 0 0.34
2438 39 28 0 0 0.39
2439 34 33 0 0 0.34
2440 35 36 0 0 0.35
2441 34 28 0 0 0.34
2442 42 27 0 0 0.42
2443 42 25 0 0 0.42
2444 39 29 0 0 0.39
2445 31 35 0 0 0.31
2446 28 35 0 0 0.28
2447 30 34 0 0 0.3
2448 36 21 0 0 0.36
2449 41 27 0 0 0.41
2450 29 24 0 0 0.29
2451 28 38 0 0 0.28
2452 30 36 0 0 0.3
2453 32 31 0 0 0.32
2454 31 36 0 0 0.31
2455 22 41 0 0 0.22
2456 24 43 0 0 0.24
2457 34 32 0 0 0.34
2458 37 32 0 0 0.37
2459 31 30 0 0 0.31
2460 28 45 0 0 0.28
2461 21 40 0 0 0.21
2462 32 30 0 0 0.32
2463 44 20 0 0 0.44
2464 41 26 0 0 0.41
2465 23 35 0 0 0.23
2466 21 47 0 0 0.21
2467 23 30 0 0 0.23
2468 41 19 0 0 0.41
2469 32 26 0 0 0.32
2470 24 39 0 0 0.24
2471 18 38 0 0 0.18
2472 40 25 0 0 0.4
2473 43 13 0 0 0.43
2474 36 27 0 0 0.36
2475 24 36 0 0 0.24
2476 27 36 0 0 0.27
2477 35 23 0 0 0.35
2478 39 20 0 0 0.39
2479 24 37 0 0 0.24
2480 14 49 0 0 0.14
2481 25 40 0 0 0.25
2482 45 20 0 0 0.45
2483 41 20 0 0 0.41
2484 25 35 0 0 0.25
2485 21 52 0 0 0.21
2486 24 32 0 0 0.24
2487 50 25 0 0 0.5
2488 46 18 0 0 0.46
2489 35 30 0 0 0.35
2490 28 43 0 0 0.28
2491 27 42 0 0 0.27
2492 34 28 0 0 0.34
2493 36 30 0 0 0.36
2494 39 27 0 0 0.39
2495 36 32 0 0 0.36
2496 27 36 0 0 0.27
2497 26 41 0 0 0.26
2498 31 35 0 0 0.31
2499 34 30 0 0 0.34
2500 41 29 0 0 0.41
2501 32 34 0 0 0.32
2502 24 41 0 0 0.24
2503 25 43 0 0 0.25
2504 32 32 0 0 0.32
2505 34 31 0 0 0.34
2506 33 30 0 0 0.33
2507 26 36 0 0 0.26
2508 22 38 0 0 0.22
2509 28 43 0 0 0.28
2510 28 38 0 0 0.28
2511 40 22 0 0 0.4
2512 48 20 0 0 0.48
2513 38 29 0 0 0.38
2514 26 37 0 0 0.26
2515 29 36 0 0 0.29
2516 42 28 0 0 0.42
2517 48 19 0 0 0.48
2518 41 23 0 0 0.41
2519 33 41 0 0 0.33
2520 24 45 0 0 0.24
2521 26 44 0 0 0.26
2522 35 37 0 0 0.35
2523 39 34 0 0 0.39
2524 41 34 0 0 0.41
2525 38 31 0 0 0.38
2526 36 28 0 0 0.36
2527 33 33 0 0 0.33
2528 24 41 0 0 0.24
2529 26 42 0 0 0.26
2530 33 35 0 0 0.33
2531 36 36 0 0 0.36
2532 32 32 0 0 0.32
2533 36 34 0 0 0.36
2534 33 33 0 0 0.33
2535 33 39 0 0 0.33
2536 33 32 0 0 0.33
2537 35 33 0 0 0.35
2538 27 29 0 0 0.27
2539 29 33 0 0 0.29
2540 37 24 0 0 0.37
2541 43 23 0 0 0.43
2542 40 22 0 0 0.4
2543 30 23 0 0 0.3
2544 28 41 0 0 0.28
2545 25 28 0 0 0.25
2546 33 28 0 0 0.33
2547 26 24 0 0 0.26
2548 35 38 0 0 0.35
2549 29 22 0 0 0.29
2550 43 31 0 0 0.43
2551 27 23 0 0 0.27
2552 36 36 0 0 0.36
2553 27 30 0 0 0.27
2554 36 33 0 0 0.36
2555 26 26 0 0 0.26
2556 37 34 0 0 0.37
2557 32 18 0 0 0.32
2558 44 26 0 0 0.44
2559 32 26 0 0 0.32
2560 33 32 0 0 0.33
2561 29 33 0 0 0.29
2562 32 32 0 0 0.32
2563 28 28 0 0 0.28
2564 32 37 0 0 0.32
2565 28 33 0 0 0.28
2566 32 31 0 0 0.32
2567 36 29 0 0 0.36
2568 32 32 0 0 0.32
2569 32 30 0 0 0.32
2570 26 38 0 0 0.26
2571 28 42 0 0 0.28
2572 21 32 0 0 0.21
2573 39 29 0 0 0.39
2574 39 23 0 0 0.39
2575 28 35 0 0 0.28
2576 27 41 0 0 0.27
2577 30 35 0 0 0.3
2578 40 26 0 0 0.4
2579 33 27 0 0 0.33
2580 23 34 0 0 0.23
2581 23 36 0 0 0.23
2582 34 28 0 0 0.34
2583 40 21 0 0 0.4
2584 28 32 0 0 0.28
2585 24 40 0 0 0.24
2586 32 28 0 0 0.32
2587 43 17 0 0 0.43
2588 28 27 0 0 0.28
2589 16 47 0 0 0.16
2590 17 49 0 0 0.17
2591 25 40 0 0 0.25
2592 39 20 0 0 0.39
2593 46 19 0 0 0.46
2594 37 23 0 0 0.37
2595 29 34 0 0 0.29
2596 20 40 0 0 0.2
2597 31 36 0 0 0.31
2598 35 25 0 0 0.35
2599 31 30 0 0 0.31
2600 28 31 0 0 0.28
2601 35 30 0 0 0.35
2602 44 19 0 0 0.44
2603 44 20 0 0 0.44
2604 33 28 0 0 0.33
2605 23 41 0 0 0.23
2606 24 39 0 0 0.24
2607 31 30 0 0 0.31
2608 38 26 0 0 0.38
2609 31 29 0 0 0.31
2610 23 40 0 0 0.23
2611 19 41 0 0 0.19
2612 31 28 0 0 0.31
2613 42 20 0 0 0.42
2614 28 30 0 0 0.28
2615 12 50 0 0 0.12
2616 25 50 0 0 0.25
2617 38 25 0 0 0.38
2618 62 15 0 0 0.62
2619 54 19 0 0 0.54
2620 39 30 0 0 0.39
2621 29 43 0 0 0.29
2622 28 40 0 0 0.28
2623 35 29 0 0 0.35
2624 56 23 0 0 0.56
2625 54 22 0 0 0.54
2626 54 33 0 0 0.54
2627 41 41 0 0 0.41
2628 35 48 0 0 0.35
2629 30 51 0 0 0.3
2630 32 44 0 0 0.32
2631 46 36 0 0 0.46
2632 48 35 0 0 0.48
2633 48 38 0 0 0.48
2634 40 44 0 0 0.4
2635 37 50 0 0 0.37
2636 36 51 0 0 0.36
2637 32 53 0 0 0.32
2638 35 54 0 0 0.35
2639 44 45 0 0 0.44
2640 52 38 0 0 0.52
2641 57 35 0 0 0.57
2642 55 33 0 0 0.55
2643 54 36 0 0 0.54
2644 48 35 0 0 0.48
2645 41 43 0 0 0.41
2646 32 52 0 0 0.32
2647 25 58 0 0 0.25
2648 30 57 0 0 0.3
2649 35 46 0 0 0.35
2650 43 35 0 0 0.43
2651 51 27 0 0 0.51
2652 51 29 0 0 0.51
2653 42 35 0 0 0.42
2654 33 42 0 0 0.33
2655 32 49 0 0 0.32
2656 34 41 0 0 0.34
2657 44 37 0 0 0.44
2658 43 33 0 0 0.43
2659 43 36 0 0 0.43
2660 41 38 0 0 0.41
2661 41 33 0 0 0.41
2662 36 36 0 0 0.36
2663 30 41 0 0 0.3
2664 22 52 0 0 0.22
2665 21 54 0 0 0.21
2666 27 57 0 0 0.27
2667 31 46 0 0 0.31
2668 44 29 0 0 0.44
2669 55 19 0 0 0.55
2670 54 30 0 0 0.54
2671 41 40 0 0 0.41
2672 28 51 0 0 0.28
2673 22 63 0 0 0.22
2674 18 63 0 0 0.18
2675 22 54 0 0 0.22
2676 38 33 0 0 0.38
2677 49 26 0 0 0.49
2678 35 30 0 0 0.35
2679 19 54 0 0 0.19
2680 18 66 0 0 0.18
2681 19 55 0 0 0.19
2682 31 41 0 0 0.31
2683 44 27 0 0 0.44
2684 48 32 0 0 0.48
2685 40 38 0 0 0.4
2686 33 49 0 0 0.33
2687 30 57 0 0 0.3
2688 29 51 0 0 0.29
2689 33 43 0 0 0.33
2690 37 34 0 0 0.37
2691 39 32 0 0 0.39
2692 35 38 0 0 0.35
2693 33 39 0 0 0.33
2694 33 40 0 0 0.33
2695 39 34 0 0 0.39
2696 41 27 0 0 0.41
2697 35 34 0 0 0.35
2698 26 46 0 0 0.26
2699 26 35 0 0 0.26
2700 35 28 0 0 0.35
2701 39 29 0 0 0.39
2702 28 26 0 0 0.28
2703 29 41 0 0 0.29
2704 22 41 0 0 0.22
2705 30 36 0 0 0.3
2706 36 27 0 0 0.36
2707 33 37 0 0 0.33
2708 22 39 0 0 0.22
2709 28 36 0 0 0.28
2710 34 25 0 0 0.34
2711 41 18 0 0 0.41
2712 32 27 0 0 0.32
2713 24 37 0 0 0.24
2714 25 32 0 0 0.25
2715 38 22 0 0 0.38
2716 37 26 0 0 0.37
2717 26 34 0 0 0.26
2718 24 45 0 0 0.24
2719 25 32 0 0 0.25
2720 40 24 0 0 0.4
2721 32 27 0 0 0.32
2722 22 38 0 0 0.22
2723 23 41 0 0 0.23
2724 35 33 0 0 0.35
2725 36 27 0 0 0.36
2726 33 34 0 0 0.33
2727 24 34 0 0 0.24
2728 26 45 0 0 0.26
2729 30 41 0 0 0.3
2730 33 32 0 0 0.33
2731 38 28 0 0 0.38
2732 44 20 0 0 0.44
2733 36 23 0 0 0.36
2734 21 41 0 0 0.21
2735 21 51 0 0 0.21
2736 29 27 0 0 0.29
2737 53 19 0 0 0.53
2738 40 24 0 0 0.4
2739 23 35 0 0 0.23
2740 21 40 0 0 0.21
2741 30 40 0 0 0.3
2742 29 24 0 0 0.29
2743 41 32 0 0 0.41
2744 19 31 0 0 0.19
2745 21 44 0 0 0.21
2746 26 35 0 0 0.26
2747 37 22 0 0 0.37
2748 37 23 0 0 0.37
2749 31 31 0 0 0.31
2750 21 40 0 0 0.21
2751 24 35 0 0 0.24
2752 37 24 0 0 0.37
2753 40 22 0 0 0.4
2754 27 33 0 0 0.27
2755 24 47 0 0 0.24
2756 23 44 0 0 0.23
2757 39 30 0 0 0.39
2758 50 20 0 0 0.5
2759 46 27 0 0 0.46
2760 31 39 0 0 0.31
2761 25 44 0 0 0.25
2762 23 44 0 0 0.23
2763 32 32 0 0 0.32
2764 35 30 0 0 0.35
2765 35 28 0 0 0.35
2766 35 28 0 0 0.35
2767 39 25 0 0 0.39
2768 30 25 0 0 0.3
2769 25 36 0 0 0.25
2770 27 38 0 0 0.27
2771 24 25 0 0 0.24
2772 41 22 0 0 0.41
2773 39 20 0 0 0.39
2774 30 32 0 0 0.3
2775 22 33 0 0 0.22
2776 27 39 0 0 0.27
2777 36 26 0 0 0.36
2778 48 15 0 0 0.48
2779 51 20 0 0 0.51
2780 31 32 0 0 0.31
2781 18 51 0 0 0.18
2782 21 56 0 0 0.21
2783 25 50 0 0 0.25
2784 33 42 0 0 0.33
2785 51 31 0 0 0.51
2786 59 19 0 0 0.59
2787 59 20 0 0 0.59
2788 56 27 0 0 0.56
2789 38 39 0 0 0.38
2790 21 55 0 0 0.21
2791 16 66 0 0 0.16
2792 20 61 0 0 0.2
2793 32 42 0 0 0.32
2794 49 23 0 0 0.49
2795 61 18 0 0 0.61
2796 55 23 0 0 0.55
2797 43 33 0 0 0.43
2798 30 43 0 0 0.3
2799 18 46 0 0 0.18
2800 23 51 0 0 0.23
2801 33 40 0 0 0.33
2802 44 31 0 0 0.44
2803 43 36 0 0 0.43
2804 34 44 0 0 0.34
2805 24 49 0 0 0.24
2806 26 55 0 0 0.26
2807 28 46 0 0 0.28
2808 43 36 0 0 0.43
2809 53 27 0 0 0.53
2810 59 21 0 0 0.59
2811 57 22 0 0 0.57
2812 38 32 0 0 0.38
2813 25 44 0 0 0.25
2814 25 52 0 0 0.25
2815 30 51 0 0 0.3
2816 36 33 0 0 0.36
2817 54 21 0 0 0.54
2818 52 21 0 0 0.52
2819 47 31 0 0 0.47
2820 32 43 0 0 0.32
2821 20 51 0 0 0.2
2822 23 51 0 0 0.23
2823 29 31 0 0 0.29
2824 48 14 0 0 0.48
2825 49 18 0 0 0.49
2826 36 30 0 0 0.36
2827 30 32 0 0 0.3
2828 35 26 0 0 0.35
2829 42 17 0 0 0.42
2830 35 25 0 0 0.35
2831 31 36 0 0 0.31
2832 27 33 0 0 0.27
2833 34 28 0 0 0.34
2834 35 30 0 0 0.35
2835 28 35 0 0 0.28
2836 28 27 0 0 0.28
2837 34 30 0 0 0.34
2838 34 26 0 0 0.34
2839 32 33 0 0 0.32
2840 23 33 0 0 0.23
2841 29 38 0 0 0.29
2842 34 29 0 0 0.34
2843 31 29 0 0 0.31
2844 33 33 0 0 0.33
2845 29 41 0 0 0.29
2846 24 44 0 0 0.24
2847 28 39 0 0 0.28
2848 34 35 0 0 0.34
2849 30 34 0 0 0.3
2850 34 34 0 0 0.34
2851 35 31 0 0 0.35
2852 32 25 0 0 0.32
2853 34 28 0 0 0.34
2854 25 30 0 0 0.25
2855 29 37 0 0 0.29
2856 29 31 0 0 0.29
2857 30 31 0 0 0.3
2858 28 33 0 0 0.28
2859 28 37 0 0 0.28
2860 32 30 0 0 0.32
2861 38 30 0 0 0.38
2862 31 24 0 0 0.31
2863 33 38 0 0 0.33
2864 22 35 0 0 0.22
2865 31 34 0 0 0.31
2866 36 20 0 0 0.36
2867 40 30 0 0 0.4
2868 25 37 0 0 0.25
2869 23 39 0 0 0.23
2870 31 38 0 0 0.31
2871 38 21 0 0 0.38
2872 44 17 0 0 0.44
2873 38 27 0 0 0.38
2874 26 29 0 0 0.26
2875 32 30 0 0 0.32
2876 30 26 0 0 0.3
2877 36 30 0 0 0.36
2878 34 29 0 0 0.34
2879 32 35 0 0 0.32
2880 35 34 0 0 0.35
2881 38 30 0 0 0.38
2882 34 30 0 0 0.34
2883 25 36 0 0 0.25
2884 26 34 0 0 0.26
2885 26 34 0 0 0.26
2886 31 33 0 0 0.31
2887 31 32 0 0 0.31
2888 29 36 0 0 0.29
2889 22 34 0 0 0.22
2890 26 41 0 0 0.26
2891 22 40 0 0 0.22
2892 27 37 0 0 0.27
2893 30 29 0 0 0.3
2894 34 31 0 0 0.34
2895 30 30 0 0 0.3
2896 26 30 0 0 0.26
2897 33 31 0 0 0.33
2898 27 28 0 0 0.27
2899 27 41 0 0 0.27
2900 22 39 0 0 0.22
2901 31 34 0 0 0.31
2902 32 25 0 0 0.32
2903 32 31 0 0 0.32
2904 22 33 0 0 0.22
2905 27 40 0 0 0.27
2906 31 30 0 0 0.31
2907 37 29 0 0 0.37
2908 32 33 0 0 0.32
2909 24 43 0 0 0.24
2910 24 40 0 0 0.24
2911 37 30 0 0 0.37
2912 39 23 0 0 0.39
2913 29 33 0 0 0.29
2914 23 41 0 0 0.23
2915 20 39 0 0 0.2
2916 30 35 0 0 0.3
2917 33 26 0 0 0.33
2918 38 27 0 0 0.38
2919 37 31 0 0 0.37
2920 34 37 0 0 0.34
2921 25 40 0 0 0.25
2922 28 37 0 0 0.28
2923 39 28 0 0 0.39
2924 44 23 0 0 0.44
2925 34 26 0 0 0.34
2926 28 43 0 0 0.28
2927 18 43 0 0 0.18
2928 32 30 0 0 0.32
2929 43 18 0 0 0.43
2930 48 21 0 0 0.48
2931 34 30 0 0 0.34
2932 25 35 0 0 0.25
2933 30 34 0 0 0.3
2934 37 23 0 0 0.37
2935 34 27 0 0 0.34
2936 31 28 0 0 0.31
2937 34 33 0 0 0.34
2938 34 25 0 0 0.34
2939 40 34 0 0 0.4
2940 35 28 0 0 0.35
2941 42 37 0 0 0.42
2942 38 32 0 0 0.38
2943 35 34 0 0 0.35
2944 36 32 0 0 0.36
2945 37 33 0 0 0.37
2946 29 36 0 0 0.29
2947 26 43 0 0 0.26
2948 23 38 0 0 0.23
2949 36 32 0 0 0.36
2950 40 22 0 0 0.4
2951 35 36 0 0 0.35
2952 21 41 0 0 0.21
2953 26 42 0 0 0.26
2954 34 35 0 0 0.34
2955 46 26 0 0 0.46
2956 45 20 0 0 0.45
2957 43 24 0 0 0.43
2958 33 35 0 0 0.33
2959 33 43 0 0 0.33
2960 33 39 0 0 0.33
2961 32 39 0 0 0.32
2962 32 37 0 0 0.32
2963 28 38 0 0 0.28
2964 24 40 0 0 0.24
2965 29 40 0 0 0.29
2966 24 33 0 0 0.24
2967 30 35 0 0 0.3
2968 33 29 0 0 0.33
2969 33 26 0 0 0.33
2970 31 32 0 0 0.31
2971 28 39 0 0 0.28
2972 25 35 0 0 0.25
2973 34 32 0 0 0.34
2974 40 21 0 0 0.4
2975 32 34 0 0 0.32
2976 13 38 0 0 0.13
2977 30 38 0 0 0.3
2978 35 21 0 0 0.35
2979 35 26 0 0 0.35
2980 33 33 0 0 0.33
2981 29 39 0 0 0.29
2982 25 40 0 0 0.25
2983 26 40 0 0 0.26
2984 31 29 0 0 0.31
2985 41 19 0 0 0.41
2986 50 17 0 0 0.5
2987 48 22 0 0 0.48
2988 31 31 0 0 0.31
2989 29 42 0 0 0.29
2990 31 35 0 0 0.31
2991 36 35 0 0 0.36
2992 32 36 0 0 0.32
2993 26 38 0 0 0.26
2994 35 33 0 0 0.35
2995 38 30 0 0 0.38
2996 36 31 0 0 0.36
2997 25 30 0 0 0.25
2998 32 34 0 0 0.32
2999 32 32 0 0 0.32
3000 37 33 0 0 0.37
3001 33 31 0 0 0.33
3002 42 36 0 0 0.42
3003 38 38 0 0 0.38
3004 32 39 0 0 0.32
3005 36 36 0 0 0.36
3006 37 29 0 0 0.37
3007 35 39 0 0 0.35
3008 23 44 0 0 0.23
3009 22 57 0 0 0.22
3010 26 34 0 0 0.26
3011 46 26 0 0 0.46
3012 52 20 0 0 0.52
3013 41 25 0 0 0.41
3014 33 26 0 0 0.33
3015 26 40 0 0 0.26
3016 26 43 0 0 0.26
3017 32 42 0 0 0.32
3018 38 30 0 0 0.38
3019 44 26 0 0 0.44
3020 48 27 0 0 0.48
3021 42 31 0 0 0.42
3022 40 33 0 0 0.4
3023 43 34 0 0 0.43
3024 31 39 0 0 0.31
3025 23 51 0 0 0.23
3026 22 53 0 0 0.22
3027 26 49 0 0 0.26
3028 27 36 0 0 0.27
3029 33 32 0 0 0.33
3030 32 31 0 0 0.32
3031 32 37 0 0 0.32
3032 22 43 0 0 0.22
3033 30 40 0 0 0.3
3034 38 23 0 0 0.38
3035 50 22 0 0 0.5
3036 40 26 0 0 0.4
3037 24 40 0 0 0.24
3038 17 51 0 0 0.17
3039 26 28 0 0 0.26
3040 44 23 0 0 0.44
3041 44 22 0 0 0.44
3042 32 36 0 0 0.32
3043 20 43 0 0 0.2
3044 25 38 0 0 0.25
3045 40 20 0 0 0.4
3046 45 24 0 0 0.45
3047 27 31 0 0 0.27
3048 21 50 0 0 0.21
3049 23 43 0 0 0.23
3050 34 32 0 0 0.34
3051 50 24 0 0 0.5
3052 45 26 0 0 0.45
3053 26 35 0 0 0.26
3054 22 49 0 0 0.22
3055 23 48 0 0 0.23
3056 27 40 0 0 0.27
3057 38 28 0 0 0.38
3058 47 23 0 0 0.47
3059 39 20 0 0 0.39
3060 30 43 0 0 0.3
3061 13 42 0 0 0.13
3062 26 45 0 0 0.26
3063 34 19 0 0 0.34
3064 46 25 0 0 0.46
3065 28 23 0 0 0.28
3066 27 42 0 0 0.27
3067 24 32 0 0 0.24
3068 34 33 0 0 0.34
3069 34 22 0 0 0.34
3070 35 27 0 0 0.35
3071 31 30 0 0 0.31
3072 36 26 0 0 0.36
3073 33 25 0 0 0.33
3074 36 29 0 0 0.36
3075 32 33 0 0 0.32
3076 33 31 0 0 0.33
3077 40 30 0 0 0.4
3078 36 26 0 0 0.36
3079 28 35 0 0 0.28
3080 23 41 0 0 0.23
3081 32 30 0 0 0.32
3082 44 30 0 0 0.44
3083 29 30 0 0 0.29
3084 23 47 0 0 0.23
3085 24 31 0 0 0.24
3086 36 27 0 0 0.36
3087 33 29 0 0 0.33
3088 23 40 0 0 0.23
3089 24 37 0 0 0.24
3090 43 29 0 0 0.43
3091 52 15 0 0 0.52
3092 44 21 0 0 0.44
3093 31 37 0 0 0.31
3094 23 44 0 0 0.23
3095 28 37 0 0 0.28
3096 37 33 0 0 0.37
3097 39 33 0 0 0.39
3098 26 37 0 0 0.26
3099 22 48 0 0 0.22
3100 20 44 0 0 0.2
3101 31 31 0 0 0.31
3102 44 26 0 0 0.44
3103 48 25 0 0 0.48
3104 32 27 0 0 0.32
3105 31 41 0 0 0.31
3106 31 37 0 0 0.31
3107 36 28 0 0 0.36
3108 38 28 0 0 0.38
3109 30 32 0 0 0.3
3110 24 42 0 0 0.24
3111 20 36 0 0 0.2
3112 30 35 0 0 0.3
3113 31 25 0 0 0.31
3114 35 28 0 0 0.35
3115 19 33 0 0 0.19
3116 28 38 0 0 0.28
3117 25 31 0 0 0.25
3118 34 34 0 0 0.34
3119 34 26 0 0 0.34
3120 36 32 0 0 0.36
3121 31 36 0 0 0.31
3122 27 33 0 0 0.27
3123 34 32 0 0 0.34
3124 32 32 0 0 0.32
3125 33 37 0 0 0.33
3126 32 37 0 0 0.32
3127 36 36 0 0 0.36
3128 37 28 0 0 0.37
3129 39 27 0 0 0.39
3130 33 35 0 0 0.33
3131 24 44 0 0 0.24
3132 15 44 0 0 0.15
3133 30 46 0 0 0.3
3134 37 25 0 0 0.37
3135 50 27 0 0 0.5
3136 49 22 0 0 0.49
3137 51 27 0 0 0.51
3138 30 34 0 0 0.3
3139 21 48 0 0 0.21
3140 26 53 0 0 0.26
3141 32 43 0 0 0.32
3142 49 29 0 0 0.49
3143 62 24 0 0 0.62
3144 64 25 0 0 0.64
3145 44 27 0 0 0.44
3146 34 42 0 0 0.34
3147 26 41 0 0 0.26
3148 33 39 0 0 0.33
3149 32 25 0 0 0.32
3150 43 29 0 0 0.43
3151 37 24 0 0 0.37
3152 45 33 0 0 0.45
3153 30 28 0 0 0.3
3154 29 42 0 0 0.29
3155 26 37 0 0 0.26
3156 34 37 0 0 0.34
3157 29 34 0 0 0.29
3158 27 38 0 0 0.27
3159 28 31 0 0 0.28
3160 30 34 0 0 0.3
3161 27 33 0 0 0.27
3162 33 29 0 0 0.33
3163 30 24 0 0 0.3
3164 28 39 0 0 0.28
3165 20 41 0 0 0.2
3166 32 34 0 0 0.32
3167 37 23 0 0 0.37
3168 50 29 0 0 0.5
3169 29 30 0 0 0.29
3170 21 39 0 0 0.21
3171 27 33 0 0 0.27
3172 33 25 0 0 0.33
3173 33 25 0 0 0.33
3174 30 31 0 0 0.3
3175 23 32 0 0 0.23
3176 30 27 0 0 0.3
3177 41 21 0 0 0.41
3178 36 24 0 0 0.36
3179 23 41 0 0 0.23
3180 21 44 0 0 0.21
3181 37 26 0 0 0.37
3182 49 17 0 0 0.49
3183 44 25 0 0 0.44
3184 24 37 0 0 0.24
3185 21 47 0 0 0.21
3186 28 40 0 0 0.28
3187 39 27 0 0 0.39
3188 43 24 0 0 0.43
3189 34 34 0 0 0.34
3190 21 42 0 0 0.21
3191 25 47 0 0 0.25
3192 35 32 0 0 0.35
3193 41 25 0 0 0.41
3194 38 29 0 0 0.38
3195 33 30 0 0 0.33
3196 40 29 0 0 0.4
3197 36 27 0 0 0.36
3198 26 32 0 0 0.26
3199 31 36 0 0 0.31
3200 26 33 0 0 0.26
3201 40 22 0 0 0.4
3202 39 18 0 0 0.39
3203 30 34 0 0 0.3
3204 18 39 0 0 0.18
3205 26 34 0 0 0.26
3206 46 12 0 0 0.46
3207 52 20 0 0 0.52
3208 28 35 0 0 0.28
3209 17 53 0 0 0.17
3210 25 54 0 0 0.25
3211 27 31 0 0 0.27
3212 42 24 0 0 0.42
3213 32 26 0 0 0.32
3214 29 41 0 0 0.29
3215 22 32 0 0 0.22
3216 36 34 0 0 0.36
3217 40 24 0 0 0.4
3218 32 29 0 0 0.32
3219 17 42 0 0 0.17
3220 23 44 0 0 0.23
3221 37 35 0 0 0.37
3222 39 21 0 0 0.39
3223 36 37 0 0 0.36
3224 18 47 0 0 0.18
3225 25 47 0 0 0.25
3226 38 33 0 0 0.38
3227 48 20 0 0 0.48
3228 42 30 0 0 0.42
3229 24 39 0 0 0.24
3230 22 52 0 0 0.22
3231 20 44 0 0 0.2
3232 31 36 0 0 0.31
3233 34 28 0 0 0.34
3234 33 31 0 0 0.33
3235 24 39 0 0 0.24
3236 30 36 0 0 0.3
3237 34 27 0 0 0.34
3238 39 26 0 0 0.39
3239 28 39 0 0 0.28
3240 23 44 0 0 0.23
3241 25 34 0 0 0.25
3242 38 24 0 0 0.38
3243 33 29 0 0 0.33
3244 25 33 0 0 0.25
3245 30 35 0 0 0.3
3246 34 31 0 0 0.34
3247 38 28 0 0 0.38
3248 29 27 0 0 0.29
3249 25 40 0 0 0.25
3250 24 28 0 0 0.24
3251 42 23 0 0 0.42
3252 41 21 0 0 0.41
3253 31 33 0 0 0.31
3254 18 45 0 0 0.18
3255 19 53 0 0 0.19
3256 24 32 0 0 0.24
3257 49 24 0 0 0.49
3258 51 18 0 0 0.51
3259 38 31 0 0 0.38
3260 28 44 0 0 0.28
3261 28 47 0 0 0.28
3262 32 35 0 0 0.32
3263 41 25 0 0 0.41
3264 45 23 0 0 0.45
3265 30 28 0 0 0.3
3266 22 45 0 0 0.22
3267 25 47 0 0 0.25
3268 43 22 0 0 0.43
3269 52 19 0 0 0.52
3270 40 30 0 0 0.4
3271 16 43 0 0 0.16
3272 18 51 0 0 0.18
3273 29 36 0 0 0.29
3274 37 21 0 0 0.37
3275 39 23 0 0 0.39
3276 27 24 0 0 0.27
3277 27 32 0 0 0.27
3278 30 27 0 0 0.3
3279 32 25 0 0 0.32
3280 31 29 0 0 0.31
3281 26 32 0 0 0.26
3282 32 29 0 0 0.32
3283 30 25 0 0 0.3
3284 29 30 0 0 0.29
3285 28 33 0 0 0.28
3286 33 28 0 0 0.33
3287 28 34 0 0 0.28
3288 31 28 0 0 0.31
3289 32 31 0 0 0.32
3290 25 32 0 0 0.25
3291 33 28 0 0 0.33
3292 35 22 0 0 0.35
3293 35 29 0 0 0.35
3294 33 29 0 0 0.33
3295 40 23 0 0 0.4
3296 36 22 0 0 0.36
3297 28 37 0 0 0.28
3298 21 40 0 0 0.21
3299 29 38 0 0 0.29
3300 36 26 0 0 0.36
3301 38 24 0 0 0.38
3302 38 31 0 0 0.38
3303 30 32 0 0 0.3
3304 24 38 0 0 0.24
3305 25 34 0 0 0.25
3306 41 23 0 0 0.41
3307 45 19 0 0 0.45
3308 36 26 0 0 0.36
3309 24 37 0 0 0.24
3310 27 33 0 0 0.27
3311 37 28 0 0 0.37
3312 41 27 0 0 0.41
3313 31 24 0 0 0.31
3314 32 38 0 0 0.32
3315 25 36 0 0 0.25
3316 31 32 0 0 0.31
3317 31 29 0 0 0.31
3318 34 28 0 0 0.34
3319 29 31 0 0 0.29
3320 31 30 0 0 0.31
3321 38 20 0 0 0.38
3322 44 22 0 0 0.44
3323 38 30 0 0 0.38
3324 35 34 0 0 0.35
3325 30 34 0 0 0.3
3326 33 41 0 0 0.33
3327 31 41 0 0 0.31
3328 35 33 0 0 0.35
3329 39 34 0 0 0.39
3330 37 28 0 0 0.37
3331 42 36 0 0 0.42
3332 35 31 0 0 0.35
3333 46 35 0 0 0.46
3334 46 24 0 0 0.46
3335 36 27 0 0 0.36
3336 29 38 0 0 0.29
3337 29 37 0 0 0.29
3338 36 29 0 0 0.36
3339 39 26 0 0 0.39
3340 41 36 0 0 0.41
3341 33 40 0 0 0.33
3342 21 53 0 0 0.21
3343 19 44 0 0 0.19
3344 36 38 0 0 0.36
3345 44 34 0 0 0.44
3346 40 34 0 0 0.4
3347 29 47 0 0 0.29
3348 18 61 0 0 0.18
3349 17 62 0 0 0.17
3350 31 49 0 0 0.31
3351 40 32 0 0 0.4
3352 45 23 0 0 0.45
3353 35 34 0 0 0.35
3354 27 44 0 0 0.27
3355 27 45 0 0 0.27
3356 36 29 0 0 0.36
3357 40 30 0 0 0.4
3358 34 34 0 0 0.34
3359 24 35 0 0 0.24
3360 32 30 0 0 0.32
3361 33 28 0 0 0.33
3362 33 31 0 0 0.33
3363 27 36 0 0 0.27
3364 30 40 0 0 0.3
3365 29 32 0 0 0.29
3366 35 34 0 0 0.35
3367 33 33 0 0 0.33
3368 28 35 0 0 0.28
3369 23 38 0 0 0.23
3370 28 32 0 0 0.28
3371 37 29 0 0 0.37
3372 35 24 0 0 0.35
3373 34 34 0 0 0.34
3374 28 32 0 0 0.28
3375 30 33 0 0 0.3
3376 31 34 0 0 0.31
3377 27 32 0 0 0.27
3378 24 39 0 0 0.24
3379 28 28 0 0 0.28
3380 36 25 0 0 0.36
3381 41 29 0 0 0.41
3382 41 25 0 0 0.41
3383 39 24 0 0 0.39
3384 36 30 0 0 0.36
3385 30 38 0 0 0.3
3386 19 38 0 0 0.19
3387 31 40 0 0 0.31
3388 34 28 0 0 0.34
3389 44 28 0 0 0.44
3390 35 32 0 0 0.35
3391 37 36 0 0 0.37
3392 27 33 0 0 0.27
3393 33 37 0 0 0.33
3394 36 26 0 0 0.36
3395 40 27 0 0 0.4
3396 23 27 0 0 0.23
3397 30 44 0 0 0.3
3398 25 31 0 0 0.25
3399 35 28 0 0 0.35
3400 26 28 0 0 0.26
3401 29 36 0 0 0.29
3402 30 30 0 0 0.3
3403 28 31 0 0 0.28
3404 25 40 0 0 0.25
3405 21 42 0 0 0.21
3406 30 29 0 0 0.3
3407 38 22 0 0 0.38
3408 25 26 0 0 0.25
3409 21 44 0 0 0.21
3410 21 32 0 0 0.21
3411 37 32 0 0 0.37
3412 30 25 0 0 0.3
3413 32 37 0 0 0.32
3414 28 30 0 0 0.28
3415 29 34 0 0 0.29
3416 29 30 0 0 0.29
3417 30 36 0 0 0.3
3418 29 28 0 0 0.29
3419 31 37 0 0 0.31
3420 25 30 0 0 0.25
3421 36 28 0 0 0.36
3422 38 28 0 0 0.38
3423 28 34 0 0 0.28
3424 22 47 0 0 0.22
3425 21 36 0 0 0.21
3426 34 24 0 0 0.34
3427 40 23 0 0 0.4
3428 28 28 0 0 0.28
3429 25 44 0 0 0.25
3430 25 35 0 0 0.25
3431 40 27 0 0 0.4
3432 38 22 0 0 0.38
3433 37 31 0 0 0.37
3434 25 38 0 0 0.25
3435 27 37 0 0 0.27
3436 33 32 0 0 0.33
3437 41 17 0 0 0.41
3438 40 22 0 0 0.4
3439 28 28 0 0 0.28
3440 29 37 0 0 0.29
3441 29 23 0 0 0.29
3442 35 31 0 0 0.35
3443 25 31 0 0 0.25
3444 27 35 0 0 0.27
3445 24 34 0 0 0.24
3446 36 26 0 0 0.36
3447 43 18 0 0 0.43
3448 44 22 0 0 0.44
3449 28 28 0 0 0.28
3450 23 47 0 0 0.23
3451 26 38 0 0 0.26
3452 38 30 0 0 0.38
3453 42 29 0 0 0.42
3454 34 26 0 0 0.34
3455 27 45 0 0 0.27
3456 19 51 0 0 0.19
3457 27 51 0 0 0.27
3458 30 38 0 0 0.3
3459 39 34 0 0 0.39
3460 35 32 0 0 0.35
3461 32 37 0 0 0.32
3462 32 34 0 0 0.32
3463 36 35 0 0 0.36
3464 39 35 0 0 0.39
3465 33 31 0 0 0.33
3466 38 28 0 0 0.38
3467 39 28 0 0 0.39
3468 37 24 0 0 0.37
3469 24 33 0 0 0.24
3470 26 44 0 0 0.26
3471 27 34 0 0 0.27
3472 50 22 0 0 0.5
3473 44 18 0 0 0.44
3474 36 33 0 0 0.36
3475 23 35 0 0 0.23
3476 27 41 0 0 0.27
3477 30 33 0 0 0.3
3478 38 26 0 0 0.38
3479 42 29 0 0 0.42
3480 31 27 0 0 0.31
3481 33 39 0 0 0.33
3482 27 33 0 0 0.27
3483 35 33 0 0 0.35
3484 38 26 0 0 0.38
3485 36 30 0 0 0.36
3486 31 29 0 0 0.31
3487 28 35 0 0 0.28
3488 33 30 0 0 0.33
3489 36 26 0 0 0.36
3490 26 30 0 0 0.26
3491 24 45 0 0 0.24
3492 23 37 0 0 0.23
3493 41 31 0 0 0.41
3494 37 24 0 0 0.37
3495 37 36 0 0 0.37
3496 37 34 0 0 0.37
3497 41 22 0 0 0.41
3498 39 23 0 0 0.39
3499 32 33 0 0 0.32
3500 27 43 0 0 0.27
3501 31 30 0 0 0.31
3502 42 25 0 0 0.42
3503 39 30 0 0 0.39
3504 30 37 0 0 0.3
3505 29 33 0 0 0.29
3506 39 35 0 0 0.39
3507 33 30 0 0 0.33
3508 38 37 0 0 0.38
3509 36 32 0 0 0.36
3510 30 35 0 0 0.3
3511 30 42 0 0 0.3
3512 31 32 0 0 0.31
3513 41 25 0 0 0.41
3514 30 28 0 0 0.3
3515 31 36 0 0 0.31
3516 23 34 0 0 0.23
3517 31 41 0 0 0.31
3518 28 29 0 0 0.28
3519 36 31 0 0 0.36
3520 26 32 0 0 0.26
3521 31 36 0 0 0.31
3522 31 28 0 0 0.31
3523 38 23 0 0 0.38
3524 39 23 0 0 0.39
3525 34 29 0 0 0.34
3526 22 31 0 0 0.22
3527 31 40 0 0 0.31
3528 26 34 0 0 0.26
3529 26 31 0 0 0.26
3530 39 34 0 0 0.39
3531 33 29 0 0 0.33
3532 34 31 0 0 0.34
3533 33 29 0 0 0.33
3534 36 30 0 0 0.36
3535 42 25 0 0 0.42
3536 35 28 0 0 0.35
3537 26 32 0 0 0.26
3538 23 44 0 0 0.23
3539 22 40 0 0 0.22
3540 29 42 0 0 0.29
3541 32 31 0 0 0.32
3542 42 32 0 0 0.42
3543 40 28 0 0 0.4
3544 37 33 0 0 0.37
3545 32 30 0 0 0.32
3546 28 38 0 0 0.28
3547 24 42 0 0 0.24
3548 28 31 0 0 0.28
3549 43 21 0 0 0.43
3550 38 27 0 0 0.38
3551 26 35 0 0 0.26
3552 27 41 0 0 0.27
3553 36 29 0 0 0.36
3554 39 24 0 0 0.39
3555 47 27 0 0 0.47
3556 40 21 0 0 0.4
3557 35 33 0 0 0.35
3558 23 46 0 0 0.23
3559 24 44 0 0 0.24
3560 35 29 0 0 0.35
3561 49 19 0 0 0.49
3562 33 23 0 0 0.33
3563 30 37 0 0 0.3
3564 26 33 0 0 0.26
3565 49 24 0 0 0.49
3566 50 22 0 0 0.5
3567 41 27 0 0 0.41
3568 30 31 0 0 0.3
3569 31 39 0 0 0.31
3570 30 38 0 0 0.3
3571 33 30 0 0 0.33
3572 37 33 0 0 0.37
3573 43 34 0 0 0.43
3574 40 33 0 0 0.4
3575 35 29 0 0 0.35
3576 35 31 0 0 0.35
3577 34 33 0 0 0.34
3578 32 38 0 0 0.32
3579 28 46 0 0 0.28
3580 33 44 0 0 0.33
3581 44 28 0 0 0.44
3582 47 20 0 0 0.47
3583 35 25 0 0 0.35
3584 20 47 0 0 0.2
3585 20 49 0 0 0.2
3586 27 29 0 0 0.27
3587 56 21 0 0 0.56
3588 55 16 0 0 0.55
3589 38 24 0 0 0.38
3590 26 46 0 0 0.26
3591 28 46 0 0 0.28
3592 36 29 0 0 0.36
3593 46 30 0 0 0.46
3594 36 31 0 0 0.36
3595 29 39 0 0 0.29
3596 30 38 0 0 0.3
3597 34 32 0 0 0.34
3598 36 32 0 0 0.36
3599 29 32 0 0 0.29
3600 33 30 0 0 0.33
3601 36 24 0 0 0.36
3602 44 22 0 0 0.44
3603 33 28 0 0 0.33
3604 24 38 0 0 0.24
3605 26 37 0 0 0.26
3606 35 27 0 0 0.35
3607 43 17 0 0 0.43
3608 43 21 0 0 0.43
3609 30 30 0 0 0.3
3610 24 41 0 0 0.24
3611 28 39 0 0 0.28
3612 31 31 0 0 0.31
3613 38 26 0 0 0.38
3614 35 24 0 0 0.35
3615 33 31 0 0 0.33
3616 22 37 0 0 0.22
3617 21 37 0 0 0.21
3618 39 28 0 0 0.39
3619 42 16 0 0 0.42
3620 44 23 0 0 0.44
3621 24 34 0 0 0.24
3622 19 56 0 0 0.19
3623 19 55 0 0 0.19
3624 23 48 0 0 0.23
3625 31 41 0 0 0.31
3626 38 35 0 0 0.38
3627 48 32 0 0 0.48
3628 51 25 0 0 0.51
3629 46 21 0 0 0.46
3630 36 28 0 0 0.36
3631 23 48 0 0 0.23
3632 18 48 0 0 0.18
3633 31 41 0 0 0.31
3634 35 29 0 0 0.35
3635 39 29 0 0 0.39
3636 31 34 0 0 0.31
3637 29 35 0 0 0.29
3638 25 32 0 0 0.25
3639 36 31 0 0 0.36
3640 24 26 0 0 0.24
3641 32 27 0 0 0.32
3642 35 24 0 0 0.35
3643 38 31 0 0 0.38
3644 24 32 0 0 0.24
3645 29 41 0 0 0.29
3646 35 39 0 0 0.35
3647 36 37 0 0 0.36
3648 39 33 0 0 0.39
3649 38 35 0 0 0.38
3650 29 33 0 0 0.29
3651 33 40 0 0 0.33
3652 44 37 0 0 0.44
3653 47 26 0 0 0.47
3654 48 31 0 0 0.48
3655 39 27 0 0 0.39
3656 35 34 0 0 0.35
3657 28 29 0 0 0.28
3658 33 28 0 0 0.33
3659 40 22 0 0 0.4
3660 33 30 0 0 0.33
3661 31 38 0 0 0.31
3662 28 41 0 0 0.28
3663 35 43 0 0 0.35
3664 36 27 0 0 0.36
3665 53 20 0 0 0.53
3666 54 18 0 0 0.54
3667 47 26 0 0 0.47
3668 32 35 0 0 0.32
3669 36 45 0 0 0.36
3670 31 27 0 0 0.31
3671 34 34 0 0 0.34
3672 31 35 0 0 0.31
3673 28 38 0 0 0.28
3674 34 33 0 0 0.34
3675 45 29 0 0 0.45
3676 43 27 0 0 0.43
3677 32 35 0 0 0.32
3678 28 48 0 0 0.28
3679 35 43 0 0 0.35
3680 45 24 0 0 0.45
3681 59 23 0 0 0.59
3682 43 31 0 0 0.43
3683 32 49 0 0 0.32
3684 24 54 0 0 0.24
3685 22 48 0 0 0.22
3686 34 39 0 0 0.34
3687 42 31 0 0 0.42
3688 48 27 0 0 0.48
3689 34 26 0 0 0.34
3690 32 36 0 0 0.32
3691 25 46 0 0 0.25
3692 26 43 0 0 0.26
3693 31 43 0 0 0.31
3694 27 33 0 0 0.27
3695 35 34 0 0 0.35
3696 36 29 0 0 0.36
3697 38 26 0 0 0.38
3698 31 29 0 0 0.31
3699 24 33 0 0 0.24
3700 33 34 0 0 0.33
3701 35 24 0 0 0.35
3702 34 33 0 0 0.34
3703 24 31 0 0 0.24
3704 27 39 0 0 0.27
3705 31 28 0 0 0.31
3706 37 32 0 0 0.37
3707 30 34 0 0 0.3
3708 27 47 0 0 0.27
3709 23 45 0 0 0.23
3710 26 33 0 0 0.26
3711 44 24 0 0 0.44
3712 44 18 0 0 0.44
3713 28 35 0 0 0.28
3714 16 45 0 0 0.16
3715 23 39 0 0 0.23
3716 36 25 0 0 0.36
3717 41 26 0 0 0.41
3718 34 30 0 0 0.34
3719 24 33 0 0 0.24
3720 26 33 0 0 0.26
3721 32 30 0 0 0.32
3722 34 29 0 0 0.34
3723 34 29 0 0 0.34
3724 37 32 0 0 0.37
3725 31 30 0 0 0.31
3726 33 32 0 0 0.33
3727 35 33 0 0 0.35
3728 24 27 0 0 0.24
3729 26 40 0 0 0.26
3730 20 36 0 0 0.2
3731 34 28 0 0 0.34
3732 35 27 0 0 0.35
3733 21 38 0 0 0.21
3734 17 43 0 0 0.17
3735 24 35 0 0 0.24
3736 32 30 0 0 0.32
3737 32 33 0 0 0.32
3738 31 33 0 0 0.31
3739 33 37 0 0 0.33
3740 30 38 0 0 0.3
3741 22 34 0 0 0.22
3742 31 41 0 0 0.31
3743 35 34 0 0 0.35
3744 37 25 0 0 0.37
3745 43 27 0 0 0.43
3746 31 39 0 0 0.31
3747 24 46 0 0 0.24
3748 27 35 0 0 0.27
3749 39 27 0 0 0.39
3750 39 23 0 0 0.39
3751 37 30 0 0 0.37
3752 32 29 0 0 0.32
3753 37 33 0 0 0.37
3754 36 24 0 0 0.36
3755 34 34 0 0 0.34
3756 26 35 0 0 0.26
3757 30 29 0 0 0.3
3758 40 25 0 0 0.4
3759 48 18 0 0 0.48
3760 35 22 0 0 0.35
3761 20 36 0 0 0.2
3762 22 43 0 0 0.22
3763 25 38 0 0 0.25
3764 36 33 0 0 0.36
3765 35 26 0 0 0.35
3766 39 32 0 0 0.39
3767 26 32 0 0 0.26
3768 31 33 0 0 0.31
3769 29 20 0 0 0.29
3770 35 30 0 0 0.35
3771 25 29 0 0 0.25
3772 30 39 0 0 0.3
3773 31 30 0 0 0.31
3774 32 36 0 0 0.32
3775 28 32 0 0 0.28
3776 29 35 0 0 0.29
3777 33 33 0 0 0.33
3778 36 25 0 0 0.36
3779 33 37 0 0 0.33
3780 22 38 0 0 0.22
3781 30 40 0 0 0.3
3782 28 32 0 0 0.28
3783 40 33 0 0 0.4
3784 36 31 0 0 0.36
3785 33 40 0 0 0.33
3786 24 37 0 0 0.24
3787 36 35 0 0 0.36
3788 43 27 0 0 0.43
3789 43 30 0 0 0.43
3790 37 30 0 0 0.37
3791 28 30 0 0 0.28
3792 37 36 0 0 0.37
3793 37 29 0 0 0.37
3794 44 25 0 0 0.44
3795 37 28 0 0 0.37
3796 29 34 0 0 0.29
3797 29 32 0 0 0.29
3798 35 26 0 0 0.35
3799 31 29 0 0 0.31
3800 22 36 0 0 0.22
3801 21 42 0 0 0.21
3802 38 28 0 0 0.38
3803 42 19 0 0 0.42
3804 34 30 0 0 0.34
3805 22 30 0 0 0.22
3806 31 31 0 0 0.31
3807 35 23 0 0 0.35
3808 35 30 0 0 0.35
3809 21 35 0 0 0.21
3810 27 36 0 0 0.27
3811 37 26 0 0 0.37
3812 42 19 0 0 0.42
3813 46 24 0 0 0.46
3814 32 28 0 0 0.32
3815 33 34 0 0 0.33
3816 26 37 0 0 0.26
3817 29 37 0 0 0.29
3818 39 27 0 0 0.39
3819 50 23 0 0 0.5
3820 31 27 0 0 0.31
3821 27 44 0 0 0.27
3822 20 51 0 0 0.2
3823 26 44 0 0 0.26
3824 35 35 0 0 0.35
3825 38 36 0 0 0.38
3826 35 39 0 0 0.35
3827 34 32 0 0 0.34
3828 36 33 0 0 0.36
3829 28 38 0 0 0.28
3830 29 39 0 0 0.29
3831 39 32 0 0 0.39
3832 47 25 0 0 0.47
3833 44 31 0 0 0.44
3834 39 36 0 0 0.39
3835 37 40 0 0 0.37
3836 30 41 0 0 0.3
3837 32 46 0 0 0.32
3838 36 36 0 0 0.36
3839 38 28 0 0 0.38
3840 43 25 0 0 0.43
3841 32 26 0 0 0.32
3842 34 37 0 0 0.34
3843 35 32 0 0 0.35
3844 41 20 0 0 0.41
3845 46 25 0 0 0.46
3846 41 24 0 0 0.41
3847 29 36 0 0 0.29
3848 22 45 0 0 0.22
3849 23 41 0 0 0.23
3850 34 30 0 0 0.34
3851 45 30 0 0 0.45
3852 27 29 0 0 0.27
3853 25 44 0 0 0.25
3854 21 39 0 0 0.21
3855 30 34 0 0 0.3
3856 38 19 0 0 0.38
3857 38 29 0 0 0.38
3858 27 32 0 0 0.27
3859 25 39 0 0 0.25
3860 27 28 0 0 0.27
3861 28 30 0 0 0.28
3862 27 33 0 0 0.27
3863 31 35 0 0 0.31
3864 37 33 0 0 0.37
3865 33 31 0 0 0.33
3866 37 31 0 0 0.37
3867 33 29 0 0 0.33
3868 35 29 0 0 0.35
3869 25 34 0 0 0.25
3870 28 30 0 0 0.28
3871 38 21 0 0 0.38
3872 44 19 0 0 0.44
3873 34 24 0 0 0.34
3874 25 42 0 0 0.25
3875 19 42 0 0 0.19
3876 33 26 0 0 0.33
3877 42 21 0 0 0.42
3878 37 19 0 0 0.37
3879 26 36 0 0 0.26
3880 18 40 0 0 0.18
3881 30 35 0 0 0.3
3882 42 24 0 0 0.42
3883 48 20 0 0 0.48
3884 38 22 0 0 0.38
3885 29 37 0 0 0.29
3886 22 40 0 0 0.22
3887 29 34 0 0 0.29
3888 32 26 0 0 0.32
3889 31 30 0 0 0.31
3890 28 35 0 0 0.28
3891 28 39 0 0 0.28
3892 33 31 0 0 0.33
3893 38 28 0 0 0.38
3894 39 23 0 0 0.39
3895 38 23 0 0 0.38
3896 30 29 0 0 0.3
3897 26 47 0 0 0.26
3898 20 37 0 0 0.2
3899 39 31 0 0 0.39
3900 41 14 0 0 0.41
3901 41 23 0 0 0.41
3902 19 31 0 0 0.19
3903 20 46 0 0 0.2
3904 23 35 0 0 0.23
3905 39 19 0 0 0.39
3906 44 18 0 0 0.44
3907 37 30 0 0 0.37
3908 30 25 0 0 0.3
3909 33 39 0 0 0.33
3910 15 36 0 0 0.15
3911 23 45 0 0 0.23
3912 30 23 0 0 0.3
3913 41 24 0 0 0.41
3914 30 20 0 0 0.3
3915 25 43 0 0 0.25
3916 22 42 0 0 0.22
3917 29 35 0 0 0.29
3918 44 23 0 0 0.44
3919 46 26 0 0 0.46
3920 34 31 0 0 0.34
3921 20 46 0 0 0.2
3922 22 39 0 0 0.22
3923 41 34 0 0 0.41
3924 43 16 0 0 0.43
3925 41 28 0 0 0.41
3926 29 32 0 0 0.29
3927 27 40 0 0 0.27
3928 29 31 0 0 0.29
3929 46 27 0 0 0.46
3930 40 24 0 0 0.4
3931 26 32 0 0 0.26
3932 20 47 0 0 0.2
3933 20 43 0 0 0.2
3934 35 32 0 0 0.35
3935 42 22 0 0 0.42
3936 43 27 0 0 0.43
3937 34 25 0 0 0.34
3938 29 30 0 0 0.29
3939 26 45 0 0 0.26
3940 23 41 0 0 0.23
3941 31 37 0 0 0.31
3942 32 20 0 0 0.32
3943 46 29 0 0 0.46
3944 34 30 0 0 0.34
3945 32 41 0 0 0.32
3946 25 42 0 0 0.25
3947 35 38 0 0 0.35
3948 44 28 0 0 0.44
3949 52 20 0 0 0.52
3950 48 28 0 0 0.48
3951 24 37 0 0 0.24
3952 17 66 0 0 0.17
3953 16 74 0 0 0.16
3954 18 66 0 0 0.18
3955 29 50 0 0 0.29
3956 46 30 0 0 0.46
3957 69 19 0 0 0.69
3958 76 15 0 0 0.76
3959 71 16 0 0 0.71
3960 52 26 0 0 0.52
3961 32 47 0 0 0.32
3962 28 56 0 0 0.28
3963 29 52 0 0 0.29
3964 34 46 0 0 0.34
3965 37 42 0 0 0.37
3966 39 45 0 0 0.39
3967 42 33 0 0 0.42
3968 52 32 0 0 0.52
3969 47 33 0 0 0.47
3970 41 41 0 0 0.41
3971 35 41 0 0 0.35
3972 32 37 0 0 0.32
3973 38 35 0 0 0.38
3974 43 29 0 0 0.43
3975 42 29 0 0 0.42
3976 44 26 0 0 0.44
3977 40 30 0 0 0.4
3978 36 39 0 0 0.36
3979 18 43 0 0 0.18
3980 27 44 0 0 0.27
3981 34 26 0 0 0.34
3982 42 27 0 0 0.42
3983 38 25 0 0 0.38
3984 36 24 0 0 0.36
3985 31 36 0 0 0.31
3986 20 39 0 0 0.2
3987 27 32 0 0 0.27
3988 39 25 0 0 0.39
3989 40 19 0 0 0.4
3990 32 26 0 0 0.32
3991 28 41 0 0 0.28
3992 28 25 0 0 0.28
3993 34 29 0 0 0.34
3994 27 32 0 0 0.27
3995 30 32 0 0 0.3
3996 34 36 0 0 0.34
3997 32 31 0 0 0.32
3998 37 31 0 0 0.37
3999 36 29 0 0 0.36
4000 40 35 0 0 0.4
4001 38 29 0 0 0.38
4002 40 32 0 0 0.4
4003 39 32 0 0 0.39
4004 38 31 0 0 0.38
4005 40 29 0 0 0.4
4006 37 30 0 0 0.37
4007 32 33 0 0 0.32
4008 28 32 0 0 0.28
4009 33 35 0 0 0.33
4010 40 28 0 0 0.4
4011 40 28 0 0 0.4
4012 40 31 0 0 0.4
4013 27 38 0 0 0.27
4014 29 42 0 0 0.29
4015 31 37 0 0 0.31
4016 35 28 0 0 0.35
4017 34 31 0 0 0.34
4018 30 40 0 0 0.3
4019 23 35 0 0 0.23
4020 28 34 0 0 0.28
4021 31 26 0 0 0.31
4022 36 31 0 0 0.36
4023 33 30 0 0 0.33
4024 35 38 0 0 0.35
4025 31 35 0 0 0.31
4026 34 43 0 0 0.34
4027 30 27 0 0 0.3
4028 43 31 0 0 0.43
4029 44 20 0 0 0.44
4030 45 21 0 0 0.45
4031 34 31 0 0 0.34
4032 28 42 0 0 0.28
4033 29 45 0 0 0.29
4034 33 35 0 0 0.33
4035 40 38 0 0 0.4
4036 36 36 0 0 0.36
4037 34 32 0 0 0.34
4038 39 31 0 0 0.39
4039 35 31 0 0 0.35
4040 33 33 0 0 0.33
4041 26 46 0 0 0.26
4042 25 42 0 0 0.25
4043 33 29 0 0 0.33
4044 44 20 0 0 0.44
4045 40 28 0 0 0.4
4046 25 40 0 0 0.25
4047 24 44 0 0 0.24
4048 33 33 0 0 0.33
4049 41 28 0 0 0.41
4050 46 37 0 0 0.46
4051 38 28 0 0 0.38
4052 38 37 0 0 0.38
4053 23 34 0 0 0.23
4054 30 42 0 0 0.3
4055 26 38 0 0 0.26
4056 37 28 0 0 0.37
4057 46 20 0 0 0.46
4058 47 20 0 0 0.47
4059 29 33 0 0 0.29
4060 14 45 0 0 0.14
4061 22 47 0 0 0.22
4062 35 32 0 0 0.35
4063 39 29 0 0 0.39
4064 37 34 0 0 0.37
4065 22 38 0 0 0.22
4066 25 43 0 0 0.25
4067 33 32 0 0 0.33
4068 44 29 0 0 0.44
4069 35 27 0 0 0.35
4070 38 34 0 0 0.38
4071 32 34 0 0 0.32
4072 27 43 0 0 0.27
4073 31 35 0 0 0.31
4074 42 30 0 0 0.42
4075 45 30 0 0 0.45
4076 32 32 0 0 0.32
4077 26 44 0 0 0.26
4078 21 41 0 0 0.21
4079 33 30 0 0 0.33
4080 45 22 0 0 0.45
4081 36 20 0 0 0.36
4082 24 41 0 0 0.24
4083 17 40 0 0 0.17
4084 29 35 0 0 0.29
4085 37 23 0 0 0.37
4086 35 22 0 0 0.35
4087 24 35 0 0 0.24
4088 16 37 0 0 0.16
4089 30 22 0 0 0.3
4090 48 21 0 0 0.48
4091 26 22 0 0 0.26
4092 27 42 0 0 0.27
4093 20 30 0 0 0.2
4094 40 33 0 0 0.4
4095 30 23 0 0 0.3
4096 27 41 0 0 0.27
4097 17 43 0 0 0.17
4098 26 36 0 0 0.26
4099 39 21 0 0 0.39
4100 37 24 0 0 0.37
4101 27 32 0 0 0.27
4102 24 34 0 0 0.24
4103 32 29 0 0 0.32
4104 36 29 0 0 0.36
4105 36 25 0 0 0.36
4106 39 33 0 0 0.39
4107 27 32 0 0 0.27
4108 21 35 0 0 0.21
4109 34 33 0 0 0.34
4110 30 21 0 0 0.3
4111 38 31 0 0 0.38
4112 28 28 0 0 0.28
4113 31 37 0 0 0.31
4114 28 38 0 0 0.28
4115 30 34 0 0 0.3
4116 42 25 0 0 0.42
4117 39 21 0 0 0.39
4118 35 39 0 0 0.35
4119 18 39 0 0 0.18
4120 24 43 0 0 0.24
4121 24 30 0 0 0.24
4122 31 27 0 0 0.31
4123 29 26 0 0 0.29
4124 31 30 0 0 0.31
4125 28 30 0 0 0.28
4126 32 27 0 0 0.32
4127 33 26 0 0 0.33
4128 24 34 0 0 0.24
4129 24 44 0 0 0.24
4130 31 32 0 0 0.31
4131 39 26 0 0 0.39
4132 32 25 0 0 0.32
4133 28 38 0 0 0.28
4134 26 43 0 0 0.26
4135 24 39 0 0 0.24
4136 28 34 0 0 0.28
4137 36 28 0 0 0.36
4138 33 29 0 0 0.33
4139 35 31 0 0 0.35
4140 34 42 0 0 0.34
4141 26 26 0 0 0.26
4142 38 34 0 0 0.38
4143 26 23 0 0 0.26
4144 37 31 0 0 0.37
4145 30 22 0 0 0.3
4146 39 29 0 0 0.39
4147 33 32 0 0 0.33
4148 35 37 0 0 0.35
4149 35 27 0 0 0.35
4150 43 26 0 0 0.43
4151 33 27 0 0 0.33
4152 33 31 0 0 0.33
4153 28 34 0 0 0.28
4154 29 36 0 0 0.29
4155 34 31 0 0 0.34
4156 37 29 0 0 0.37
4157 27 37 0 0 0.27
4158 24 30 0 0 0.24
4159 37 36 0 0 0.37
4160 40 21 0 0 0.4
4161 35 30 0 0 0.35
4162 31 36 0 0 0.31
4163 33 29 0 0 0.33
4164 40 20 0 0 0.4
4165 44 23 0 0 0.44
4166 29 30 0 0 0.29
4167 20 45 0 0 0.2
4168 21 43 0 0 0.21
4169 34 30 0 0 0.34
4170 39 19 0 0 0.39
4171 40 27 0 0 0.4
4172 26 33 0 0 0.26
4173 25 33 0 0 0.25
4174 35 30 0 0 0.35
4175 32 25 0 0 0.32
4176 28 37 0 0 0.28
4177 26 41 0 0 0.26
4178 29 35 0 0 0.29
4179 35 26 0 0 0.35
4180 43 28 0 0 0.43
4181 26 32 0 0 0.26
4182 33 31 0 0 0.33
4183 39 22 0 0 0.39
4184 37 28 0 0 0.37
4185 29 35 0 0 0.29
4186 28 38 0 0 0.28
4187 29 37 0 0 0.29
4188 28 34 0 0 0.28
4189 32 33 0 0 0.32
4190 28 32 0 0 0.28
4191 25 34 0 0 0.25
4192 29 27 0 0 0.29
4193 39 28 0 0 0.39
4194 32 25 0 0 0.32
4195 35 34 0 0 0.35
4196 26 33 0 0 0.26
4197 28 29 0 0 0.28
4198 37 29 0 0 0.37
4199 31 26 0 0 0.31
4200 30 36 0 0 0.3
4201 22 40 0 0 0.22
4202 29 41 0 0 0.29
4203 29 29 0 0 0.29
4204 40 28 0 0 0.4
4205 29 26 0 0 0.29
4206 28 41 0 0 0.28
4207 21 39 0 0 0.21
4208 30 33 0 0 0.3
4209 39 24 0 0 0.39
4210 32 21 0 0 0.32
4211 29 37 0 0 0.29
4212 29 21 0 0 0.29
4213 41 29 0 0 0.41
4214 32 23 0 0 0.32
4215 30 39 0 0 0.3
4216 24 35 0 0 0.24
4217 31 36 0 0 0.31
4218 36 23 0 0 0.36
4219 43 26 0 0 0.43
4220 25 36 0 0 0.25
4221 16 53 0 0 0.16
4222 18 47 0 0 0.18
4223 29 30 0 0 0.29
4224 48 19 0 0 0.48
4225 45 18 0 0 0.45
4226 38 33 0 0 0.38
4227 23 36 0 0 0.23
4228 24 48 0 0 0.24
4229 29 33 0 0 0.29
4230 41 27 0 0 0.41
4231 43 26 0 0 0.43
4232 47 36 0 0 0.47
4233 44 28 0 0 0.44
4234 48 28 0 0 0.48
4235 48 27 0 0 0.48
4236 40 26 0 0 0.4
4237 40 32 0 0 0.4
4238 32 33 0 0 0.32
4239 33 43 0 0 0.33
4240 28 33 0 0 0.28
4241 36 36 0 0 0.36
4242 33 27 0 0 0.33
4243 44 29 0 0 0.44
4244 30 22 0 0 0.3
4245 28 31 0 0 0.28
4246 25 30 0 0 0.25
4247 32 30 0 0 0.32
4248 34 22 0 0 0.34
4249 34 22 0 0 0.34
4250 24 35 0 0 0.24
4251 21 40 0 0 0.21
4252 21 32 0 0 0.21
4253 31 28 0 0 0.31
4254 28 25 0 0 0.28
4255 32 30 0 0 0.32
4256 25 31 0 0 0.25
4257 31 30 0 0 0.31
4258 30 27 0 0 0.3
4259 34 27 0 0 0.34
4260 30 28 0 0 0.3
4261 31 26 0 0 0.31
4262 37 26 0 0 0.37
4263 34 25 0 0 0.34
4264 32 33 0 0 0.32
4265 27 32 0 0 0.27
4266 29 30 0 0 0.29
4267 29 31 0 0 0.29
4268 22 38 0 0 0.22
4269 24 35 0 0 0.24
4270 40 36 0 0 0.4
4271 33 29 0 0 0.33
4272 31 41 0 0 0.31
4273 28 37 0 0 0.28
4274 34 28 0 0 0.34
4275 41 25 0 0 0.41
4276 32 39 0 0 0.32
4277 26 44 0 0 0.26
4278 26 41 0 0 0.26
4279 40 28 0 0 0.4
4280 42 26 0 0 0.42
4281 35 27 0 0 0.35
4282 26 36 0 0 0.26
4283 25 36 0 0 0.25
4284 33 30 0 0 0.33
4285 45 24 0 0 0.45
4286 40 20 0 0 0.4
4287 39 25 0 0 0.39
4288 32 25 0 0 0.32
4289 36 25 0 0 0.36
4290 30 27 0 0 0.3
4291 25 34 0 0 0.25
4292 25 41 0 0 0.25
4293 33 27 0 0 0.33
4294 42 24 0 0 0.42
4295 32 32 0 0 0.32
4296 27 47 0 0 0.27
4297 21 30 0 0 0.21
4298 43 27 0 0 0.43
4299 42 14 0 0 0.42
4300 40 31 0 0 0.4
4301 19 33 0 0 0.19
4302 27 44 0 0 0.27
4303 25 27 0 0 0.25
4304 43 29 0 0 0.43
4305 43 13 0 0 0.43
4306 38 27 0 0 0.38
4307 27 34 0 0 0.27
4308 22 41 0 0 0.22
4309 25 30 0 0 0.25
4310 33 34 0 0 0.33
4311 26 31 0 0 0.26
4312 24 38 0 0 0.24
4313 29 30 0 0 0.29
4314 32 29 0 0 0.32
4315 24 32 0 0 0.24
4316 21 50 0 0 0.21
4317 17 45 0 0 0.17
4318 32 35 0 0 0.32
4319 45 22 0 0 0.45
4320 39 24 0 0 0.39
4321 27 40 0 0 0.27
4322 20 55 0 0 0.2
4323 16 52 0 0 0.16
4324 29 31 0 0 0.29
4325 41 23 0 0 0.41
4326 35 25 0 0 0.35
4327 22 33 0 0 0.22
4328 26 34 0 0 0.26
4329 35 30 0 0 0.35
4330 36 25 0 0 0.36
4331 29 38 0 0 0.29
4332 23 43 0 0 0.23
4333 28 37 0 0 0.28
4334 41 28 0 0 0.41
4335 45 21 0 0 0.45
4336 36 25 0 0 0.36
4337 29 32 0 0 0.29
4338 31 34 0 0 0.31
4339 36 29 0 0 0.36
4340 40 30 0 0 0.4
4341 35 28 0 0 0.35
4342 35 34 0 0 0.35
4343 22 32 0 0 0.22
4344 35 36 0 0 0.35
4345 33 30 0 0 0.33
4346 39 26 0 0 0.39
4347 27 25 0 0 0.27
4348 31 33 0 0 0.31
4349 21 34 0 0 0.21
4350 33 30 0 0 0.33
4351 36 24 0 0 0.36
4352 41 27 0 0 0.41
4353 34 32 0 0 0.34
4354 35 35 0 0 0.35
4355 39 27 0 0 0.39
4356 38 26 0 0 0.38
4357 33 29 0 0 0.33
4358 33 31 0 0 0.33
4359 35 30 0 0 0.35
4360 38 21 0 0 0.38
4361 39 28 0 0 0.39
4362 24 34 0 0 0.24
4363 22 37 0 0 0.22
4364 34 23 0 0 0.34
4365 45 20 0 0 0.45
4366 29 28 0 0 0.29
4367 25 38 0 0 0.25
4368 28 29 0 0 0.28
4369 37 23 0 0 0.37
4370 28 30 0 0 0.28
4371 20 41 0 0 0.2
4372 24 37 0 0 0.24
4373 38 22 0 0 0.38
4374 46 24 0 0 0.46
4375 39 34 0 0 0.39
4376 23 39 0 0 0.23
4377 24 45 0 0 0.24
4378 25 36 0 0 0.25
4379 33 33 0 0 0.33
4380 37 32 0 0 0.37
4381 26 32 0 0 0.26
4382 26 36 0 0 0.26
4383 31 28 0 0 0.31
4384 32 29 0 0 0.32
4385 38 28 0 0 0.38
4386 37 27 0 0 0.37
4387 26 32 0 0 0.26
4388 20 43 0 0 0.2
4389 17 36 0 0 0.17
4390 39 22 0 0 0.39
4391 35 17 0 0 0.35
4392 29 27 0 0 0.29
4393 17 46 0 0 0.17
4394 18 38 0 0 0.18
4395 31 28 0 0 0.31
4396 42 17 0 0 0.42
4397 41 27 0 0 0.41
4398 26 35 0 0 0.26
4399 25 50 0 0 0.25
4400 27 46 0 0 0.27
4401 32 34 0 0 0.32
4402 41 32 0 0 0.41
4403 30 27 0 0 0.3
4404 34 36 0 0 0.34
4405 22 31 0 0 0.22
4406 29 33 0 0 0.29
4407 27 31 0 0 0.27
4408 33 30 0 0 0.33
4409 22 37 0 0 0.22
4410 23 42 0 0 0.23
4411 32 32 0 0 0.32
4412 35 30 0 0 0.35
4413 30 29 0 0 0.3
4414 36 33 0 0 0.36
4415 30 23 0 0 0.3
4416 36 30 0 0 0.36
4417 22 34 0 0 0.22
4418 25 41 0 0 0.25
4419 20 25 0 0 0.2
4420 50 21 0 0 0.5
4421 32 18 0 0 0.32
4422 26 38 0 0 0.26
4423 18 45 0 0 0.18
4424 27 43 0 0 0.27
4425 27 32 0 0 0.27
4426 39 33 0 0 0.39
4427 32 35 0 0 0.32
4428 35 32 0 0 0.35
4429 36 27 0 0 0.36
4430 40 28 0 0 0.4
4431 36 35 0 0 0.36
4432 27 42 0 0 0.27
4433 32 45 0 0 0.32
4434 35 35 0 0 0.35
4435 39 33 0 0 0.39
4436 42 28 0 0 0.42
4437 41 26 0 0 0.41
4438 39 29 0 0 0.39
4439 37 32 0 0 0.37
4440 33 42 0 0 0.33
4441 28 35 0 0 0.28
4442 36 35 0 0 0.36
4443 28 27 0 0 0.28
4444 36 38 0 0 0.36
4445 24 26 0 0 0.24
4446 24 43 0 0 0.24
4447 18 35 0 0 0.18
4448 37 31 0 0 0.37
4449 31 24 0 0 0.31
4450 27 37 0 0 0.27
4451 24 38 0 0 0.24
4452 37 33 0 0 0.37
4453 39 25 0 0 0.39
4454 37 32 0 0 0.37
4455 28 35 0 0 0.28
4456 32 38 0 0 0.32
4457 34 28 0 0 0.34
4458 46 24 0 0 0.46
4459 38 28 0 0 0.38
4460 25 35 0 0 0.25
4461 22 45 0 0 0.22
4462 25 30 0 0 0.25
4463 46 23 0 0 0.46
4464 45 17 0 0 0.45
4465 31 29 0 0 0.31
4466 27 41 0 0 0.27
4467 27 42 0 0 0.27
4468 30 36 0 0 0.3
4469 23 32 0 0 0.23
4470 28 42 0 0 0.28
4471 21 33 0 0 0.21
4472 40 30 0 0 0.4
4473 45 20 0 0 0.45
4474 40 25 0 0 0.4
4475 28 38 0 0 0.28
4476 22 49 0 0 0.22
4477 29 45 0 0 0.29
4478 29 25 0 0 0.29
4479 47 22 0 0 0.47
4480 47 20 0 0 0.47
4481 35 31 0 0 0.35
4482 32 40 0 0 0.32
4483 40 35 0 0 0.4
4484 48 24 0 0 0.48
4485 52 27 0 0 0.52
4486 50 34 0 0 0.5
4487 39 44 0 0 0.39
4488 34 48 0 0 0.34
4489 31 54 0 0 0.31
4490 31 50 0 0 0.31
4491 35 55 0 0 0.35
4492 32 47 0 0 0.32
4493 35 42 0 0 0.35
4494 40 37 0 0 0.4
4495 42 33 0 0 0.42
4496 45 32 0 0 0.45
4497 30 33 0 0 0.3
4498 21 46 0 0 0.21
4499 24 53 0 0 0.24
4500 27 40 0 0 0.27
4501 40 29 0 0 0.4
4502 45 23 0 0 0.45
4503 40 31 0 0 0.4
4504 25 39 0 0 0.25
4505 22 50 0 0 0.22
4506 32 37 0 0 0.32
4507 39 23 0 0 0.39
4508 40 23 0 0 0.4
4509 32 30 0 0 0.32
4510 28 38 0 0 0.28
4511 29 37 0 0 0.29
4512 35 28 0 0 0.35
4513 42 35 0 0 0.42
4514 27 32 0 0 0.27
4515 33 33 0 0 0.33
4516 36 28 0 0 0.36
4517 38 36 0 0 0.38
4518 31 33 0 0 0.31
4519 36 37 0 0 0.36
4520 28 33 0 0 0.28
4521 34 34 0 0 0.34
4522 38 22 0 0 0.38
4523 50 21 0 0 0.5
4524 33 21 0 0 0.33
4525 34 39 0 0 0.34
4526 26 34 0 0 0.26
4527 36 36 0 0 0.36
4528 32 34 0 0 0.32
4529 28 39 0 0 0.28
4530 32 30 0 0 0.32
4531 34 30 0 0 0.34
4532 33 33 0 0 0.33
4533 26 38 0 0 0.26
4534 27 48 0 0 0.27
4535 26 41 0 0 0.26
4536 36 30 0 0 0.36
4537 47 27 0 0 0.47
4538 36 31 0 0 0.36
4539 24 47 0 0 0.24
4540 21 43 0 0 0.21
4541 35 30 0 0 0.35
4542 49 27 0 0 0.49
4543 53 29 0 0 0.53
4544 44 31 0 0 0.44
4545 39 38 0 0 0.39
4546 30 45 0 0 0.3
4547 28 48 0 0 0.28
4548 28 42 0 0 0.28
4549 35 41 0 0 0.35
4550 39 32 0 0 0.39
4551 41 28 0 0 0.41
4552 32 31 0 0 0.32
4553 28 39 0 0 0.28
4554 29 36 0 0 0.29
4555 36 26 0 0 0.36
4556 33 30 0 0 0.33
4557 23 41 0 0 0.23
4558 19 47 0 0 0.19
4559 23 34 0 0 0.23
4560 44 30 0 0 0.44
4561 41 20 0 0 0.41
4562 39 29 0 0 0.39
4563 26 36 0 0 0.26
4564 21 49 0 0 0.21
4565 20 41 0 0 0.2
4566 33 34 0 0 0.33
4567 43 26 0 0 0.43
4568 37 29 0 0 0.37
4569 32 39 0 0 0.32
4570 27 40 0 0 0.27
4571 31 37 0 0 0.31
4572 42 31 0 0 0.42
4573 43 20 0 0 0.43
4574 37 30 0 0 0.37
4575 24 45 0 0 0.24
4576 15 53 0 0 0.15
4577 22 40 0 0 0.22
4578 37 22 0 0 0.37
4579 47 21 0 0 0.47
4580 24 34 0 0 0.24
4581 22 48 0 0 0.22
4582 32 40 0 0 0.32
4583 40 28 0 0 0.4
4584 44 31 0 0 0.44
4585 41 24 0 0 0.41
4586 40 29 0 0 0.4
4587 43 26 0 0 0.43
4588 36 25 0 0 0.36
4589 33 36 0 0 0.33
4590 30 32 0 0 0.3
4591 29 32 0 0 0.29
4592 26 30 0 0 0.26
4593 25 41 0 0 0.25
4594 22 37 0 0 0.22
4595 32 34 0 0 0.32
4596 33 24 0 0 0.33
4597 39 33 0 0 0.39
4598 20 38 0 0 0.2
4599 24 45 0 0 0.24
4600 26 36 0 0 0.26
4601 39 27 0 0 0.39
4602 39 23 0 0 0.39
4603 30 34 0 0 0.3
4604 17 45 0 0 0.17
4605 26 38 0 0 0.26
4606 32 25 0 0 0.32
4607 38 24 0 0 0.38
4608 28 28 0 0 0.28
4609 26 36 0 0 0.26
4610 30 37 0 0 0.3
4611 31 35 0 0 0.31
4612 33 34 0 0 0.33
4613 31 37 0 0 0.31
4614 31 42 0 0 0.31
4615 32 45 0 0 0.32
4616 35 39 0 0 0.35
4617 40 29 0 0 0.4
4618 42 28 0 0 0.42
4619 40 29 0 0 0.4
4620 36 31 0 0 0.36
4621 34 34 0 0 0.34
4622 32 40 0 0 0.32
4623 34 36 0 0 0.34
4624 35 27 0 0 0.35
4625 35 28 0 0 0.35
4626 29 35 0 0 0.29
4627 26 44 0 0 0.26
4628 19 40 0 0 0.19
4629 28 37 0 0 0.28
4630 35 28 0 0 0.35
4631 36 27 0 0 0.36
4632 32 33 0 0 0.32
4633 28 35 0 0 0.28
4634 25 44 0 0 0.25
4635 30 47 0 0 0.3
4636 33 27 0 0 0.33
4637 41 25 0 0 0.41
4638 40 29 0 0 0.4
4639 37 38 0 0 0.37
4640 27 34 0 0 0.27
4641 38 37 0 0 0.38
4642 42 23 0 0 0.42
4643 39 28 0 0 0.39
4644 26 49 0 0 0.26
4645 14 57 0 0 0.14
4646 22 46 0 0 0.22
4647 45 25 0 0 0.45
4648 68 17 0 0 0.68
4649 69 14 0 0 0.69
4650 54 20 0 0 0.54
4651 31 39 0 0 0.31
4652 16 59 0 0 0.16
4653 13 72 0 0 0.13
4654 14 60 0 0 0.14
4655 32 49 0 0 0.32
4656 44 25 0 0 0.44
4657 62 18 0 0 0.62
4658 73 12 0 0 0.73
4659 71 14 0 0 0.71
4660 45 25 0 0 0.45
4661 29 51 0 0 0.29
4662 21 67 0 0 0.21
4663 21 71 0 0 0.21
4664 23 69 0 0 0.23
4665 28 56 0 0 0.28
4666 44 42 0 0 0.44
4667 58 28 0 0 0.58
4668 73 21 0 0 0.73
4669 80 17 0 0 0.8
4670 82 14 0 0 0.82
4671 85 13 0 0 0.85
4672 87 13 0 0 0.87
4673 87 13 0 0 0.87
4674 87 13 0 0 0.87
4675 87 13 0 0 0.87
4676 87 13 0 0 0.87
4677 87 13 0 0 0.87
4678 87 13 0 0 0.87
4679 87 13 0 0 0.87
4680 87 13 0 0 0.87
4681 87 13 0 0 0.87
4682 87 13 0 0 0.87
