1 83 80 64 0.64 0.83
2 91 80 73 0.73 0.91
3 73 64 45 0.45 0.73
4 55 55 17 0.17 0.55
5 54 59 20 0.2 0.54
6 65 65 34 0.34 0.65
7 60 70 37 0.37 0.6
8 49 63 21 0.21 0.49
9 61 59 31 0.31 0.61
10 66 55 27 0.27 0.66
11 56 51 18 0.18 0.56
12 50 55 17 0.17 0.5
13 51 55 18 0.18 0.51
14 63 60 35 0.35 0.63
15 55 55 22 0.22 0.55
16 45 50 12 0.12 0.45
17 45 52 15 0.15 0.45
18 49 60 27 0.27 0.49
19 54 51 21 0.21 0.54
20 56 44 13 0.13 0.56
21 47 52 21 0.21 0.47
22 44 54 17 0.17 0.44
23 54 48 18 0.18 0.54
24 56 49 19 0.19 0.56
25 42 49 11 0.11 0.42
26 46 57 20 0.2 0.46
27 52 53 25 0.25 0.52
28 48 44 11 0.11 0.48
29 51 48 13 0.13 0.51
30 52 59 25 0.25 0.52
31 47 55 15 0.15 0.47
32 47 44 9 0.09 0.47
33 57 46 18 0.18 0.57
34 52 51 19 0.19 0.52
35 43 50 12 0.12 0.43
36 39 50 9 0.09 0.39
37 40 49 10 0.1 0.4
38 46 50 14 0.14 0.46
39 47 48 19 0.19 0.47
40 43 44 9 0.09 0.43
41 47 38 5 0.05 0.47
42 54 40 14 0.14 0.54
43 52 41 12 0.12 0.52
44 40 51 8 0.08 0.4
45 41 50 11 0.11 0.41
46 46 47 8 0.08 0.46
47 58 38 12 0.12 0.58
48 49 41 11 0.11 0.49
49 31 44 8 0.08 0.31
50 32 47 10 0.1 0.32
51 44 43 15 0.15 0.44
52 55 34 7 0.07 0.55
53 41 38 7 0.07 0.41
54 41 52 17 0.17 0.41
55 40 44 9 0.09 0.4
56 42 38 5 0.05 0.42
57 49 40 13 0.13 0.49
58 43 38 9 0.09 0.43
59 38 37 8 0.08 0.38
60 48 42 12 0.12 0.48
61 41 40 6 0.06 0.41
62 38 49 9 0.09 0.38
63 37 51 16 0.16 0.37
64 48 41 10 0.1 0.48
65 53 37 7 0.07 0.53
66 55 48 15 0.15 0.55
67 47 47 12 0.12 0.47
68 37 45 8 0.08 0.37
69 32 43 8 0.08 0.32
70 40 46 9 0.09 0.4
71 36 35 6 0.06 0.36
72 40 32 5 0.05 0.4
73 33 30 6 0.06 0.33
74 32 35 6 0.06 0.32
75 26 34 7 0.07 0.26
76 35 33 6 0.06 0.35
77 38 15 2 0.02 0.38
78 34 16 5 0.05 0.34
79 26 21 3 0.03 0.26
80 22 32 5 0.05 0.22
81 21 31 2 0.02 0.21
82 30 38 6 0.06 0.3
83 32 34 4 0.04 0.32
84 34 33 3 0.03 0.34
85 42 31 3 0.03 0.42
86 43 39 5 0.05 0.43
87 35 47 8 0.08 0.35
88 31 47 4 0.04 0.31
89 32 35 2 0.02 0.32
90 39 26 3 0.03 0.39
91 42 28 4 0.04 0.42
92 31 40 6 0.06 0.31
93 32 44 4 0.04 0.32
94 33 31 2 0.02 0.33
95 34 43 7 0.07 0.34
96 33 39 5 0.05 0.33
97 38 30 2 0.02 0.38
98 43 20 3 0.03 0.43
99 35 30 3 0.03 0.35
100 30 33 3 0.03 0.3
101 24 39 4 0.04 0.24
102 26 36 3 0.03 0.26
103 27 30 4 0.04 0.27
104 41 27 3 0.03 0.41
105 40 19 3 0.03 0.4
106 31 32 3 0.03 0.31
107 21 33 4 0.04 0.21
108 30 35 2 0.02 0.3
109 36 29 1 0.01 0.36
110 31 32 2 0.02 0.31
111 27 38 2 0.02 0.27
112 32 34 3 0.03 0.32
113 40 32 5 0.05 0.4
114 36 37 2 0.02 0.36
115 32 35 1 0.01 0.32
116 36 37 6 0.06 0.36
117 33 33 2 0.02 0.33
118 35 30 1 0.01 0.35
119 35 41 4 0.04 0.35
120 37 37 4 0.04 0.37
121 36 32 0 0 0.36
122 34 30 2 0.02 0.34
123 31 32 4 0.04 0.31
124 33 32 2 0.02 0.33
125 36 39 3 0.03 0.36
126 29 37 3 0.03 0.29
127 29 33 0 0 0.29
128 33 30 5 0.05 0.33
129 34 24 1 0.01 0.34
130 28 23 0 0 0.28
131 27 25 1 0.01 0.27
132 27 33 2 0.02 0.27
133 37 29 0 0 0.37
134 43 26 4 0.04 0.43
135 31 40 3 0.03 0.31
136 23 47 1 0.01 0.23
137 28 38 0 0 0.28
138 35 22 2 0.02 0.35
139 37 25 0 0 0.37
140 32 32 3 0.03 0.32
141 29 33 3 0.03 0.29
142 28 33 1 0.01 0.28
143 29 31 0 0 0.29
144 30 32 3 0.03 0.3
145 30 28 1 0.01 0.3
146 33 28 1 0.01 0.33
147 25 34 3 0.03 0.25
148 25 30 1 0.01 0.25
149 29 27 2 0.02 0.29
150 30 25 1 0.01 0.3
151 30 22 0 0 0.3
152 21 26 2 0.02 0.21
153 22 23 2 0.02 0.22
154 23 19 0 0 0.23
155 28 17 1 0.01 0.28
156 20 22 1 0.01 0.2
157 20 27 0 0 0.2
158 22 31 2 0.02 0.22
159 25 26 1 0.01 0.25
160 26 24 1 0.01 0.26
161 29 29 3 0.03 0.29
162 28 32 2 0.02 0.28
163 29 30 0 0 0.29
164 32 22 1 0.01 0.32
165 26 24 1 0.01 0.26
166 22 25 0 0 0.22
167 25 27 2 0.02 0.25
168 28 24 0 0 0.28
169 28 29 0 0 0.28
170 32 31 2 0.02 0.32
171 25 30 1 0.01 0.25
172 27 25 0 0 0.27
173 24 24 1 0.01 0.24
174 22 17 1 0.01 0.22
175 18 15 0 0 0.18
176 24 23 3 0.03 0.24
177 8 21 0 0 0.08
178 7 22 0 0 0.07
179 9 12 1 0.01 0.09
180 17 5 1 0.01 0.17
181 23 6 0 0 0.23
182 15 9 0 0 0.15
183 10 13 0 0 0.1
184 8 21 0 0 0.08
185 10 22 0 0 0.1
186 18 15 1 0.01 0.18
187 25 15 0 0 0.25
188 24 21 1 0.01 0.24
189 27 28 3 0.03 0.27
190 23 27 0 0 0.23
191 28 25 2 0.02 0.28
192 24 24 2 0.02 0.24
193 23 25 0 0 0.23
194 26 30 1 0.01 0.26
195 21 30 2 0.02 0.21
196 21 19 1 0.01 0.21
197 26 16 1 0.01 0.26
198 27 14 0 0 0.27
199 22 21 0 0 0.22
200 16 33 0 0 0.16
201 22 22 2 0.02 0.22
202 25 15 0 0 0.25
203 24 20 1 0.01 0.24
204 24 31 2 0.02 0.24
205 24 29 0 0 0.24
206 29 27 0 0 0.29
207 36 27 3 0.03 0.36
208 30 24 0 0 0.3
209 29 23 0 0 0.29
210 21 38 2 0.02 0.21
211 23 33 0 0 0.23
212 30 23 0 0 0.3
213 39 19 1 0.01 0.39
214 27 24 0 0 0.27
215 14 33 1 0.01 0.14
216 23 39 2 0.02 0.23
217 26 25 0 0 0.26
218 30 27 1 0.01 0.3
219 36 25 2 0.02 0.36
220 31 28 1 0.01 0.31
221 26 35 2 0.02 0.26
222 26 33 0 0 0.26
223 27 33 1 0.01 0.27
224 31 26 0 0 0.31
225 28 29 0 0 0.28
226 30 29 1 0.01 0.3
227 24 25 1 0.01 0.24
228 27 20 1 0.01 0.27
229 22 17 0 0 0.22
230 18 25 0 0 0.18
231 24 28 0 0 0.24
232 32 24 2 0.02 0.32
233 37 24 0 0 0.37
234 22 28 1 0.01 0.22
235 19 34 1 0.01 0.19
236 27 34 1 0.01 0.27
237 31 20 0 0 0.31
238 29 19 3 0.03 0.29
239 24 24 1 0.01 0.24
240 19 20 0 0 0.19
241 25 27 1 0.01 0.25
242 28 25 1 0.01 0.28
243 24 24 0 0 0.24
244 28 25 2 0.02 0.28
245 24 22 0 0 0.24
246 23 24 0 0 0.23
247 20 26 1 0.01 0.2
248 19 23 1 0.01 0.19
249 23 18 0 0 0.23
250 25 22 0 0 0.25
251 20 27 3 0.03 0.2
252 20 25 0 0 0.2
253 24 25 0 0 0.24
254 29 22 0 0 0.29
255 21 19 0 0 0.21
256 24 21 1 0.01 0.24
257 22 21 1 0.01 0.22
258 13 25 1 0.01 0.13
259 11 25 0 0 0.11
260 20 17 1 0.01 0.2
261 37 16 0 0 0.37
262 24 15 0 0 0.24
263 18 23 1 0.01 0.18
264 22 29 2 0.02 0.22
265 20 23 1 0.01 0.2
266 26 20 1 0.01 0.26
267 26 21 1 0.01 0.26
268 16 27 0 0 0.16
269 18 28 0 0 0.18
270 30 17 1 0.01 0.3
271 35 20 0 0 0.35
272 26 28 2 0.02 0.26
273 20 34 1 0.01 0.2
274 26 34 0 0 0.26
275 36 19 1 0.01 0.36
276 39 18 0 0 0.39
277 26 22 2 0.02 0.26
278 18 30 1 0.01 0.18
279 18 30 2 0.02 0.18
280 22 23 1 0.01 0.22
281 31 16 1 0.01 0.31
282 30 19 0 0 0.3
283 19 22 0 0 0.19
284 18 30 0 0 0.18
285 20 27 2 0.02 0.2
286 23 22 1 0.01 0.23
287 24 23 1 0.01 0.24
288 27 27 0 0 0.27
289 22 24 1 0.01 0.22
290 19 20 1 0.01 0.19
291 24 18 1 0.01 0.24
292 27 26 0 0 0.27
293 23 30 1 0.01 0.23
294 24 28 1 0.01 0.24
295 24 30 1 0.01 0.24
296 27 20 1 0.01 0.27
297 31 26 1 0.01 0.31
298 33 26 0 0 0.33
299 24 23 0 0 0.24
300 19 28 0 0 0.19
301 28 22 0 0 0.28
302 31 22 0 0 0.31
303 21 23 2 0.02 0.21
304 20 26 0 0 0.2
305 28 21 1 0.01 0.28
306 29 21 1 0.01 0.29
307 21 14 0 0 0.21
308 20 24 0 0 0.2
309 18 24 2 0.02 0.18
310 20 23 0 0 0.2
311 20 26 0 0 0.2
312 25 21 1 0.01 0.25
313 20 31 0 0 0.2
314 23 35 1 0.01 0.23
315 23 27 1 0.01 0.23
316 30 22 0 0 0.3
317 31 23 1 0.01 0.31
318 25 30 0 0 0.25
319 27 31 1 0.01 0.27
320 30 24 1 0.01 0.3
321 28 27 1 0.01 0.28
322 30 28 2 0.02 0.3
323 33 29 1 0.01 0.33
324 31 32 1 0.01 0.31
325 34 30 2 0.02 0.34
326 33 26 0 0 0.33
327 19 29 0 0 0.19
328 19 34 1 0.01 0.19
329 21 23 1 0.01 0.21
330 21 22 0 0 0.21
331 22 18 1 0.01 0.22
332 24 19 1 0.01 0.24
333 26 17 0 0 0.26
334 20 24 2 0.02 0.2
335 13 34 0 0 0.13
336 20 25 0 0 0.2
337 28 18 2 0.02 0.28
338 29 18 0 0 0.29
339 20 27 0 0 0.2
340 19 28 0 0 0.19
341 34 25 0 0 0.34
342 31 22 2 0.02 0.31
343 26 33 1 0.01 0.26
344 19 33 0 0 0.19
345 22 28 0 0 0.22
346 25 19 0 0 0.25
347 32 22 0 0 0.32
348 25 25 3 0.03 0.25
349 23 31 0 0 0.23
350 27 27 0 0 0.27
351 32 24 3 0.03 0.32
352 30 26 0 0 0.3
353 26 33 0 0 0.26
354 29 28 4 0.04 0.29
355 29 22 0 0 0.29
356 29 25 0 0 0.29
357 32 27 1 0.01 0.32
358 30 23 0 0 0.3
359 27 31 0 0 0.27
360 21 33 1 0.01 0.21
361 18 27 0 0 0.18
362 18 28 1 0.01 0.18
363 22 23 1 0.01 0.22
364 26 17 0 0 0.26
365 24 14 0 0 0.24
366 18 22 1 0.01 0.18
367 15 20 0 0 0.15
368 15 17 1 0.01 0.15
369 18 11 2 0.02 0.18
370 19 9 0 0 0.19
371 14 19 1 0.01 0.14
372 18 25 0 0 0.18
373 16 19 0 0 0.16
374 21 14 0 0 0.21
375 19 20 0 0 0.19
376 20 25 0 0 0.2
377 19 18 2 0.02 0.19
378 20 13 0 0 0.2
379 17 13 0 0 0.17
380 14 14 0 0 0.14
381 11 15 1 0.01 0.11
382 10 15 0 0 0.1
383 15 17 1 0.01 0.15
384 14 15 0 0 0.14
385 17 14 0 0 0.17
386 18 17 2 0.02 0.18
387 18 20 0 0 0.18
388 21 21 0 0 0.21
389 24 29 0 0 0.24
390 24 24 2 0.02 0.24
391 23 26 0 0 0.23
392 24 27 1 0.01 0.24
393 31 23 0 0 0.31
394 25 25 0 0 0.25
395 28 27 2 0.02 0.28
396 27 25 0 0 0.27
397 25 28 0 0 0.25
398 23 25 2 0.02 0.23
399 15 16 1 0.01 0.15
400 17 16 0 0 0.17
401 19 21 0 0 0.19
402 18 19 0 0 0.18
403 22 20 0 0 0.22
404 26 22 1 0.01 0.26
405 24 27 1 0.01 0.24
406 22 29 0 0 0.22
407 26 28 0 0 0.26
408 28 22 1 0.01 0.28
409 28 21 0 0 0.28
410 21 23 1 0.01 0.21
411 20 25 1 0.01 0.2
412 19 26 0 0 0.19
413 21 21 1 0.01 0.21
414 24 20 0 0 0.24
415 11 15 0 0 0.11
416 17 22 0 0 0.17
417 16 19 1 0.01 0.16
418 17 13 0 0 0.17
419 23 9 0 0 0.23
420 22 13 0 0 0.22
421 11 14 0 0 0.11
422 16 14 0 0 0.16
423 12 14 0 0 0.12
424 16 20 0 0 0.16
425 12 21 0 0 0.12
426 14 25 0 0 0.14
427 23 20 0 0 0.23
428 26 20 1 0.01 0.26
429 23 17 0 0 0.23
430 21 22 1 0.01 0.21
431 15 21 1 0.01 0.15
432 13 21 0 0 0.13
433 14 17 1 0.01 0.14
434 23 20 1 0.01 0.23
435 30 15 0 0 0.3
436 27 18 0 0 0.27
437 25 29 0 0 0.25
438 23 31 2 0.02 0.23
439 23 34 0 0 0.23
440 29 27 0 0 0.29
441 36 25 1 0.01 0.36
442 26 21 0 0 0.26
443 21 24 1 0.01 0.21
444 24 31 2 0.02 0.24
445 30 29 1 0.01 0.3
446 35 34 1 0.01 0.35
447 36 34 0 0 0.36
448 36 32 1 0.01 0.36
449 37 31 2 0.02 0.37
450 34 38 1 0.01 0.34
451 27 29 1 0.01 0.27
452 24 34 1 0.01 0.24
453 27 19 1 0.01 0.27
454 35 22 1 0.01 0.35
455 33 28 2 0.02 0.33
456 32 33 2 0.02 0.32
457 27 32 0 0 0.27
458 23 33 0 0 0.23
459 25 31 2 0.02 0.25
460 30 29 1 0.01 0.3
461 27 23 0 0 0.27
462 25 28 2 0.02 0.25
463 23 26 0 0 0.23
464 26 26 0 0 0.26
465 28 30 1 0.01 0.28
466 28 26 2 0.02 0.28
467 30 25 0 0 0.3
468 25 23 1 0.01 0.25
469 31 32 2 0.02 0.31
470 33 35 1 0.01 0.33
471 33 36 1 0.01 0.33
472 34 31 1 0.01 0.34
473 34 26 1 0.01 0.34
474 30 30 1 0.01 0.3
475 32 34 2 0.02 0.32
476 28 35 1 0.01 0.28
477 26 29 1 0.01 0.26
478 28 26 0 0 0.28
479 28 25 1 0.01 0.28
480 26 22 0 0 0.26
481 18 31 3 0.03 0.18
482 21 22 1 0.01 0.21
483 20 21 0 0 0.2
484 28 20 0 0 0.28
485 26 16 0 0 0.26
486 26 22 0 0 0.26
487 22 29 3 0.03 0.22
488 22 35 1 0.01 0.22
489 29 23 0 0 0.29
490 38 26 0 0 0.38
491 36 31 0 0 0.36
492 27 34 0 0 0.27
493 28 40 0 0 0.28
494 32 34 2 0.02 0.32
495 40 26 2 0.02 0.4
496 37 32 1 0.01 0.37
497 25 36 1 0.01 0.25
498 23 35 1 0.01 0.23
499 30 25 0 0 0.3
500 33 23 0 0 0.33
501 34 27 1 0.01 0.34
502 30 28 0 0 0.3
503 24 30 2 0.02 0.24
504 20 31 0 0 0.2
505 23 25 0 0 0.23
506 31 19 3 0.03 0.31
507 27 25 0 0 0.27
508 25 23 0 0 0.25
509 20 32 1 0.01 0.2
510 23 30 1 0.01 0.23
511 29 23 1 0.01 0.29
512 36 22 2 0.02 0.36
513 26 27 0 0 0.26
514 21 33 0 0 0.21
515 31 34 3 0.03 0.31
516 39 29 0 0 0.39
517 31 34 1 0.01 0.31
518 29 43 2 0.02 0.29
519 32 32 1 0.01 0.32
520 38 22 0 0 0.38
521 29 22 2 0.02 0.29
522 21 36 0 0 0.21
523 22 34 0 0 0.22
524 27 26 1 0.01 0.27
525 29 20 0 0 0.29
526 25 22 0 0 0.25
527 30 25 0 0 0.3
528 22 28 0 0 0.22
529 29 27 1 0.01 0.29
530 32 24 1 0.01 0.32
531 22 32 1 0.01 0.22
532 19 31 0 0 0.19
533 29 24 1 0.01 0.29
534 34 13 2 0.02 0.34
535 24 15 0 0 0.24
536 17 28 1 0.01 0.17
537 11 43 0 0 0.11
538 22 27 0 0 0.22
539 42 15 2 0.02 0.42
540 39 21 0 0 0.39
541 20 25 1 0.01 0.2
542 13 29 2 0.02 0.13
543 20 25 0 0 0.2
544 27 21 1 0.01 0.27
545 25 22 1 0.01 0.25
546 23 24 1 0.01 0.23
547 23 21 1 0.01 0.23
548 24 25 2 0.02 0.24
549 22 22 0 0 0.22
550 24 33 0 0 0.24
551 32 35 3 0.03 0.32
552 35 31 0 0 0.35
553 35 30 1 0.01 0.35
554 35 34 2 0.02 0.35
555 27 33 0 0 0.27
556 27 28 0 0 0.27
557 31 26 1 0.01 0.31
558 29 29 2 0.02 0.29
559 28 24 1 0.01 0.28
560 22 28 2 0.02 0.22
561 18 23 0 0 0.18
562 20 13 0 0 0.2
563 17 15 2 0.02 0.17
564 19 19 0 0 0.19
565 18 25 0 0 0.18
566 19 23 1 0.01 0.19
567 20 23 1 0.01 0.2
568 20 19 0 0 0.2
569 23 9 0 0 0.23
570 25 13 3 0.03 0.25
571 21 16 1 0.01 0.21
572 14 32 1 0.01 0.14
573 20 38 0 0 0.2
574 24 19 0 0 0.24
575 33 12 1 0.01 0.33
576 24 19 0 0 0.24
577 15 26 2 0.02 0.15
578 18 28 0 0 0.18
579 23 25 0 0 0.23
580 23 24 0 0 0.23
581 25 21 0 0 0.25
582 30 19 1 0.01 0.3
583 25 21 1 0.01 0.25
584 24 24 0 0 0.24
585 16 25 0 0 0.16
586 17 13 0 0 0.17
587 13 11 0 0 0.13
588 7 13 0 0 0.07
589 14 14 0 0 0.14
590 12 13 0 0 0.12
591 13 22 0 0 0.13
592 23 14 0 0 0.23
593 28 13 0 0 0.28
594 24 18 1 0.01 0.24
595 24 23 2 0.02 0.24
596 17 35 0 0 0.17
597 25 28 1 0.01 0.25
598 29 26 2 0.02 0.29
599 33 26 0 0 0.33
600 41 32 1 0.01 0.41
601 29 36 3 0.03 0.29
602 23 38 0 0 0.23
603 22 30 1 0.01 0.22
604 33 22 1 0.01 0.33
605 30 24 1 0.01 0.3
606 30 23 0 0 0.3
607 26 32 3 0.03 0.26
608 25 30 1 0.01 0.25
609 23 32 0 0 0.23
610 28 29 1 0.01 0.28
611 34 26 1 0.01 0.34
612 38 22 0 0 0.38
613 29 28 3 0.03 0.29
614 18 37 1 0.01 0.18
615 17 36 0 0 0.17
616 25 17 1 0.01 0.25
617 37 17 1 0.01 0.37
618 26 20 0 0 0.26
619 20 35 3 0.03 0.2
620 25 29 1 0.01 0.25
621 32 24 0 0 0.32
622 28 31 0 0 0.28
623 28 30 2 0.02 0.28
624 27 29 0 0 0.27
625 24 32 0 0 0.24
626 26 28 3 0.03 0.26
627 26 20 0 0 0.26
628 29 19 0 0 0.29
629 28 20 2 0.02 0.28
630 22 27 0 0 0.22
631 23 34 0 0 0.23
632 27 28 1 0.01 0.27
633 25 26 0 0 0.25
634 26 24 0 0 0.26
635 20 27 2 0.02 0.2
636 20 25 0 0 0.2
637 25 25 0 0 0.25
638 31 26 0 0 0.31
639 28 28 0 0 0.28
640 23 30 1 0.01 0.23
641 24 27 2 0.02 0.24
642 19 23 0 0 0.19
643 28 21 1 0.01 0.28
644 27 20 0 0 0.27
645 30 26 0 0 0.3
646 29 25 2 0.02 0.29
647 24 25 2 0.02 0.24
648 20 28 0 0 0.2
649 18 24 1 0.01 0.18
650 15 14 1 0.01 0.15
651 13 16 0 0 0.13
652 24 12 1 0.01 0.24
653 24 15 1 0.01 0.24
654 22 27 1 0.01 0.22
655 19 33 2 0.02 0.19
656 23 26 1 0.01 0.23
657 33 23 1 0.01 0.33
658 35 29 2 0.02 0.35
659 25 35 0 0 0.25
660 32 30 1 0.01 0.32
661 34 29 2 0.02 0.34
662 33 29 0 0 0.33
663 30 28 1 0.01 0.3
664 23 29 2 0.02 0.23
665 21 35 2 0.02 0.21
666 27 27 1 0.01 0.27
667 35 17 1 0.01 0.35
668 28 23 2 0.02 0.28
669 24 23 0 0 0.24
670 17 27 0 0 0.17
671 15 25 1 0.01 0.15
672 17 21 0 0 0.17
673 29 17 0 0 0.29
674 22 18 2 0.02 0.22
675 18 17 0 0 0.18
676 22 20 2 0.02 0.22
677 25 25 1 0.01 0.25
678 23 29 0 0 0.23
679 23 24 0 0 0.23
680 25 26 1 0.01 0.25
681 24 33 0 0 0.24
682 44 28 1 0.01 0.44
683 36 17 1 0.01 0.36
684 28 23 0 0 0.28
685 13 33 0 0 0.13
686 13 30 0 0 0.13
687 15 17 1 0.01 0.15
688 23 11 1 0.01 0.23
689 26 7 0 0 0.26
690 20 14 1 0.01 0.2
691 9 19 0 0 0.09
692 10 28 0 0 0.1
693 15 24 0 0 0.15
694 20 18 0 0 0.2
695 23 11 0 0 0.23
696 21 12 0 0 0.21
697 22 11 0 0 0.22
698 14 14 1 0.01 0.14
699 17 23 0 0 0.17
700 11 29 2 0.02 0.11
701 14 19 0 0 0.14
702 20 12 0 0 0.2
703 26 15 2 0.02 0.26
704 27 18 1 0.01 0.27
705 16 25 0 0 0.16
706 13 30 1 0.01 0.13
707 12 23 1 0.01 0.12
708 22 16 0 0 0.22
709 31 13 1 0.01 0.31
710 25 17 1 0.01 0.25
711 15 24 0 0 0.15
712 13 27 0 0 0.13
713 22 19 1 0.01 0.22
714 21 12 1 0.01 0.21
715 23 16 0 0 0.23
716 27 16 1 0.01 0.27
717 16 18 1 0.01 0.16
718 10 24 0 0 0.1
719 13 23 0 0 0.13
720 18 21 1 0.01 0.18
721 29 19 0 0 0.29
722 27 24 0 0 0.27
723 22 33 2 0.02 0.22
724 21 31 1 0.01 0.21
725 23 27 1 0.01 0.23
726 33 19 3 0.03 0.33
727 31 24 1 0.01 0.31
728 26 26 1 0.01 0.26
729 25 36 1 0.01 0.25
730 21 28 0 0 0.21
731 26 23 1 0.01 0.26
732 26 20 3 0.03 0.26
733 22 28 0 0 0.22
734 30 26 1 0.01 0.3
735 32 19 2 0.02 0.32
736 30 24 1 0.01 0.3
737 23 21 0 0 0.23
738 16 21 1 0.01 0.16
739 12 24 0 0 0.12
740 13 17 0 0 0.13
741 17 13 0 0 0.17
742 20 13 0 0 0.2
743 18 21 0 0 0.18
744 11 24 0 0 0.11
745 15 16 0 0 0.15
746 18 10 1 0.01 0.18
747 20 10 0 0 0.2
748 24 19 1 0.01 0.24
749 16 20 1 0.01 0.16
750 16 25 0 0 0.16
751 23 27 0 0 0.23
752 27 27 2 0.02 0.27
753 35 23 1 0.01 0.35
754 29 31 0 0 0.29
755 29 33 1 0.01 0.29
756 31 29 1 0.01 0.31
757 34 29 0 0 0.34
758 29 32 2 0.02 0.29
759 26 30 1 0.01 0.26
760 29 30 1 0.01 0.29
761 30 23 1 0.01 0.3
762 29 22 1 0.01 0.29
763 24 30 0 0 0.24
764 27 32 0 0 0.27
765 28 23 1 0.01 0.28
766 30 21 1 0.01 0.3
767 24 24 0 0 0.24
768 17 28 0 0 0.17
769 23 24 0 0 0.23
770 29 22 0 0 0.29
771 30 28 3 0.03 0.3
772 34 32 1 0.01 0.34
773 29 33 0 0 0.29
774 27 37 1 0.01 0.27
775 30 27 1 0.01 0.3
776 35 25 1 0.01 0.35
777 32 29 2 0.02 0.32
778 28 39 0 0 0.28
779 30 35 2 0.02 0.3
780 41 30 1 0.01 0.41
781 34 29 0 0 0.34
782 31 27 1 0.01 0.31
783 30 30 2 0.02 0.3
784 29 27 1 0.01 0.29
785 22 22 0 0 0.22
786 21 21 0 0 0.21
787 29 21 1 0.01 0.29
788 26 32 0 0 0.26
789 21 32 0 0 0.21
790 22 26 0 0 0.22
791 25 19 0 0 0.25
792 26 23 1 0.01 0.26
793 24 28 2 0.02 0.24
794 26 26 0 0 0.26
795 21 30 0 0 0.21
796 25 30 1 0.01 0.25
797 32 21 0 0 0.32
798 29 23 2 0.02 0.29
799 21 25 1 0.01 0.21
800 29 24 0 0 0.29
801 25 25 1 0.01 0.25
802 26 26 1 0.01 0.26
803 25 28 0 0 0.25
804 26 23 1 0.01 0.26
805 29 23 1 0.01 0.29
806 24 28 1 0.01 0.24
807 27 32 1 0.01 0.27
808 25 28 0 0 0.25
809 27 30 1 0.01 0.27
810 29 31 2 0.02 0.29
811 27 29 0 0 0.27
812 25 23 1 0.01 0.25
813 22 26 1 0.01 0.22
814 22 18 0 0 0.22
815 22 17 0 0 0.22
816 25 23 1 0.01 0.25
817 19 22 0 0 0.19
818 18 28 0 0 0.18
819 18 19 0 0 0.18
820 26 15 0 0 0.26
821 19 11 0 0 0.19
822 21 21 0 0 0.21
823 18 21 0 0 0.18
824 18 28 0 0 0.18
825 19 28 1 0.01 0.19
826 24 19 0 0 0.24
827 22 20 0 0 0.22
828 30 16 1 0.01 0.3
829 30 19 1 0.01 0.3
830 20 26 0 0 0.2
831 17 36 1 0.01 0.17
832 27 22 1 0.01 0.27
833 33 21 1 0.01 0.33
834 30 24 3 0.03 0.3
835 23 29 1 0.01 0.23
836 17 37 1 0.01 0.17
837 18 27 2 0.02 0.18
838 24 18 1 0.01 0.24
839 33 21 1 0.01 0.33
840 30 20 1 0.01 0.3
841 22 28 1 0.01 0.22
842 24 26 0 0 0.24
843 18 25 0 0 0.18
844 19 22 2 0.02 0.19
845 18 26 0 0 0.18
846 21 22 0 0 0.21
847 24 16 0 0 0.24
848 36 12 1 0.01 0.36
849 30 21 0 0 0.3
850 7 33 1 0.01 0.07
851 5 26 0 0 0.05
852 6 14 0 0 0.06
853 8 5 0 0 0.08
854 14 2 0 0 0.14
855 18 2 0 0 0.18
856 14 4 0 0 0.14
857 11 8 0 0 0.11
858 9 16 0 0 0.09
859 9 17 0 0 0.09
860 10 19 0 0 0.1
861 12 16 0 0 0.12
862 19 16 0 0 0.19
863 22 16 0 0 0.22
864 20 17 1 0.01 0.2
865 21 20 1 0.01 0.21
866 17 25 0 0 0.17
867 17 22 1 0.01 0.17
868 27 23 1 0.01 0.27
869 31 23 1 0.01 0.31
870 27 31 1 0.01 0.27
871 23 38 0 0 0.23
872 28 34 1 0.01 0.28
873 36 27 0 0 0.36
874 33 23 0 0 0.33
875 27 24 1 0.01 0.27
876 25 33 1 0.01 0.25
877 23 26 1 0.01 0.23
878 21 33 0 0 0.21
879 34 23 2 0.02 0.34
880 36 23 0 0 0.36
881 26 26 1 0.01 0.26
882 20 28 1 0.01 0.2
883 21 27 1 0.01 0.21
884 29 23 1 0.01 0.29
885 29 23 1 0.01 0.29
886 26 22 0 0 0.26
887 24 30 1 0.01 0.24
888 26 29 1 0.01 0.26
889 32 27 0 0 0.32
890 30 29 1 0.01 0.3
891 27 32 1 0.01 0.27
892 23 30 0 0 0.23
893 30 27 1 0.01 0.3
894 34 24 1 0.01 0.34
895 28 22 0 0 0.28
896 20 24 1 0.01 0.2
897 16 26 1 0.01 0.16
898 16 23 0 0 0.16
899 20 20 0 0 0.2
900 31 15 0 0 0.31
901 29 24 1 0.01 0.29
902 17 26 0 0 0.17
903 15 28 0 0 0.15
904 20 25 2 0.02 0.2
905 15 17 0 0 0.15
906 17 15 0 0 0.17
907 17 11 0 0 0.17
908 12 10 0 0 0.12
909 12 9 0 0 0.12
910 13 11 0 0 0.13
911 10 15 0 0 0.1
912 12 19 0 0 0.12
913 11 19 0 0 0.11
914 21 18 0 0 0.21
915 19 15 0 0 0.19
916 13 21 0 0 0.13
917 12 10 0 0 0.12
918 20 14 0 0 0.2
919 11 17 1 0.01 0.11
920 17 16 0 0 0.17
921 17 15 0 0 0.17
922 10 15 0 0 0.1
923 13 14 0 0 0.13
924 13 11 0 0 0.13
925 12 15 0 0 0.12
926 18 13 0 0 0.18
927 14 11 0 0 0.14
928 15 17 0 0 0.15
929 21 14 0 0 0.21
930 20 20 0 0 0.2
931 16 23 1 0.01 0.16
932 19 26 2 0.02 0.19
933 23 20 1 0.01 0.23
934 21 21 0 0 0.21
935 22 22 1 0.01 0.22
936 30 28 0 0 0.3
937 28 34 1 0.01 0.28
938 25 37 2 0.02 0.25
939 23 33 0 0 0.23
940 38 23 2 0.02 0.38
941 38 22 1 0.01 0.38
942 24 29 0 0 0.24
943 23 32 1 0.01 0.23
944 26 33 1 0.01 0.26
945 37 22 0 0 0.37
946 35 24 1 0.01 0.35
947 28 33 1 0.01 0.28
948 25 36 0 0 0.25
949 24 32 2 0.02 0.24
950 32 27 1 0.01 0.32
951 27 33 1 0.01 0.27
952 23 32 1 0.01 0.23
953 24 25 1 0.01 0.24
954 21 19 0 0 0.21
955 21 16 1 0.01 0.21
956 20 18 0 0 0.2
957 15 26 0 0 0.15
958 16 28 1 0.01 0.16
959 24 15 1 0.01 0.24
960 36 12 1 0.01 0.36
961 20 18 1 0.01 0.2
962 12 28 0 0 0.12
963 15 32 1 0.01 0.15
964 25 20 0 0 0.25
965 29 13 1 0.01 0.29
966 24 22 1 0.01 0.24
967 17 31 0 0 0.17
968 18 28 1 0.01 0.18
969 23 19 0 0 0.23
970 25 14 1 0.01 0.25
971 22 17 0 0 0.22
972 21 19 1 0.01 0.21
973 17 23 1 0.01 0.17
974 19 28 0 0 0.19
975 21 28 3 0.03 0.21
976 32 19 0 0 0.32
977 34 18 0 0 0.34
978 31 19 2 0.02 0.31
979 20 26 1 0.01 0.2
980 15 31 0 0 0.15
981 15 27 0 0 0.15
982 28 16 0 0 0.28
983 24 15 0 0 0.24
984 17 18 0 0 0.17
985 18 25 1 0.01 0.18
986 10 23 1 0.01 0.1
987 8 22 0 0 0.08
988 14 15 0 0 0.14
989 21 11 0 0 0.21
990 19 15 0 0 0.19
991 26 10 1 0.01 0.26
992 17 11 0 0 0.17
993 11 17 0 0 0.11
994 11 17 0 0 0.11
995 16 15 0 0 0.16
996 9 19 0 0 0.09
997 13 20 0 0 0.13
998 20 10 0 0 0.2
999 24 11 0 0 0.24
1000 25 17 1 0.01 0.25
1001 13 31 0 0 0.13
1002 11 31 1 0.01 0.11
1003 15 21 0 0 0.15
1004 21 14 1 0.01 0.21
1005 23 12 0 0 0.23
1006 19 14 1 0.01 0.19
1007 17 22 1 0.01 0.17
1008 21 29 0 0 0.21
1009 26 25 0 0 0.26
1010 25 29 0 0 0.25
1011 22 27 0 0 0.22
1012 32 31 1 0.01 0.32
1013 32 26 1 0.01 0.32
1014 34 23 0 0 0.34
1015 21 22 0 0 0.21
1016 18 37 1 0.01 0.18
1017 20 22 0 0 0.2
1018 26 20 0 0 0.26
1019 28 17 2 0.02 0.28
1020 21 19 0 0 0.21
1021 18 18 0 0 0.18
1022 16 16 0 0 0.16
1023 9 16 1 0.01 0.09
1024 6 14 0 0 0.06
1025 11 10 0 0 0.11
1026 13 10 0 0 0.13
1027 13 11 1 0.01 0.13
1028 21 9 0 0 0.21
1029 23 11 1 0.01 0.23
1030 12 19 0 0 0.12
1031 9 21 0 0 0.09
1032 5 20 0 0 0.05
1033 10 21 0 0 0.1
1034 21 12 1 0.01 0.21
1035 30 9 1 0.01 0.3
1036 23 9 1 0.01 0.23
1037 13 13 2 0.02 0.13
1038 13 21 0 0 0.13
1039 9 26 0 0 0.09
1040 13 23 1 0.01 0.13
1041 27 17 0 0 0.27
1042 30 15 0 0 0.3
1043 23 21 1 0.01 0.23
1044 21 21 0 0 0.21
1045 16 21 0 0 0.16
1046 17 21 0 0 0.17
1047 17 20 1 0.01 0.17
1048 20 16 0 0 0.2
1049 22 15 0 0 0.22
1050 25 12 0 0 0.25
1051 19 12 0 0 0.19
1052 14 16 0 0 0.14
1053 11 21 0 0 0.11
1054 17 24 0 0 0.17
1055 21 21 0 0 0.21
1056 27 22 0 0 0.27
1057 28 27 0 0 0.28
1058 31 23 0 0 0.31
1059 23 24 2 0.02 0.23
1060 22 31 2 0.02 0.22
1061 21 24 0 0 0.21
1062 21 22 1 0.01 0.21
1063 21 24 1 0.01 0.21
1064 29 20 0 0 0.29
1065 28 20 1 0.01 0.28
1066 19 25 0 0 0.19
1067 15 25 0 0 0.15
1068 20 22 0 0 0.2
1069 22 29 1 0.01 0.22
1070 22 22 2 0.02 0.22
1071 17 17 0 0 0.17
1072 20 25 0 0 0.2
1073 37 16 0 0 0.37
1074 26 16 0 0 0.26
1075 13 16 0 0 0.13
1076 17 22 2 0.02 0.17
1077 20 23 0 0 0.2
1078 28 24 0 0 0.28
1079 26 26 3 0.03 0.26
1080 22 28 0 0 0.22
1081 22 25 0 0 0.22
1082 33 25 2 0.02 0.33
1083 29 28 0 0 0.29
1084 25 40 0 0 0.25
1085 30 39 4 0.04 0.3
1086 35 31 0 0 0.35
1087 30 27 0 0 0.3
1088 27 28 4 0.04 0.27
1089 26 30 0 0 0.26
1090 34 25 0 0 0.34
1091 36 31 4 0.04 0.36
1092 28 31 0 0 0.28
1093 28 32 0 0 0.28
1094 33 30 3 0.03 0.33
1095 28 29 0 0 0.28
1096 27 31 0 0 0.27
1097 28 31 3 0.03 0.28
1098 28 29 0 0 0.28
1099 34 25 0 0 0.34
1100 23 32 2 0.02 0.23
1101 20 40 0 0 0.2
1102 31 27 1 0.01 0.31
1103 43 26 2 0.02 0.43
1104 32 26 1 0.01 0.32
1105 23 31 0 0 0.23
1106 21 23 2 0.02 0.21
1107 28 16 0 0 0.28
1108 28 25 0 0 0.28
1109 25 23 1 0.01 0.25
1110 23 28 0 0 0.23
1111 26 27 0 0 0.26
1112 26 23 1 0.01 0.26
1113 30 29 0 0 0.3
1114 28 31 1 0.01 0.28
1115 23 21 1 0.01 0.23
1116 29 20 1 0.01 0.29
1117 29 18 0 0 0.29
1118 25 28 0 0 0.25
1119 18 27 0 0 0.18
1120 15 30 0 0 0.15
1121 13 28 0 0 0.13
1122 20 19 0 0 0.2
1123 27 11 0 0 0.27
1124 30 18 0 0 0.3
1125 21 21 0 0 0.21
1126 18 30 1 0.01 0.18
1127 19 24 1 0.01 0.19
1128 21 21 0 0 0.21
1129 27 13 2 0.02 0.27
1130 22 17 0 0 0.22
1131 24 22 0 0 0.24
1132 16 26 0 0 0.16
1133 20 24 2 0.02 0.2
1134 24 17 0 0 0.24
1135 31 21 2 0.02 0.31
1136 26 17 2 0.02 0.26
1137 24 24 0 0 0.24
1138 26 28 2 0.02 0.26
1139 31 35 0 0 0.31
1140 30 33 0 0 0.3
1141 35 32 2 0.02 0.35
1142 35 24 2 0.02 0.35
1143 33 28 0 0 0.33
1144 28 34 1 0.01 0.28
1145 30 28 1 0.01 0.3
1146 31 31 0 0 0.31
1147 29 37 1 0.01 0.29
1148 29 27 1 0.01 0.29
1149 32 21 0 0 0.32
1150 30 28 0 0 0.3
1151 32 30 2 0.02 0.32
1152 27 38 0 0 0.27
1153 25 35 1 0.01 0.25
1154 31 23 2 0.02 0.31
1155 30 22 0 0 0.3
1156 26 21 0 0 0.26
1157 31 21 0 0 0.31
1158 24 24 0 0 0.24
1159 20 23 0 0 0.2
1160 19 32 0 0 0.19
1161 29 24 1 0.01 0.29
1162 28 18 2 0.02 0.28
1163 27 15 1 0.01 0.27
1164 18 28 1 0.01 0.18
1165 19 36 1 0.01 0.19
1166 25 29 1 0.01 0.25
1167 41 19 3 0.03 0.41
1168 31 24 0 0 0.31
1169 23 29 0 0 0.23
1170 20 35 3 0.03 0.2
1171 29 29 1 0.01 0.29
1172 34 19 1 0.01 0.34
1173 35 21 1 0.01 0.35
1174 17 28 0 0 0.17
1175 14 32 0 0 0.14
1176 19 22 1 0.01 0.19
1177 22 12 0 0 0.22
1178 22 10 0 0 0.22
1179 14 18 0 0 0.14
1180 14 24 1 0.01 0.14
1181 19 22 0 0 0.19
1182 25 18 0 0 0.25
1183 31 21 0 0 0.31
1184 28 33 0 0 0.28
1185 23 32 1 0.01 0.23
1186 31 27 0 0 0.31
1187 30 29 1 0.01 0.3
1188 34 28 1 0.01 0.34
1189 24 28 0 0 0.24
1190 30 37 1 0.01 0.3
1191 36 29 0 0 0.36
1192 38 27 1 0.01 0.38
1193 28 36 2 0.02 0.28
1194 32 33 1 0.01 0.32
1195 35 25 0 0 0.35
1196 35 27 0 0 0.35
1197 24 33 2 0.02 0.24
1198 19 24 0 0 0.19
1199 22 25 2 0.02 0.22
1200 19 21 2 0.02 0.19
1201 25 21 0 0 0.25
1202 26 23 2 0.02 0.26
1203 23 32 1 0.01 0.23
1204 29 34 0 0 0.29
1205 36 22 1 0.01 0.36
1206 32 21 0 0 0.32
1207 21 27 0 0 0.21
1208 23 35 0 0 0.23
1209 29 27 0 0 0.29
1210 29 24 1 0.01 0.29
1211 29 26 1 0.01 0.29
1212 25 35 1 0.01 0.25
1213 28 31 0 0 0.28
1214 29 25 0 0 0.29
1215 31 28 1 0.01 0.31
1216 33 30 1 0.01 0.33
1217 31 33 1 0.01 0.31
1218 28 36 0 0 0.28
1219 29 31 1 0.01 0.29
1220 36 34 1 0.01 0.36
1221 33 27 1 0.01 0.33
1222 35 27 1 0.01 0.35
1223 34 31 2 0.02 0.34
1224 28 32 1 0.01 0.28
1225 30 32 1 0.01 0.3
1226 30 27 1 0.01 0.3
1227 26 27 0 0 0.26
1228 27 31 1 0.01 0.27
1229 31 28 0 0 0.31
1230 30 26 2 0.02 0.3
1231 30 30 1 0.01 0.3
1232 24 29 0 0 0.24
1233 32 28 1 0.01 0.32
1234 37 30 0 0 0.37
1235 30 32 0 0 0.3
1236 28 39 1 0.01 0.28
1237 31 33 1 0.01 0.31
1238 26 28 0 0 0.26
1239 34 25 0 0 0.34
1240 30 25 3 0.03 0.3
1241 30 27 0 0 0.3
1242 22 35 0 0 0.22
1243 21 30 3 0.03 0.21
1244 28 20 0 0 0.28
1245 27 22 0 0 0.27
1246 28 35 2 0.02 0.28
1247 21 31 1 0.01 0.21
1248 29 21 0 0 0.29
1249 32 22 1 0.01 0.32
1250 27 28 0 0 0.27
1251 26 29 0 0 0.26
1252 28 31 1 0.01 0.28
1253 26 32 0 0 0.26
1254 29 26 1 0.01 0.29
1255 35 24 2 0.02 0.35
1256 28 28 0 0 0.28
1257 24 26 0 0 0.24
1258 17 26 0 0 0.17
1259 13 23 0 0 0.13
1260 14 23 0 0 0.14
1261 20 19 0 0 0.2
1262 31 17 0 0 0.31
1263 28 20 0 0 0.28
1264 25 27 0 0 0.25
1265 22 31 2 0.02 0.22
1266 21 29 1 0.01 0.21
1267 25 24 0 0 0.25
1268 36 26 1 0.01 0.36
1269 34 28 1 0.01 0.34
1270 29 32 0 0 0.29
1271 29 31 3 0.03 0.29
1272 29 30 0 0 0.29
1273 34 25 0 0 0.34
1274 34 36 2 0.02 0.34
1275 30 34 1 0.01 0.3
1276 29 29 0 0 0.29
1277 26 27 3 0.03 0.26
1278 27 31 0 0 0.27
1279 26 32 0 0 0.26
1280 30 28 1 0.01 0.3
1281 30 26 0 0 0.3
1282 30 29 0 0 0.3
1283 34 30 2 0.02 0.34
1284 38 29 1 0.01 0.38
1285 29 31 0 0 0.29
1286 25 34 2 0.02 0.25
1287 24 31 1 0.01 0.24
1288 26 24 0 0 0.26
1289 33 22 1 0.01 0.33
1290 28 28 1 0.01 0.28
1291 26 27 0 0 0.26
1292 27 27 1 0.01 0.27
1293 28 27 1 0.01 0.28
1294 22 19 0 0 0.22
1295 22 23 2 0.02 0.22
1296 23 24 0 0 0.23
1297 25 22 0 0 0.25
1298 17 21 1 0.01 0.17
1299 17 18 0 0 0.17
1300 21 15 0 0 0.21
1301 27 16 0 0 0.27
1302 23 24 1 0.01 0.23
1303 13 37 0 0 0.13
1304 15 25 2 0.02 0.15
1305 20 16 1 0.01 0.2
1306 17 19 0 0 0.17
1307 22 15 1 0.01 0.22
1308 26 19 2 0.02 0.26
1309 25 22 0 0 0.25
1310 29 23 2 0.02 0.29
1311 30 32 0 0 0.3
1312 24 41 0 0 0.24
1313 34 34 1 0.01 0.34
1314 38 19 1 0.01 0.38
1315 31 15 1 0.01 0.31
1316 23 23 2 0.02 0.23
1317 15 34 1 0.01 0.15
1318 22 29 1 0.01 0.22
1319 28 23 1 0.01 0.28
1320 29 20 0 0 0.29
1321 23 34 0 0 0.23
1322 29 34 1 0.01 0.29
1323 30 22 2 0.02 0.3
1324 29 22 1 0.01 0.29
1325 25 27 1 0.01 0.25
1326 15 27 1 0.01 0.15
1327 22 24 1 0.01 0.22
1328 23 21 1 0.01 0.23
1329 28 22 3 0.03 0.28
1330 31 19 0 0 0.31
1331 24 26 1 0.01 0.24
1332 27 22 1 0.01 0.27
1333 21 24 1 0.01 0.21
1334 15 26 0 0 0.15
1335 22 23 2 0.02 0.22
1336 34 20 0 0 0.34
1337 31 23 0 0 0.31
1338 23 34 2 0.02 0.23
1339 27 29 1 0.01 0.27
1340 28 31 1 0.01 0.28
1341 26 35 2 0.02 0.26
1342 33 37 2 0.02 0.33
1343 32 33 0 0 0.32
1344 32 28 2 0.02 0.32
1345 31 29 1 0.01 0.31
1346 31 29 1 0.01 0.31
1347 34 27 1 0.01 0.34
1348 32 35 1 0.01 0.32
1349 25 34 1 0.01 0.25
1350 28 30 1 0.01 0.28
1351 32 16 0 0 0.32
1352 27 18 0 0 0.27
1353 21 24 1 0.01 0.21
1354 17 29 0 0 0.17
1355 16 22 0 0 0.16
1356 17 15 0 0 0.17
1357 23 12 1 0.01 0.23
1358 20 17 0 0 0.2
1359 12 20 0 0 0.12
1360 13 23 0 0 0.13
1361 19 19 0 0 0.19
1362 21 14 0 0 0.21
1363 30 15 1 0.01 0.3
1364 19 18 0 0 0.19
1365 19 24 0 0 0.19
1366 20 21 0 0 0.2
1367 16 29 0 0 0.16
1368 12 21 0 0 0.12
1369 27 13 0 0 0.27
1370 29 14 0 0 0.29
1371 25 24 0 0 0.25
1372 19 37 0 0 0.19
1373 23 33 2 0.02 0.23
1374 22 20 0 0 0.22
1375 30 19 0 0 0.3
1376 26 15 0 0 0.26
1377 13 15 0 0 0.13
1378 8 18 0 0 0.08
1379 7 22 1 0.01 0.07
1380 11 17 1 0.01 0.11
1381 16 10 0 0 0.16
1382 23 7 1 0.01 0.23
1383 23 7 0 0 0.23
1384 14 8 0 0 0.14
1385 9 17 0 0 0.09
1386 7 20 0 0 0.07
1387 8 25 0 0 0.08
1388 17 12 1 0.01 0.17
1389 23 7 0 0 0.23
1390 23 10 0 0 0.23
1391 24 12 1 0.01 0.24
1392 14 17 1 0.01 0.14
1393 12 22 1 0.01 0.12
1394 18 20 0 0 0.18
1395 28 22 0 0 0.28
1396 24 20 0 0 0.24
1397 22 20 0 0 0.22
1398 20 25 0 0 0.2
1399 22 27 2 0.02 0.22
1400 23 22 0 0 0.23
1401 29 24 0 0 0.29
1402 22 22 1 0.01 0.22
1403 21 24 0 0 0.21
1404 24 19 0 0 0.24
1405 19 25 4 0.04 0.19
1406 18 22 0 0 0.18
1407 17 17 0 0 0.17
1408 20 26 3 0.03 0.2
1409 20 19 0 0 0.2
1410 19 17 0 0 0.19
1411 24 16 0 0 0.24
1412 14 17 0 0 0.14
1413 17 24 1 0.01 0.17
1414 18 20 0 0 0.18
1415 24 15 1 0.01 0.24
1416 19 17 1 0.01 0.19
1417 24 18 1 0.01 0.24
1418 17 21 0 0 0.17
1419 15 22 1 0.01 0.15
1420 19 16 0 0 0.19
1421 16 12 0 0 0.16
1422 11 10 0 0 0.11
1423 14 16 0 0 0.14
1424 14 18 0 0 0.14
1425 16 18 2 0.02 0.16
1426 17 17 0 0 0.17
1427 23 19 1 0.01 0.23
1428 24 20 0 0 0.24
1429 28 18 2 0.02 0.28
1430 15 13 0 0 0.15
1431 16 19 0 0 0.16
1432 17 24 0 0 0.17
1433 19 29 0 0 0.19
1434 30 27 0 0 0.3
1435 36 25 2 0.02 0.36
1436 32 23 2 0.02 0.32
1437 28 35 0 0 0.28
1438 24 39 1 0.01 0.24
1439 26 25 1 0.01 0.26
1440 41 18 0 0 0.41
1441 35 24 2 0.02 0.35
1442 23 34 1 0.01 0.23
1443 14 33 0 0 0.14
1444 21 26 0 0 0.21
1445 30 18 1 0.01 0.3
1446 32 21 1 0.01 0.32
1447 24 31 1 0.01 0.24
1448 25 34 1 0.01 0.25
1449 23 21 0 0 0.23
1450 32 26 0 0 0.32
1451 29 27 3 0.03 0.29
1452 25 28 0 0 0.25
1453 30 27 1 0.01 0.3
1454 33 29 2 0.02 0.33
1455 26 28 0 0 0.26
1456 21 31 1 0.01 0.21
1457 19 29 1 0.01 0.19
1458 29 22 0 0 0.29
1459 36 21 0 0 0.36
1460 25 27 1 0.01 0.25
1461 24 38 1 0.01 0.24
1462 31 34 2 0.02 0.31
1463 33 28 1 0.01 0.33
1464 35 22 1 0.01 0.35
1465 25 25 1 0.01 0.25
1466 23 27 0 0 0.23
1467 22 35 0 0 0.22
1468 28 28 2 0.02 0.28
1469 31 22 1 0.01 0.31
1470 23 21 0 0 0.23
1471 20 25 1 0.01 0.2
1472 20 26 1 0.01 0.2
1473 27 23 0 0 0.27
1474 30 19 0 0 0.3
1475 25 27 1 0.01 0.25
1476 22 31 0 0 0.22
1477 18 23 0 0 0.18
1478 22 18 0 0 0.22
1479 23 20 0 0 0.23
1480 22 18 0 0 0.22
1481 15 21 1 0.01 0.15
1482 12 28 0 0 0.12
1483 15 27 0 0 0.15
1484 24 19 1 0.01 0.24
1485 32 18 1 0.01 0.32
1486 24 18 0 0 0.24
1487 25 22 1 0.01 0.25
1488 17 26 0 0 0.17
1489 18 24 0 0 0.18
1490 15 26 1 0.01 0.15
1491 22 20 1 0.01 0.22
1492 26 16 0 0 0.26
1493 28 18 0 0 0.28
1494 25 19 0 0 0.25
1495 19 31 2 0.02 0.19
1496 17 35 0 0 0.17
1497 33 25 0 0 0.33
1498 39 17 1 0.01 0.39
1499 35 20 1 0.01 0.35
1500 16 28 0 0 0.16
1501 14 34 0 0 0.14
1502 17 24 3 0.03 0.17
1503 22 16 0 0 0.22
1504 20 14 0 0 0.2
1505 27 15 0 0 0.27
1506 23 20 0 0 0.23
1507 25 28 0 0 0.25
1508 24 29 0 0 0.24
1509 21 25 2 0.02 0.21
1510 24 23 0 0 0.24
1511 27 26 0 0 0.27
1512 19 29 1 0.01 0.19
1513 19 28 0 0 0.19
1514 29 19 1 0.01 0.29
1515 31 21 2 0.02 0.31
1516 25 27 0 0 0.25
1517 26 32 0 0 0.26
1518 31 35 3 0.03 0.31
1519 32 27 1 0.01 0.32
1520 31 26 0 0 0.31
1521 29 27 0 0 0.29
1522 25 31 1 0.01 0.25
1523 23 34 1 0.01 0.23
1524 35 26 2 0.02 0.35
1525 33 26 1 0.01 0.33
1526 28 28 0 0 0.28
1527 30 25 1 0.01 0.3
1528 19 25 1 0.01 0.19
1529 12 31 1 0.01 0.12
1530 24 24 0 0 0.24
1531 39 14 2 0.02 0.39
1532 27 22 1 0.01 0.27
1533 15 28 1 0.01 0.15
1534 18 27 1 0.01 0.18
1535 19 27 0 0 0.19
1536 23 23 0 0 0.23
1537 29 15 1 0.01 0.29
1538 26 14 0 0 0.26
1539 13 24 1 0.01 0.13
1540 16 26 0 0 0.16
1541 19 23 0 0 0.19
1542 21 18 0 0 0.21
1543 21 20 1 0.01 0.21
1544 28 23 0 0 0.28
1545 31 22 0 0 0.31
1546 27 29 1 0.01 0.27
1547 26 31 1 0.01 0.26
1548 32 35 1 0.01 0.32
1549 30 32 1 0.01 0.3
1550 35 24 1 0.01 0.35
1551 29 27 0 0 0.29
1552 26 33 2 0.02 0.26
1553 25 31 0 0 0.25
1554 24 27 0 0 0.24
1555 24 24 0 0 0.24
1556 24 20 0 0 0.24
1557 20 16 0 0 0.2
1558 21 18 1 0.01 0.21
1559 24 23 1 0.01 0.24
1560 22 24 0 0 0.22
1561 24 23 1 0.01 0.24
1562 24 25 2 0.02 0.24
1563 27 21 0 0 0.27
1564 25 22 1 0.01 0.25
1565 28 26 2 0.02 0.28
1566 24 21 0 0 0.24
1567 27 27 2 0.02 0.27
1568 25 27 1 0.01 0.25
1569 28 27 0 0 0.28
1570 35 25 2 0.02 0.35
1571 35 28 1 0.01 0.35
1572 33 36 1 0.01 0.33
1573 28 43 2 0.02 0.28
1574 27 33 1 0.01 0.27
1575 29 22 1 0.01 0.29
1576 30 21 2 0.02 0.3
1577 31 26 1 0.01 0.31
1578 17 32 0 0 0.17
1579 17 31 0 0 0.17
1580 27 24 0 0 0.27
1581 31 21 1 0.01 0.31
1582 37 24 1 0.01 0.37
1583 22 29 0 0 0.22
1584 22 35 1 0.01 0.22
1585 25 26 1 0.01 0.25
1586 35 27 1 0.01 0.35
1587 33 27 1 0.01 0.33
1588 20 37 2 0.02 0.2
1589 17 42 1 0.01 0.17
1590 21 20 0 0 0.21
1591 29 10 0 0 0.29
1592 29 11 1 0.01 0.29
1593 16 12 0 0 0.16
1594 13 19 0 0 0.13
1595 12 24 1 0.01 0.12
1596 14 24 0 0 0.14
1597 16 24 0 0 0.16
1598 24 19 0 0 0.24
1599 21 14 0 0 0.21
1600 22 17 0 0 0.22
1601 19 20 1 0.01 0.19
1602 23 20 0 0 0.23
1603 22 25 1 0.01 0.22
1604 22 25 1 0.01 0.22
1605 22 23 1 0.01 0.22
1606 29 24 2 0.02 0.29
1607 24 19 1 0.01 0.24
1608 25 25 1 0.01 0.25
1609 20 29 0 0 0.2
1610 21 25 0 0 0.21
1611 22 24 0 0 0.22
1612 28 23 1 0.01 0.28
1613 20 19 0 0 0.2
1614 16 20 0 0 0.16
1615 16 27 1 0.01 0.16
1616 18 19 0 0 0.18
1617 23 18 1 0.01 0.23
1618 26 20 2 0.02 0.26
1619 25 18 0 0 0.25
1620 22 22 2 0.02 0.22
1621 16 28 1 0.01 0.16
1622 19 22 0 0 0.19
1623 30 18 2 0.02 0.3
1624 28 18 1 0.01 0.28
1625 28 20 0 0 0.28
1626 22 35 1 0.01 0.22
1627 20 37 0 0 0.2
1628 26 25 0 0 0.26
1629 31 27 3 0.03 0.31
1630 34 24 1 0.01 0.34
1631 30 25 0 0 0.3
1632 25 29 0 0 0.25
1633 25 36 2 0.02 0.25
1634 33 29 0 0 0.33
1635 35 22 2 0.02 0.35
1636 38 29 1 0.01 0.38
1637 23 34 0 0 0.23
1638 23 39 2 0.02 0.23
1639 26 27 0 0 0.26
1640 36 21 0 0 0.36
1641 32 17 2 0.02 0.32
1642 25 29 1 0.01 0.25
1643 21 40 0 0 0.21
1644 32 35 3 0.03 0.32
1645 38 26 1 0.01 0.38
1646 30 30 0 0 0.3
1647 28 35 2 0.02 0.28
1648 30 24 1 0.01 0.3
1649 35 26 0 0 0.35
1650 24 27 1 0.01 0.24
1651 24 35 0 0 0.24
1652 27 29 0 0 0.27
1653 32 25 1 0.01 0.32
1654 31 24 0 0 0.31
1655 31 25 1 0.01 0.31
1656 29 26 3 0.03 0.29
1657 25 28 0 0 0.25
1658 29 33 2 0.02 0.29
1659 28 26 3 0.03 0.28
1660 25 23 0 0 0.25
1661 30 25 0 0 0.3
1662 30 21 2 0.02 0.3
1663 28 24 0 0 0.28
1664 21 24 1 0.01 0.21
1665 24 28 1 0.01 0.24
1666 17 21 0 0 0.17
1667 26 19 0 0 0.26
1668 24 19 2 0.02 0.24
1669 20 33 0 0 0.2
1670 15 32 0 0 0.15
1671 29 23 2 0.02 0.29
1672 33 17 0 0 0.33
1673 27 24 0 0 0.27
1674 22 29 0 0 0.22
1675 25 30 0 0 0.25
1676 32 24 1 0.01 0.32
1677 30 26 0 0 0.3
1678 22 27 1 0.01 0.22
1679 24 30 2 0.02 0.24
1680 26 21 1 0.01 0.26
1681 27 18 0 0 0.27
1682 23 22 0 0 0.23
1683 16 27 0 0 0.16
1684 13 32 0 0 0.13
1685 20 24 0 0 0.2
1686 29 14 1 0.01 0.29
1687 25 18 1 0.01 0.25
1688 18 25 0 0 0.18
1689 23 23 2 0.02 0.23
1690 26 26 0 0 0.26
1691 25 23 0 0 0.25
1692 28 30 2 0.02 0.28
1693 16 24 0 0 0.16
1694 20 15 0 0 0.2
1695 31 14 2 0.02 0.31
1696 26 14 0 0 0.26
1697 17 17 0 0 0.17
1698 14 26 1 0.01 0.14
1699 18 22 0 0 0.18
1700 21 13 0 0 0.21
1701 27 16 2 0.02 0.27
1702 18 20 0 0 0.18
1703 20 26 0 0 0.2
1704 25 35 1 0.01 0.25
1705 27 30 1 0.01 0.27
1706 34 28 0 0 0.34
1707 32 23 1 0.01 0.32
1708 25 36 0 0 0.25
1709 21 27 0 0 0.21
1710 29 32 3 0.03 0.29
1711 25 27 0 0 0.25
1712 25 16 0 0 0.25
1713 27 21 2 0.02 0.27
1714 26 31 0 0 0.26
1715 24 32 0 0 0.24
1716 28 27 0 0 0.28
1717 35 21 1 0.01 0.35
1718 29 22 0 0 0.29
1719 24 25 0 0 0.24
1720 24 31 1 0.01 0.24
1721 14 33 0 0 0.14
1722 15 17 1 0.01 0.15
1723 21 11 0 0 0.21
1724 25 9 0 0 0.25
1725 22 14 1 0.01 0.22
1726 18 23 1 0.01 0.18
1727 11 30 0 0 0.11
1728 14 23 1 0.01 0.14
1729 23 13 1 0.01 0.23
1730 22 13 0 0 0.22
1731 25 15 0 0 0.25
1732 19 21 0 0 0.19
1733 13 33 0 0 0.13
1734 13 26 0 0 0.13
1735 15 13 0 0 0.15
1736 22 10 0 0 0.22
1737 23 11 1 0.01 0.23
1738 14 13 0 0 0.14
1739 16 14 0 0 0.16
1740 12 12 0 0 0.12
1741 12 12 1 0.01 0.12
1742 12 18 0 0 0.12
1743 14 23 0 0 0.14
1744 21 27 0 0 0.21
1745 30 22 0 0 0.3
1746 28 22 1 0.01 0.28
1747 25 27 0 0 0.25
1748 25 35 0 0 0.25
1749 29 27 1 0.01 0.29
1750 34 25 2 0.02 0.34
1751 34 25 1 0.01 0.34
1752 33 32 1 0.01 0.33
1753 25 34 0 0 0.25
1754 29 24 2 0.02 0.29
1755 31 30 0 0 0.31
1756 26 31 0 0 0.26
1757 25 33 2 0.02 0.25
1758 31 28 0 0 0.31
1759 36 24 1 0.01 0.36
1760 35 20 2 0.02 0.35
1761 19 25 1 0.01 0.19
1762 17 34 1 0.01 0.17
1763 18 37 1 0.01 0.18
1764 28 21 0 0 0.28
1765 37 17 0 0 0.37
1766 36 24 2 0.02 0.36
1767 22 35 1 0.01 0.22
1768 24 32 1 0.01 0.24
1769 25 30 0 0 0.25
1770 32 24 2 0.02 0.32
1771 33 29 1 0.01 0.33
1772 29 28 0 0 0.29
1773 25 27 1 0.01 0.25
1774 27 29 0 0 0.27
1775 32 29 2 0.02 0.32
1776 27 31 0 0 0.27
1777 28 26 0 0 0.28
1778 29 27 3 0.03 0.29
1779 29 26 1 0.01 0.29
1780 28 32 1 0.01 0.28
1781 31 33 1 0.01 0.31
1782 26 35 0 0 0.26
1783 27 29 1 0.01 0.27
1784 31 29 3 0.03 0.31
1785 36 26 0 0 0.36
1786 27 34 0 0 0.27
1787 27 34 2 0.02 0.27
1788 26 27 0 0 0.26
1789 27 18 0 0 0.27
1790 27 18 1 0.01 0.27
1791 23 22 1 0.01 0.23
1792 19 26 0 0 0.19
1793 23 30 2 0.02 0.23
1794 26 27 0 0 0.26
1795 25 29 1 0.01 0.25
1796 34 25 2 0.02 0.34
1797 37 25 1 0.01 0.37
1798 31 32 0 0 0.31
1799 23 35 1 0.01 0.23
1800 25 37 0 0 0.25
1801 31 27 0 0 0.31
1802 34 25 3 0.03 0.34
1803 28 26 0 0 0.28
1804 27 30 0 0 0.27
1805 35 34 1 0.01 0.35
1806 31 34 1 0.01 0.31
1807 31 24 0 0 0.31
1808 28 26 1 0.01 0.28
1809 26 32 1 0.01 0.26
1810 20 30 1 0.01 0.2
1811 23 28 3 0.03 0.23
1812 32 22 0 0 0.32
1813 35 19 1 0.01 0.35
1814 31 29 2 0.02 0.31
1815 21 36 0 0 0.21
1816 22 32 0 0 0.22
1817 32 20 1 0.01 0.32
1818 34 19 1 0.01 0.34
1819 22 31 1 0.01 0.22
1820 22 34 1 0.01 0.22
1821 26 28 1 0.01 0.26
1822 35 30 0 0 0.35
1823 32 30 1 0.01 0.32
1824 28 28 1 0.01 0.28
1825 21 22 0 0 0.21
1826 27 27 1 0.01 0.27
1827 27 27 0 0 0.27
1828 24 30 2 0.02 0.24
1829 27 33 0 0 0.27
1830 33 30 0 0 0.33
1831 38 29 1 0.01 0.38
1832 33 31 1 0.01 0.33
1833 26 38 0 0 0.26
1834 21 38 0 0 0.21
1835 22 27 1 0.01 0.22
1836 26 19 1 0.01 0.26
1837 34 19 0 0 0.34
1838 20 21 0 0 0.2
1839 19 28 1 0.01 0.19
1840 23 25 1 0.01 0.23
1841 29 25 1 0.01 0.29
1842 27 23 0 0 0.27
1843 33 22 1 0.01 0.33
1844 22 29 0 0 0.22
1845 18 28 1 0.01 0.18
1846 20 24 0 0 0.2
1847 27 16 0 0 0.27
1848 27 16 2 0.02 0.27
1849 17 27 0 0 0.17
1850 15 32 1 0.01 0.15
1851 22 26 0 0 0.22
1852 28 17 0 0 0.28
1853 27 20 0 0 0.27
1854 24 24 3 0.03 0.24
1855 20 26 1 0.01 0.2
1856 24 26 1 0.01 0.24
1857 29 22 2 0.02 0.29
1858 26 27 1 0.01 0.26
1859 24 30 1 0.01 0.24
1860 29 32 1 0.01 0.29
1861 36 31 3 0.03 0.36
1862 44 25 0 0 0.44
1863 28 34 1 0.01 0.28
1864 23 43 1 0.01 0.23
1865 34 27 0 0 0.34
1866 43 33 2 0.02 0.43
1867 36 33 2 0.02 0.36
1868 32 38 0 0 0.32
1869 31 37 2 0.02 0.31
1870 37 30 1 0.01 0.37
1871 32 25 0 0 0.32
1872 29 27 1 0.01 0.29
1873 30 31 0 0 0.3
1874 27 31 1 0.01 0.27
1875 32 32 0 0 0.32
1876 31 28 1 0.01 0.31
1877 21 20 0 0 0.21
1878 19 19 1 0.01 0.19
1879 22 19 0 0 0.22
1880 21 25 0 0 0.21
1881 27 25 1 0.01 0.27
1882 35 24 0 0 0.35
1883 25 31 2 0.02 0.25
1884 29 33 1 0.01 0.29
1885 29 28 0 0 0.29
1886 37 25 0 0 0.37
1887 32 28 1 0.01 0.32
1888 30 33 1 0.01 0.3
1889 28 33 2 0.02 0.28
1890 33 27 0 0 0.33
1891 35 20 1 0.01 0.35
1892 27 26 2 0.02 0.27
1893 15 40 2 0.02 0.15
1894 14 33 0 0 0.14
1895 26 18 0 0 0.26
1896 37 14 0 0 0.37
1897 30 28 0 0 0.3
1898 17 30 1 0.01 0.17
1899 18 28 0 0 0.18
1900 24 16 0 0 0.24
1901 28 24 1 0.01 0.28
1902 25 28 1 0.01 0.25
1903 21 31 0 0 0.21
1904 30 25 1 0.01 0.3
1905 38 19 2 0.02 0.38
1906 23 15 1 0.01 0.23
1907 10 20 1 0.01 0.1
1908 13 25 1 0.01 0.13
1909 14 21 0 0 0.14
1910 21 10 1 0.01 0.21
1911 25 11 1 0.01 0.25
1912 21 16 0 0 0.21
1913 9 28 0 0 0.09
1914 12 37 0 0 0.12
1915 17 17 0 0 0.17
1916 35 8 0 0 0.35
1917 28 8 0 0 0.28
1918 19 13 1 0.01 0.19
1919 7 22 0 0 0.07
1920 10 27 0 0 0.1
1921 12 20 0 0 0.12
1922 17 19 1 0.01 0.17
1923 30 15 0 0 0.3
1924 30 20 0 0 0.3
1925 21 33 1 0.01 0.21
1926 26 40 0 0 0.26
1927 38 35 2 0.02 0.38
1928 39 23 0 0 0.39
1929 28 25 1 0.01 0.28
1930 17 25 1 0.01 0.17
1931 20 24 0 0 0.2
1932 21 18 1 0.01 0.21
1933 30 26 3 0.03 0.3
1934 21 23 0 0 0.21
1935 24 33 0 0 0.24
1936 27 28 1 0.01 0.27
1937 39 31 1 0.01 0.39
1938 29 29 1 0.01 0.29
1939 18 38 1 0.01 0.18
1940 22 28 0 0 0.22
1941 23 22 0 0 0.23
1942 30 17 1 0.01 0.3
1943 32 17 1 0.01 0.32
1944 29 27 2 0.02 0.29
1945 23 34 1 0.01 0.23
1946 25 28 0 0 0.25
1947 22 25 1 0.01 0.22
1948 26 24 2 0.02 0.26
1949 28 22 1 0.01 0.28
1950 27 28 0 0 0.27
1951 28 29 1 0.01 0.28
1952 19 26 0 0 0.19
1953 21 27 0 0 0.21
1954 26 25 1 0.01 0.26
1955 33 21 2 0.02 0.33
1956 30 24 1 0.01 0.3
1957 27 33 1 0.01 0.27
1958 25 28 0 0 0.25
1959 26 27 0 0 0.26
1960 23 27 0 0 0.23
1961 21 26 1 0.01 0.21
1962 29 25 1 0.01 0.29
1963 35 26 1 0.01 0.35
1964 31 28 0 0 0.31
1965 25 40 2 0.02 0.25
1966 26 35 0 0 0.26
1967 29 26 1 0.01 0.29
1968 33 26 1 0.01 0.33
1969 27 30 0 0 0.27
1970 28 34 1 0.01 0.28
1971 27 25 2 0.02 0.27
1972 26 23 0 0 0.26
1973 33 21 0 0 0.33
1974 26 28 0 0 0.26
1975 27 32 1 0.01 0.27
1976 31 33 0 0 0.31
1977 37 31 1 0.01 0.37
1978 32 32 3 0.03 0.32
1979 25 33 1 0.01 0.25
1980 30 27 1 0.01 0.3
1981 31 27 3 0.03 0.31
1982 30 28 0 0 0.3
1983 31 34 0 0 0.31
1984 28 32 1 0.01 0.28
1985 33 28 1 0.01 0.33
1986 35 31 0 0 0.35
1987 28 32 1 0.01 0.28
1988 30 33 1 0.01 0.3
1989 30 26 0 0 0.3
1990 33 31 1 0.01 0.33
1991 30 25 0 0 0.3
1992 24 28 0 0 0.24
1993 25 30 1 0.01 0.25
1994 18 21 0 0 0.18
1995 29 18 0 0 0.29
1996 31 26 2 0.02 0.31
1997 17 26 1 0.01 0.17
1998 16 23 0 0 0.16
1999 21 24 0 0 0.21
2000 23 21 1 0.01 0.23
2001 23 22 0 0 0.23
2002 23 21 1 0.01 0.23
2003 22 24 1 0.01 0.22
2004 21 29 1 0.01 0.21
2005 23 25 0 0 0.23
2006 22 19 1 0.01 0.22
2007 24 21 1 0.01 0.24
2008 24 21 2 0.02 0.24
2009 28 23 1 0.01 0.28
2010 30 27 0 0 0.3
2011 24 30 1 0.01 0.24
2012 28 32 1 0.01 0.28
2013 29 28 1 0.01 0.29
2014 35 34 1 0.01 0.35
2015 39 35 1 0.01 0.39
2016 34 40 2 0.02 0.34
2017 33 33 1 0.01 0.33
2018 42 28 2 0.02 0.42
2019 32 22 1 0.01 0.32
2020 21 24 0 0 0.21
2021 18 35 0 0 0.18
2022 22 33 1 0.01 0.22
2023 30 24 0 0 0.3
2024 36 29 1 0.01 0.36
2025 33 27 1 0.01 0.33
2026 29 31 1 0.01 0.29
2027 23 28 0 0 0.23
2028 22 33 0 0 0.22
2029 29 29 3 0.03 0.29
2030 37 25 0 0 0.37
2031 33 22 0 0 0.33
2032 27 33 3 0.03 0.27
2033 19 35 0 0 0.19
2034 25 28 0 0 0.25
2035 30 25 1 0.01 0.3
2036 26 30 1 0.01 0.26
2037 26 29 1 0.01 0.26
2038 26 23 3 0.03 0.26
2039 31 17 2 0.02 0.31
2040 23 22 0 0 0.23
2041 18 26 1 0.01 0.18
2042 16 30 1 0.01 0.16
2043 21 26 0 0 0.21
2044 24 15 0 0 0.24
2045 25 15 1 0.01 0.25
2046 20 19 0 0 0.2
2047 16 26 1 0.01 0.16
2048 24 33 2 0.02 0.24
2049 29 22 0 0 0.29
2050 27 25 0 0 0.27
2051 22 27 2 0.02 0.22
2052 23 24 0 0 0.23
2053 31 23 0 0 0.31
2054 30 19 1 0.01 0.3
2055 26 27 2 0.02 0.26
2056 23 24 0 0 0.23
2057 19 27 0 0 0.19
2058 24 31 1 0.01 0.24
2059 26 20 0 0 0.26
2060 32 20 1 0.01 0.32
2061 27 22 1 0.01 0.27
2062 23 20 0 0 0.23
2063 19 28 0 0 0.19
2064 20 32 1 0.01 0.2
2065 23 27 1 0.01 0.23
2066 32 17 0 0 0.32
2067 30 17 1 0.01 0.3
2068 19 24 1 0.01 0.19
2069 15 31 0 0 0.15
2070 21 30 3 0.03 0.21
2071 22 22 0 0 0.22
2072 31 18 0 0 0.31
2073 28 20 1 0.01 0.28
2074 30 29 2 0.02 0.3
2075 22 29 0 0 0.22
2076 28 38 2 0.02 0.28
2077 34 28 1 0.01 0.34
2078 35 25 1 0.01 0.35
2079 34 33 2 0.02 0.34
2080 27 31 2 0.02 0.27
2081 30 24 0 0 0.3
2082 30 26 1 0.01 0.3
2083 27 29 1 0.01 0.27
2084 34 28 0 0 0.34
2085 37 27 2 0.02 0.37
2086 40 35 1 0.01 0.4
2087 30 41 1 0.01 0.3
2088 29 38 1 0.01 0.29
2089 39 26 2 0.02 0.39
2090 38 22 1 0.01 0.38
2091 33 26 1 0.01 0.33
2092 21 33 1 0.01 0.21
2093 18 37 0 0 0.18
2094 23 21 0 0 0.23
2095 31 18 2 0.02 0.31
2096 30 24 1 0.01 0.3
2097 22 34 0 0 0.22
2098 23 30 2 0.02 0.23
2099 27 20 0 0 0.27
2100 21 20 0 0 0.21
2101 23 22 2 0.02 0.23
2102 23 26 1 0.01 0.23
2103 27 29 0 0 0.27
2104 37 37 1 0.01 0.37
2105 38 30 2 0.02 0.38
2106 35 30 0 0 0.35
2107 31 30 2 0.02 0.31
2108 23 32 1 0.01 0.23
2109 25 25 0 0 0.25
2110 28 23 2 0.02 0.28
2111 30 23 1 0.01 0.3
2112 25 30 0 0 0.25
2113 31 37 2 0.02 0.31
2114 28 31 1 0.01 0.28
2115 35 23 1 0.01 0.35
2116 37 21 3 0.03 0.37
2117 18 30 0 0 0.18
2118 18 39 2 0.02 0.18
2119 28 28 2 0.02 0.28
2120 27 18 1 0.01 0.27
2121 26 20 1 0.01 0.26
2122 21 32 1 0.01 0.21
2123 21 32 1 0.01 0.21
2124 22 20 0 0 0.22
2125 24 20 1 0.01 0.24
2126 23 15 0 0 0.23
2127 18 19 0 0 0.18
2128 16 28 1 0.01 0.16
2129 16 19 0 0 0.16
2130 19 15 0 0 0.19
2131 23 14 0 0 0.23
2132 28 17 1 0.01 0.28
2133 18 32 0 0 0.18
2134 16 36 1 0.01 0.16
2135 27 21 1 0.01 0.27
2136 36 17 1 0.01 0.36
2137 27 18 0 0 0.27
2138 22 26 2 0.02 0.22
2139 18 26 0 0 0.18
2140 17 28 0 0 0.17
2141 29 28 1 0.01 0.29
2142 39 24 1 0.01 0.39
2143 33 27 1 0.01 0.33
2144 24 36 1 0.01 0.24
2145 28 37 1 0.01 0.28
2146 26 30 1 0.01 0.26
2147 31 29 2 0.02 0.31
2148 31 28 0 0 0.31
2149 25 19 0 0 0.25
2150 27 16 2 0.02 0.27
2151 19 22 0 0 0.19
2152 16 21 1 0.01 0.16
2153 18 24 1 0.01 0.18
2154 17 18 0 0 0.17
2155 24 21 2 0.02 0.24
2156 23 20 1 0.01 0.23
2157 27 19 0 0 0.27
2158 31 26 2 0.02 0.31
2159 22 30 0 0 0.22
2160 20 29 1 0.01 0.2
2161 19 23 1 0.01 0.19
2162 21 23 0 0 0.21
2163 17 19 0 0 0.17
2164 24 15 1 0.01 0.24
2165 25 15 2 0.02 0.25
2166 22 18 0 0 0.22
2167 21 31 2 0.02 0.21
2168 21 34 1 0.01 0.21
2169 26 30 1 0.01 0.26
2170 36 25 0 0 0.36
2171 33 26 2 0.02 0.33
2172 30 43 1 0.01 0.3
2173 30 38 1 0.01 0.3
2174 39 32 2 0.02 0.39
2175 37 29 0 0 0.37
2176 34 34 1 0.01 0.34
2177 30 37 1 0.01 0.3
2178 32 32 0 0 0.32
2179 31 30 1 0.01 0.31
2180 29 32 0 0 0.29
2181 28 35 1 0.01 0.28
2182 25 25 0 0 0.25
2183 24 25 2 0.02 0.24
2184 26 22 1 0.01 0.26
2185 28 26 0 0 0.28
2186 34 23 1 0.01 0.34
2187 25 28 1 0.01 0.25
2188 22 32 0 0 0.22
2189 27 28 2 0.02 0.27
2190 30 28 2 0.02 0.3
2191 34 31 0 0 0.34
2192 30 35 3 0.03 0.3
2193 32 36 2 0.02 0.32
2194 22 25 0 0 0.22
2195 27 26 1 0.01 0.27
2196 26 21 3 0.03 0.26
2197 29 25 0 0 0.29
2198 27 25 0 0 0.27
2199 24 30 1 0.01 0.24
2200 22 28 1 0.01 0.22
2201 32 24 0 0 0.32
2202 27 24 3 0.03 0.27
2203 27 32 1 0.01 0.27
2204 20 30 0 0 0.2
2205 27 25 2 0.02 0.27
2206 29 27 1 0.01 0.29
2207 30 28 0 0 0.3
2208 35 25 3 0.03 0.35
2209 27 23 0 0 0.27
2210 25 24 0 0 0.25
2211 21 32 2 0.02 0.21
2212 19 28 0 0 0.19
2213 31 25 0 0 0.31
2214 35 18 1 0.01 0.35
2215 23 20 0 0 0.23
2216 20 31 0 0 0.2
2217 21 29 1 0.01 0.21
2218 29 18 0 0 0.29
2219 28 19 0 0 0.28
2220 27 26 3 0.03 0.27
2221 20 39 1 0.01 0.2
2222 29 25 0 0 0.29
2223 42 19 1 0.01 0.42
2224 32 24 2 0.02 0.32
2225 19 42 0 0 0.19
2226 21 37 3 0.03 0.21
2227 33 22 0 0 0.33
2228 39 13 0 0 0.39
2229 23 19 1 0.01 0.23
2230 13 42 1 0.01 0.13
2231 11 32 0 0 0.11
2232 21 18 0 0 0.21
2233 32 11 0 0 0.32
2234 30 15 0 0 0.3
2235 19 26 1 0.01 0.19
2236 19 31 0 0 0.19
2237 23 31 0 0 0.23
2238 38 21 2 0.02 0.38
2239 30 17 0 0 0.3
2240 16 23 2 0.02 0.16
2241 14 28 0 0 0.14
2242 18 24 0 0 0.18
2243 29 17 1 0.01 0.29
2244 32 17 0 0 0.32
2245 22 25 0 0 0.22
2246 14 29 1 0.01 0.14
2247 12 28 1 0.01 0.12
2248 15 18 1 0.01 0.15
2249 19 16 0 0 0.19
2250 29 18 1 0.01 0.29
2251 20 23 1 0.01 0.2
2252 14 25 0 0 0.14
2253 18 24 1 0.01 0.18
2254 23 17 0 0 0.23
2255 21 20 0 0 0.21
2256 19 20 1 0.01 0.19
2257 22 17 0 0 0.22
2258 15 18 1 0.01 0.15
2259 15 26 0 0 0.15
2260 25 23 1 0.01 0.25
2261 27 21 2 0.02 0.27
2262 23 22 0 0 0.23
2263 16 28 1 0.01 0.16
2264 20 26 1 0.01 0.2
2265 34 22 0 0 0.34
2266 38 21 2 0.02 0.38
2267 25 33 0 0 0.25
2268 17 40 0 0 0.17
2269 20 28 1 0.01 0.2
2270 32 18 0 0 0.32
2271 37 17 0 0 0.37
2272 17 25 1 0.01 0.17
2273 16 38 1 0.01 0.16
2274 25 26 0 0 0.25
2275 38 22 1 0.01 0.38
2276 36 27 2 0.02 0.36
2277 27 43 1 0.01 0.27
2278 24 46 2 0.02 0.24
2279 44 31 1 0.01 0.44
2280 39 17 0 0 0.39
2281 30 27 0 0 0.3
2282 15 37 1 0.01 0.15
2283 19 25 0 0 0.19
2284 28 19 1 0.01 0.28
2285 24 19 2 0.02 0.24
2286 22 18 0 0 0.22
2287 19 19 1 0.01 0.19
2288 18 18 1 0.01 0.18
2289 14 21 0 0 0.14
2290 19 28 3 0.03 0.19
2291 17 14 0 0 0.17
2292 23 14 1 0.01 0.23
2293 19 11 0 0 0.19
2294 17 19 0 0 0.17
2295 16 26 0 0 0.16
2296 15 26 1 0.01 0.15
2297 24 20 0 0 0.24
2298 35 23 1 0.01 0.35
2299 27 28 2 0.02 0.27
2300 24 30 0 0 0.24
2301 29 29 0 0 0.29
2302 33 27 2 0.02 0.33
2303 34 30 1 0.01 0.34
2304 22 31 1 0.01 0.22
2305 24 31 3 0.03 0.24
2306 23 20 1 0.01 0.23
2307 30 19 2 0.02 0.3
2308 25 22 0 0 0.25
2309 21 28 0 0 0.21
2310 21 25 2 0.02 0.21
2311 21 18 0 0 0.21
2312 18 21 1 0.01 0.18
2313 25 26 1 0.01 0.25
2314 23 25 0 0 0.23
2315 25 22 2 0.02 0.25
2316 17 24 1 0.01 0.17
2317 21 18 0 0 0.21
2318 21 20 2 0.02 0.21
2319 21 20 1 0.01 0.21
2320 25 21 0 0 0.25
2321 28 21 1 0.01 0.28
2322 25 23 0 0 0.25
2323 22 26 0 0 0.22
2324 24 30 2 0.02 0.24
2325 19 21 0 0 0.19
2326 25 19 1 0.01 0.25
2327 25 18 0 0 0.25
2328 16 24 0 0 0.16
2329 18 23 0 0 0.18
2330 22 23 1 0.01 0.22
2331 27 24 2 0.02 0.27
2332 30 22 1 0.01 0.3
2333 24 23 0 0 0.24
2334 20 22 1 0.01 0.2
2335 23 28 1 0.01 0.23
2336 22 32 1 0.01 0.22
2337 29 26 2 0.02 0.29
2338 30 22 1 0.01 0.3
2339 32 20 1 0.01 0.32
2340 28 20 1 0.01 0.28
2341 15 27 1 0.01 0.15
2342 13 32 0 0 0.13
2343 20 28 1 0.01 0.2
2344 25 12 0 0 0.25
2345 27 11 0 0 0.27
2346 23 21 1 0.01 0.23
2347 18 26 1 0.01 0.18
2348 20 28 0 0 0.2
2349 22 28 2 0.02 0.22
2350 29 25 0 0 0.29
2351 35 17 0 0 0.35
2352 31 19 2 0.02 0.31
2353 20 28 0 0 0.2
2354 8 31 0 0 0.08
2355 9 30 0 0 0.09
2356 14 14 0 0 0.14
2357 25 11 0 0 0.25
2358 27 16 0 0 0.27
2359 22 27 2 0.02 0.22
2360 19 34 1 0.01 0.19
2361 21 26 0 0 0.21
2362 28 22 1 0.01 0.28
2363 30 22 1 0.01 0.3
2364 29 21 0 0 0.29
2365 24 22 1 0.01 0.24
2366 14 27 0 0 0.14
2367 17 20 1 0.01 0.17
2368 19 26 1 0.01 0.19
2369 16 17 0 0 0.16
2370 28 21 0 0 0.28
2371 24 20 1 0.01 0.24
2372 27 26 0 0 0.27
2373 25 22 1 0.01 0.25
2374 25 24 0 0 0.25
2375 27 20 0 0 0.27
2376 31 24 2 0.02 0.31
2377 24 31 0 0 0.24
2378 19 33 0 0 0.19
2379 17 27 1 0.01 0.17
2380 24 17 1 0.01 0.24
2381 32 14 0 0 0.32
2382 25 15 0 0 0.25
2383 20 24 0 0 0.2
2384 17 26 0 0 0.17
2385 25 25 0 0 0.25
2386 31 25 3 0.03 0.31
2387 29 24 0 0 0.29
2388 28 32 0 0 0.28
2389 31 32 2 0.02 0.31
2390 31 23 0 0 0.31
2391 34 28 1 0.01 0.34
2392 25 37 2 0.02 0.25
2393 23 33 0 0 0.23
2394 28 22 0 0 0.28
2395 28 18 0 0 0.28
2396 21 17 0 0 0.21
2397 21 24 0 0 0.21
2398 26 25 0 0 0.26
2399 25 23 0 0 0.25
2400 26 24 0 0 0.26
2401 24 28 1 0.01 0.24
2402 18 27 1 0.01 0.18
2403 27 22 1 0.01 0.27
2404 38 22 0 0 0.38
2405 35 26 2 0.02 0.35
2406 20 37 0 0 0.2
2407 26 32 1 0.01 0.26
2408 42 24 3 0.03 0.42
2409 37 26 1 0.01 0.37
2410 25 35 1 0.01 0.25
2411 27 39 2 0.02 0.27
2412 30 29 0 0 0.3
2413 39 29 1 0.01 0.39
2414 35 31 2 0.02 0.35
2415 23 34 1 0.01 0.23
2416 28 26 0 0 0.28
2417 31 25 1 0.01 0.31
2418 29 26 0 0 0.29
2419 20 25 0 0 0.2
2420 16 31 1 0.01 0.16
2421 23 24 0 0 0.23
2422 33 19 0 0 0.33
2423 34 26 1 0.01 0.34
2424 29 30 1 0.01 0.29
2425 22 29 0 0 0.22
2426 32 24 2 0.02 0.32
2427 25 24 1 0.01 0.25
2428 20 34 0 0 0.2
2429 26 30 1 0.01 0.26
2430 32 23 2 0.02 0.32
2431 32 23 0 0 0.32
2432 24 28 2 0.02 0.24
2433 25 30 0 0 0.25
2434 27 25 0 0 0.27
2435 29 28 1 0.01 0.29
2436 27 23 0 0 0.27
2437 27 20 0 0 0.27
2438 24 26 2 0.02 0.24
2439 23 25 2 0.02 0.23
2440 22 19 0 0 0.22
2441 26 22 0 0 0.26
2442 29 23 1 0.01 0.29
2443 24 23 0 0 0.24
2444 18 30 0 0 0.18
2445 26 26 1 0.01 0.26
2446 28 28 0 0 0.28
2447 34 24 2 0.02 0.34
2448 34 25 0 0 0.34
2449 28 28 0 0 0.28
2450 29 36 1 0.01 0.29
2451 26 28 1 0.01 0.26
2452 30 23 0 0 0.3
2453 21 29 2 0.02 0.21
2454 19 29 0 0 0.19
2455 22 26 0 0 0.22
2456 31 22 3 0.03 0.31
2457 26 19 0 0 0.26
2458 22 28 0 0 0.22
2459 21 29 1 0.01 0.21
2460 19 30 0 0 0.19
2461 32 20 0 0 0.32
2462 36 19 1 0.01 0.36
2463 26 25 0 0 0.26
2464 16 31 0 0 0.16
2465 21 39 1 0.01 0.21
2466 30 24 2 0.02 0.3
2467 44 24 0 0 0.44
2468 33 34 2 0.02 0.33
2469 24 39 0 0 0.24
2470 27 33 0 0 0.27
2471 41 21 1 0.01 0.41
2472 37 25 1 0.01 0.37
2473 27 31 0 0 0.27
2474 23 38 2 0.02 0.23
2475 30 29 2 0.02 0.3
2476 34 22 0 0 0.34
2477 32 28 2 0.02 0.32
2478 21 37 2 0.02 0.21
2479 19 42 0 0 0.19
2480 27 22 2 0.02 0.27
2481 38 15 2 0.02 0.38
2482 28 23 0 0 0.28
2483 17 38 2 0.02 0.17
2484 18 33 2 0.02 0.18
2485 23 23 0 0 0.23
2486 37 14 0 0 0.37
2487 25 17 0 0 0.25
2488 19 26 0 0 0.19
2489 16 34 0 0 0.16
2490 19 23 1 0.01 0.19
2491 29 17 1 0.01 0.29
2492 30 22 0 0 0.3
2493 25 26 2 0.02 0.25
2494 22 22 0 0 0.22
2495 20 25 1 0.01 0.2
2496 19 32 0 0 0.19
2497 26 22 0 0 0.26
2498 30 19 0 0 0.3
2499 26 20 0 0 0.26
2500 20 25 1 0.01 0.2
2501 18 25 0 0 0.18
2502 21 29 3 0.03 0.21
2503 28 22 1 0.01 0.28
2504 27 21 0 0 0.27
2505 25 26 3 0.03 0.25
2506 24 36 0 0 0.24
2507 25 35 0 0 0.25
2508 22 26 0 0 0.22
2509 21 21 1 0.01 0.21
2510 29 16 0 0 0.29
2511 30 20 1 0.01 0.3
2512 21 26 1 0.01 0.21
2513 16 31 0 0 0.16
2514 23 23 1 0.01 0.23
2515 31 22 2 0.02 0.31
2516 30 16 1 0.01 0.3
2517 24 20 0 0 0.24
2518 17 32 3 0.03 0.17
2519 15 23 0 0 0.15
2520 20 19 0 0 0.2
2521 21 14 0 0 0.21
2522 22 16 0 0 0.22
2523 18 19 0 0 0.18
2524 18 16 1 0.01 0.18
2525 21 23 1 0.01 0.21
2526 22 24 1 0.01 0.22
2527 19 29 1 0.01 0.19
2528 23 26 0 0 0.23
2529 24 19 1 0.01 0.24
2530 23 19 0 0 0.23
2531 19 21 0 0 0.19
2532 25 24 1 0.01 0.25
2533 22 21 1 0.01 0.22
2534 19 18 0 0 0.19
2535 22 18 2 0.02 0.22
2536 22 24 0 0 0.22
2537 26 28 0 0 0.26
2538 29 31 2 0.02 0.29
2539 36 27 1 0.01 0.36
2540 29 22 3 0.03 0.29
2541 31 23 1 0.01 0.31
2542 28 32 0 0 0.28
2543 26 38 1 0.01 0.26
2544 31 30 1 0.01 0.31
2545 37 29 1 0.01 0.37
2546 35 30 2 0.02 0.35
2547 32 33 1 0.01 0.32
2548 30 24 0 0 0.3
2549 34 26 0 0 0.34
2550 24 29 2 0.02 0.24
2551 31 31 0 0 0.31
2552 26 26 2 0.02 0.26
2553 30 23 0 0 0.3
2554 32 26 1 0.01 0.32
2555 29 33 1 0.01 0.29
2556 30 27 2 0.02 0.3
2557 34 30 0 0 0.34
2558 24 28 0 0 0.24
2559 31 28 0 0 0.31
2560 25 29 1 0.01 0.25
2561 26 27 1 0.01 0.26
2562 28 30 1 0.01 0.28
2563 28 31 1 0.01 0.28
2564 24 26 1 0.01 0.24
2565 29 24 0 0 0.29
2566 30 26 1 0.01 0.3
2567 24 24 0 0 0.24
2568 26 26 0 0 0.26
2569 26 32 0 0 0.26
2570 21 24 1 0.01 0.21
2571 22 28 0 0 0.22
2572 34 24 0 0 0.34
2573 31 25 1 0.01 0.31
2574 18 33 0 0 0.18
2575 22 32 1 0.01 0.22
2576 24 23 0 0 0.24
2577 27 20 0 0 0.27
2578 29 24 0 0 0.29
2579 25 37 1 0.01 0.25
2580 31 36 0 0 0.31
2581 37 25 3 0.03 0.37
2582 36 24 1 0.01 0.36
2583 23 31 0 0 0.23
2584 25 32 1 0.01 0.25
2585 30 27 1 0.01 0.3
2586 42 21 0 0 0.42
2587 27 33 1 0.01 0.27
2588 20 39 2 0.02 0.2
2589 19 32 0 0 0.19
2590 30 19 2 0.02 0.3
2591 35 17 1 0.01 0.35
2592 35 20 1 0.01 0.35
2593 23 27 2 0.02 0.23
2594 24 37 1 0.01 0.24
2595 25 33 1 0.01 0.25
2596 29 23 0 0 0.29
2597 30 24 2 0.02 0.3
2598 27 27 0 0 0.27
2599 24 32 1 0.01 0.24
2600 33 31 1 0.01 0.33
2601 31 19 0 0 0.31
2602 30 25 1 0.01 0.3
2603 26 29 2 0.02 0.26
2604 22 35 1 0.01 0.22
2605 20 29 1 0.01 0.2
2606 28 24 0 0 0.28
2607 31 24 0 0 0.31
2608 25 32 2 0.02 0.25
2609 23 35 1 0.01 0.23
2610 27 30 1 0.01 0.27
2611 31 21 1 0.01 0.31
2612 34 20 0 0 0.34
2613 23 32 1 0.01 0.23
2614 17 42 0 0 0.17
2615 21 26 1 0.01 0.21
2616 27 9 1 0.01 0.27
2617 34 10 0 0 0.34
2618 18 16 0 0 0.18
2619 13 24 2 0.02 0.13
2620 13 26 1 0.01 0.13
2621 16 21 0 0 0.16
2622 27 17 0 0 0.27
2623 32 14 0 0 0.32
2624 18 12 0 0 0.18
2625 10 14 0 0 0.1
2626 5 11 0 0 0.05
2627 4 14 0 0 0.04
2628 7 12 0 0 0.07
2629 9 13 0 0 0.09
2630 20 6 0 0 0.2
2631 14 8 1 0.01 0.14
2632 10 11 1 0.01 0.1
2633 5 10 0 0 0.05
2634 5 11 0 0 0.05
2635 6 11 0 0 0.06
2636 7 8 0 0 0.07
2637 6 9 0 0 0.06
2638 10 3 0 0 0.1
2639 10 1 0 0 0.1
2640 9 3 0 0 0.09
2641 5 4 0 0 0.05
2642 5 7 0 0 0.05
2643 4 8 0 0 0.04
2644 9 10 0 0 0.09
2645 4 14 0 0 0.04
2646 5 13 0 0 0.05
2647 9 11 0 0 0.09
2648 12 5 1 0.01 0.12
2649 14 6 0 0 0.14
2650 17 7 0 0 0.17
2651 16 12 0 0 0.16
2652 8 15 1 0.01 0.08
2653 9 19 0 0 0.09
2654 13 15 0 0 0.13
2655 13 12 1 0.01 0.13
2656 19 9 0 0 0.19
2657 13 10 0 0 0.13
2658 12 16 0 0 0.12
2659 15 15 1 0.01 0.15
2660 16 13 0 0 0.16
2661 16 16 1 0.01 0.16
2662 17 24 2 0.02 0.17
2663 11 22 0 0 0.11
2664 11 19 0 0 0.11
2665 13 15 0 0 0.13
2666 13 8 1 0.01 0.13
2667 19 8 0 0 0.19
2668 25 8 0 0 0.25
2669 13 13 0 0 0.13
2670 7 13 0 0 0.07
2671 4 17 0 0 0.04
2672 5 18 0 0 0.05
2673 4 12 0 0 0.04
2674 12 12 0 0 0.12
2675 21 5 0 0 0.21
2676 28 7 0 0 0.28
2677 17 17 1 0.01 0.17
2678 10 34 1 0.01 0.1
2679 7 24 0 0 0.07
2680 12 12 0 0 0.12
2681 21 10 0 0 0.21
2682 25 11 0 0 0.25
2683 22 13 0 0 0.22
2684 10 16 0 0 0.1
2685 8 17 0 0 0.08
2686 5 15 0 0 0.05
2687 8 11 1 0.01 0.08
2688 17 11 0 0 0.17
2689 18 13 1 0.01 0.18
2690 21 13 1 0.01 0.21
2691 17 21 0 0 0.17
2692 17 19 0 0 0.17
2693 17 21 1 0.01 0.17
2694 22 14 1 0.01 0.22
2695 24 14 1 0.01 0.24
2696 20 21 1 0.01 0.2
2697 16 25 0 0 0.16
2698 19 24 0 0 0.19
2699 33 19 1 0.01 0.33
2700 27 24 2 0.02 0.27
2701 22 28 0 0 0.22
2702 25 31 1 0.01 0.25
2703 24 27 2 0.02 0.24
2704 25 27 0 0 0.25
2705 32 20 2 0.02 0.32
2706 23 27 1 0.01 0.23
2707 17 32 1 0.01 0.17
2708 24 24 1 0.01 0.24
2709 34 22 1 0.01 0.34
2710 39 26 1 0.01 0.39
2711 26 35 1 0.01 0.26
2712 19 42 1 0.01 0.19
2713 29 31 0 0 0.29
2714 39 21 1 0.01 0.39
2715 34 32 2 0.02 0.34
2716 25 34 1 0.01 0.25
2717 23 34 1 0.01 0.23
2718 24 23 0 0 0.24
2719 37 22 0 0 0.37
2720 30 31 1 0.01 0.3
2721 23 41 1 0.01 0.23
2722 27 32 1 0.01 0.27
2723 28 19 0 0 0.28
2724 23 24 1 0.01 0.23
2725 27 26 1 0.01 0.27
2726 23 26 1 0.01 0.23
2727 27 29 1 0.01 0.27
2728 22 19 0 0 0.22
2729 23 20 1 0.01 0.23
2730 27 20 1 0.01 0.27
2731 31 18 1 0.01 0.31
2732 29 24 0 0 0.29
2733 20 35 2 0.02 0.2
2734 22 34 0 0 0.22
2735 28 16 0 0 0.28
2736 38 18 3 0.03 0.38
2737 23 24 0 0 0.23
2738 14 32 0 0 0.14
2739 22 34 1 0.01 0.22
2740 31 24 0 0 0.31
2741 29 20 0 0 0.29
2742 32 27 2 0.02 0.32
2743 21 30 0 0 0.21
2744 25 37 1 0.01 0.25
2745 30 29 3 0.03 0.3
2746 39 19 0 0 0.39
2747 33 25 1 0.01 0.33
2748 25 32 0 0 0.25
2749 23 31 0 0 0.23
2750 31 26 0 0 0.31
2751 36 27 2 0.02 0.36
2752 35 24 0 0 0.35
2753 24 25 0 0 0.24
2754 18 32 0 0 0.18
2755 21 24 1 0.01 0.21
2756 25 15 0 0 0.25
2757 29 11 2 0.02 0.29
2758 23 19 1 0.01 0.23
2759 9 25 0 0 0.09
2760 13 27 1 0.01 0.13
2761 20 24 1 0.01 0.2
2762 26 21 0 0 0.26
2763 30 21 2 0.02 0.3
2764 24 22 0 0 0.24
2765 27 25 0 0 0.27
2766 31 23 2 0.02 0.31
2767 29 30 0 0 0.29
2768 25 43 1 0.01 0.25
2769 26 31 2 0.02 0.26
2770 36 26 0 0 0.36
2771 41 27 0 0 0.41
2772 34 29 3 0.03 0.34
2773 23 33 0 0 0.23
2774 24 36 1 0.01 0.24
2775 31 34 2 0.02 0.31
2776 35 19 0 0 0.35
2777 36 15 0 0 0.36
2778 32 20 1 0.01 0.32
2779 13 30 0 0 0.13
2780 10 33 0 0 0.1
2781 16 23 1 0.01 0.16
2782 19 18 2 0.02 0.19
2783 20 11 0 0 0.2
2784 23 4 0 0 0.23
2785 20 6 0 0 0.2
2786 14 10 0 0 0.14
2787 9 16 0 0 0.09
2788 7 15 0 0 0.07
2789 3 20 0 0 0.03
2790 8 24 1 0.01 0.08
2791 9 10 0 0 0.09
2792 16 6 0 0 0.16
2793 24 5 0 0 0.24
2794 24 9 0 0 0.24
2795 10 13 0 0 0.1
2796 7 18 0 0 0.07
2797 8 20 0 0 0.08
2798 12 23 0 0 0.12
2799 21 21 0 0 0.21
2800 20 15 0 0 0.2
2801 22 11 0 0 0.22
2802 15 12 0 0 0.15
2803 10 15 0 0 0.1
2804 8 19 0 0 0.08
2805 14 16 2 0.02 0.14
2806 14 13 2 0.02 0.14
2807 21 10 0 0 0.21
2808 19 6 0 0 0.19
2809 15 8 0 0 0.15
2810 14 12 0 0 0.14
2811 10 21 1 0.01 0.1
2812 10 25 0 0 0.1
2813 15 22 0 0 0.15
2814 13 13 0 0 0.13
2815 18 9 1 0.01 0.18
2816 29 7 0 0 0.29
2817 17 12 0 0 0.17
2818 14 18 1 0.01 0.14
2819 7 22 0 0 0.07
2820 9 25 0 0 0.09
2821 15 21 1 0.01 0.15
2822 27 16 1 0.01 0.27
2823 39 14 0 0 0.39
2824 31 20 1 0.01 0.31
2825 16 30 0 0 0.16
2826 19 31 0 0 0.19
2827 32 25 1 0.01 0.32
2828 33 25 1 0.01 0.33
2829 31 31 1 0.01 0.31
2830 27 33 0 0 0.27
2831 25 27 1 0.01 0.25
2832 29 25 0 0 0.29
2833 29 27 0 0 0.29
2834 23 32 2 0.02 0.23
2835 29 27 0 0 0.29
2836 33 30 1 0.01 0.33
2837 29 26 2 0.02 0.29
2838 26 28 2 0.02 0.26
2839 22 29 1 0.01 0.22
2840 32 30 2 0.02 0.32
2841 31 24 1 0.01 0.31
2842 26 27 0 0 0.26
2843 25 29 3 0.03 0.25
2844 20 31 0 0 0.2
2845 16 22 0 0 0.16
2846 21 21 1 0.01 0.21
2847 24 18 0 0 0.24
2848 22 23 0 0 0.22
2849 24 24 1 0.01 0.24
2850 28 21 2 0.02 0.28
2851 29 27 1 0.01 0.29
2852 28 28 1 0.01 0.28
2853 29 33 1 0.01 0.29
2854 30 35 0 0 0.3
2855 28 29 0 0 0.28
2856 29 22 0 0 0.29
2857 27 32 0 0 0.27
2858 28 30 1 0.01 0.28
2859 28 24 3 0.03 0.28
2860 31 21 2 0.02 0.31
2861 26 25 0 0 0.26
2862 26 33 1 0.01 0.26
2863 22 27 0 0 0.22
2864 31 28 0 0 0.31
2865 40 22 2 0.02 0.4
2866 34 30 3 0.03 0.34
2867 17 29 0 0 0.17
2868 24 32 1 0.01 0.24
2869 30 26 1 0.01 0.3
2870 32 19 0 0 0.32
2871 34 23 0 0 0.34
2872 26 33 2 0.02 0.26
2873 24 33 0 0 0.24
2874 34 32 0 0 0.34
2875 37 29 0 0 0.37
2876 28 34 0 0 0.28
2877 24 24 0 0 0.24
2878 26 26 2 0.02 0.26
2879 24 25 3 0.03 0.24
2880 24 20 0 0 0.24
2881 22 23 1 0.01 0.22
2882 23 31 2 0.02 0.23
2883 28 32 0 0 0.28
2884 34 30 1 0.01 0.34
2885 28 30 1 0.01 0.28
2886 26 28 0 0 0.26
2887 24 27 1 0.01 0.24
2888 24 30 1 0.01 0.24
2889 24 29 0 0 0.24
2890 25 24 0 0 0.25
2891 25 28 1 0.01 0.25
2892 32 25 0 0 0.32
2893 28 29 1 0.01 0.28
2894 30 28 2 0.02 0.3
2895 30 29 0 0 0.3
2896 35 31 0 0 0.35
2897 33 31 2 0.02 0.33
2898 26 36 0 0 0.26
2899 20 28 1 0.01 0.2
2900 28 24 0 0 0.28
2901 30 21 0 0 0.3
2902 31 31 1 0.01 0.31
2903 29 35 1 0.01 0.29
2904 27 35 0 0 0.27
2905 29 22 0 0 0.29
2906 31 23 1 0.01 0.31
2907 21 26 0 0 0.21
2908 14 28 0 0 0.14
2909 24 25 1 0.01 0.24
2910 29 22 2 0.02 0.29
2911 28 19 0 0 0.28
2912 21 30 2 0.02 0.21
2913 24 33 0 0 0.24
2914 25 30 0 0 0.25
2915 27 25 1 0.01 0.27
2916 30 24 0 0 0.3
2917 30 29 0 0 0.3
2918 21 26 0 0 0.21
2919 20 26 1 0.01 0.2
2920 16 26 0 0 0.16
2921 23 23 2 0.02 0.23
2922 31 20 2 0.02 0.31
2923 27 17 0 0 0.27
2924 22 28 1 0.01 0.22
2925 17 34 1 0.01 0.17
2926 18 30 0 0 0.18
2927 29 23 0 0 0.29
2928 41 16 1 0.01 0.41
2929 32 21 1 0.01 0.32
2930 18 28 1 0.01 0.18
2931 17 32 1 0.01 0.17
2932 22 31 0 0 0.22
2933 33 20 1 0.01 0.33
2934 33 28 1 0.01 0.33
2935 30 34 2 0.02 0.3
2936 26 33 0 0 0.26
2937 29 24 0 0 0.29
2938 27 26 1 0.01 0.27
2939 18 22 0 0 0.18
2940 24 22 1 0.01 0.24
2941 21 15 1 0.01 0.21
2942 20 18 0 0 0.2
2943 21 21 1 0.01 0.21
2944 24 20 0 0 0.24
2945 14 22 0 0 0.14
2946 17 25 0 0 0.17
2947 22 25 1 0.01 0.22
2948 26 18 0 0 0.26
2949 30 18 1 0.01 0.3
2950 21 29 2 0.02 0.21
2951 14 30 0 0 0.14
2952 21 23 1 0.01 0.21
2953 26 20 1 0.01 0.26
2954 30 14 0 0 0.3
2955 26 16 0 0 0.26
2956 21 24 0 0 0.21
2957 19 29 0 0 0.19
2958 18 23 2 0.02 0.18
2959 17 18 0 0 0.17
2960 16 14 0 0 0.16
2961 19 20 3 0.03 0.19
2962 23 23 0 0 0.23
2963 19 26 0 0 0.19
2964 25 26 1 0.01 0.25
2965 25 23 1 0.01 0.25
2966 27 26 0 0 0.27
2967 27 26 2 0.02 0.27
2968 34 24 1 0.01 0.34
2969 24 35 0 0 0.24
2970 23 30 2 0.02 0.23
2971 28 25 1 0.01 0.28
2972 32 24 0 0 0.32
2973 30 21 1 0.01 0.3
2974 25 25 0 0 0.25
2975 19 37 0 0 0.19
2976 34 32 1 0.01 0.34
2977 37 23 1 0.01 0.37
2978 29 26 0 0 0.29
2979 26 33 3 0.03 0.26
2980 21 30 2 0.02 0.21
2981 25 27 0 0 0.25
2982 21 23 0 0 0.21
2983 28 21 0 0 0.28
2984 36 21 0 0 0.36
2985 36 22 1 0.01 0.36
2986 22 21 1 0.01 0.22
2987 16 27 0 0 0.16
2988 16 29 0 0 0.16
2989 25 20 1 0.01 0.25
2990 25 19 0 0 0.25
2991 17 19 0 0 0.17
2992 20 23 0 0 0.2
2993 27 22 0 0 0.27
2994 23 20 1 0.01 0.23
2995 22 22 1 0.01 0.22
2996 21 28 0 0 0.21
2997 30 33 2 0.02 0.3
2998 29 27 1 0.01 0.29
2999 27 22 1 0.01 0.27
3000 24 21 1 0.01 0.24
3001 21 23 0 0 0.21
3002 13 17 1 0.01 0.13
3003 12 17 0 0 0.12
3004 20 19 1 0.01 0.2
3005 23 17 1 0.01 0.23
3006 21 22 0 0 0.21
3007 14 28 1 0.01 0.14
3008 13 26 0 0 0.13
3009 22 17 0 0 0.22
3010 37 12 2 0.02 0.37
3011 24 13 0 0 0.24
3012 20 23 0 0 0.2
3013 21 27 1 0.01 0.21
3014 21 34 0 0 0.21
3015 24 28 0 0 0.24
3016 17 19 1 0.01 0.17
3017 22 15 0 0 0.22
3018 25 17 0 0 0.25
3019 22 17 0 0 0.22
3020 15 19 1 0.01 0.15
3021 16 16 1 0.01 0.16
3022 18 19 0 0 0.18
3023 12 18 0 0 0.12
3024 10 26 1 0.01 0.1
3025 14 20 1 0.01 0.14
3026 20 14 1 0.01 0.2
3027 20 15 0 0 0.2
3028 26 22 1 0.01 0.26
3029 24 30 0 0 0.24
3030 21 30 0 0 0.21
3031 17 25 1 0.01 0.17
3032 21 22 0 0 0.21
3033 27 13 1 0.01 0.27
3034 29 18 0 0 0.29
3035 21 20 1 0.01 0.21
3036 16 31 0 0 0.16
3037 13 31 0 0 0.13
3038 30 22 1 0.01 0.3
3039 42 19 1 0.01 0.42
3040 26 19 1 0.01 0.26
3041 16 30 1 0.01 0.16
3042 19 30 0 0 0.19
3043 25 27 1 0.01 0.25
3044 40 18 1 0.01 0.4
3045 31 28 2 0.02 0.31
3046 16 31 0 0 0.16
3047 14 33 1 0.01 0.14
3048 19 23 0 0 0.19
3049 29 18 1 0.01 0.29
3050 32 14 1 0.01 0.32
3051 19 15 0 0 0.19
3052 16 30 1 0.01 0.16
3053 16 32 1 0.01 0.16
3054 16 23 0 0 0.16
3055 24 18 1 0.01 0.24
3056 29 17 2 0.02 0.29
3057 29 18 0 0 0.29
3058 26 23 2 0.02 0.26
3059 18 35 2 0.02 0.18
3060 15 29 0 0 0.15
3061 28 27 1 0.01 0.28
3062 36 19 2 0.02 0.36
3063 35 25 0 0 0.35
3064 25 34 3 0.03 0.25
3065 27 40 0 0 0.27
3066 27 25 0 0 0.27
3067 30 23 1 0.01 0.3
3068 32 24 0 0 0.32
3069 30 30 1 0.01 0.3
3070 30 32 2 0.02 0.3
3071 32 30 0 0 0.32
3072 27 31 0 0 0.27
3073 30 31 2 0.02 0.3
3074 28 27 1 0.01 0.28
3075 24 24 0 0 0.24
3076 29 21 2 0.02 0.29
3077 25 23 0 0 0.25
3078 21 34 0 0 0.21
3079 23 32 1 0.01 0.23
3080 29 21 0 0 0.29
3081 29 17 0 0 0.29
3082 18 23 0 0 0.18
3083 17 33 0 0 0.17
3084 25 26 1 0.01 0.25
3085 36 25 0 0 0.36
3086 29 30 2 0.02 0.29
3087 20 35 1 0.01 0.2
3088 28 29 1 0.01 0.28
3089 31 16 0 0 0.31
3090 30 15 0 0 0.3
3091 24 24 1 0.01 0.24
3092 15 33 0 0 0.15
3093 16 28 1 0.01 0.16
3094 23 21 1 0.01 0.23
3095 29 17 0 0 0.29
3096 20 20 1 0.01 0.2
3097 18 22 1 0.01 0.18
3098 18 30 0 0 0.18
3099 24 23 1 0.01 0.24
3100 29 16 0 0 0.29
3101 33 17 0 0 0.33
3102 23 20 2 0.02 0.23
3103 17 24 0 0 0.17
3104 20 31 0 0 0.2
3105 21 20 1 0.01 0.21
3106 28 19 0 0 0.28
3107 27 23 0 0 0.27
3108 25 28 2 0.02 0.25
3109 22 29 0 0 0.22
3110 23 26 0 0 0.23
3111 30 28 2 0.02 0.3
3112 32 26 0 0 0.32
3113 31 25 0 0 0.31
3114 25 32 1 0.01 0.25
3115 30 37 0 0 0.3
3116 33 25 0 0 0.33
3117 30 31 2 0.02 0.3
3118 25 24 0 0 0.25
3119 25 25 0 0 0.25
3120 24 23 2 0.02 0.24
3121 23 26 0 0 0.23
3122 27 24 0 0 0.27
3123 22 25 3 0.03 0.22
3124 23 25 0 0 0.23
3125 22 21 0 0 0.22
3126 22 19 0 0 0.22
3127 22 17 1 0.01 0.22
3128 25 22 0 0 0.25
3129 19 23 1 0.01 0.19
3130 14 28 0 0 0.14
3131 18 29 1 0.01 0.18
3132 26 22 1 0.01 0.26
3133 28 14 0 0 0.28
3134 30 14 1 0.01 0.3
3135 16 12 0 0 0.16
3136 17 14 1 0.01 0.17
3137 10 21 1 0.01 0.1
3138 11 30 0 0 0.11
3139 15 19 0 0 0.15
3140 16 10 0 0 0.16
3141 22 7 0 0 0.22
3142 18 6 1 0.01 0.18
3143 12 6 1 0.01 0.12
3144 5 12 0 0 0.05
3145 7 25 0 0 0.07
3146 14 20 0 0 0.14
3147 24 18 1 0.01 0.24
3148 24 18 0 0 0.24
3149 26 21 0 0 0.26
3150 25 19 0 0 0.25
3151 21 24 1 0.01 0.21
3152 22 21 0 0 0.22
3153 17 29 0 0 0.17
3154 21 26 1 0.01 0.21
3155 26 22 1 0.01 0.26
3156 20 25 1 0.01 0.2
3157 20 27 0 0 0.2
3158 25 30 1 0.01 0.25
3159 29 27 1 0.01 0.29
3160 27 27 0 0 0.27
3161 33 25 2 0.02 0.33
3162 32 30 0 0 0.32
3163 29 35 1 0.01 0.29
3164 24 36 3 0.03 0.24
3165 30 23 0 0 0.3
3166 27 18 0 0 0.27
3167 29 18 1 0.01 0.29
3168 17 25 0 0 0.17
3169 18 35 0 0 0.18
3170 31 30 2 0.02 0.31
3171 37 25 0 0 0.37
3172 32 29 1 0.01 0.32
3173 33 34 3 0.03 0.33
3174 29 38 0 0 0.29
3175 33 30 1 0.01 0.33
3176 40 28 2 0.02 0.4
3177 29 29 0 0 0.29
3178 21 36 2 0.02 0.21
3179 22 32 2 0.02 0.22
3180 32 17 1 0.01 0.32
3181 38 19 1 0.01 0.38
3182 19 26 1 0.01 0.19
3183 16 28 0 0 0.16
3184 16 33 0 0 0.16
3185 25 19 0 0 0.25
3186 31 19 1 0.01 0.31
3187 28 20 0 0 0.28
3188 16 27 0 0 0.16
3189 14 33 0 0 0.14
3190 21 26 0 0 0.21
3191 26 13 0 0 0.26
3192 28 15 1 0.01 0.28
3193 21 21 1 0.01 0.21
3194 24 24 0 0 0.24
3195 23 25 1 0.01 0.23
3196 25 24 0 0 0.25
3197 25 29 0 0 0.25
3198 26 31 2 0.02 0.26
3199 27 26 0 0 0.27
3200 33 20 0 0 0.33
3201 38 27 4 0.04 0.38
3202 23 37 0 0 0.23
3203 21 34 0 0 0.21
3204 33 32 3 0.03 0.33
3205 48 19 0 0 0.48
3206 32 20 1 0.01 0.32
3207 13 31 0 0 0.13
3208 12 34 0 0 0.12
3209 19 19 0 0 0.19
3210 24 15 2 0.02 0.24
3211 33 22 0 0 0.33
3212 26 25 1 0.01 0.26
3213 23 36 1 0.01 0.23
3214 27 30 0 0 0.27
3215 33 24 1 0.01 0.33
3216 31 21 2 0.02 0.31
3217 26 26 0 0 0.26
3218 21 41 2 0.02 0.21
3219 24 32 1 0.01 0.24
3220 30 17 0 0 0.3
3221 23 16 0 0 0.23
3222 22 28 1 0.01 0.22
3223 14 31 1 0.01 0.14
3224 15 25 1 0.01 0.15
3225 29 10 0 0 0.29
3226 26 12 0 0 0.26
3227 19 20 0 0 0.19
3228 11 25 0 0 0.11
3229 14 28 0 0 0.14
3230 19 17 0 0 0.19
3231 26 19 0 0 0.26
3232 29 19 1 0.01 0.29
3233 22 30 0 0 0.22
3234 19 31 0 0 0.19
3235 24 30 1 0.01 0.24
3236 31 21 0 0 0.31
3237 28 27 0 0 0.28
3238 21 32 4 0.04 0.21
3239 19 29 1 0.01 0.19
3240 23 20 0 0 0.23
3241 34 24 3 0.03 0.34
3242 26 26 0 0 0.26
3243 24 32 0 0 0.24
3244 32 31 2 0.02 0.32
3245 31 26 1 0.01 0.31
3246 29 24 0 0 0.29
3247 24 27 0 0 0.24
3248 23 36 0 0 0.23
3249 34 29 0 0 0.34
3250 43 25 1 0.01 0.43
3251 38 26 1 0.01 0.38
3252 19 32 0 0 0.19
3253 17 30 1 0.01 0.17
3254 21 31 1 0.01 0.21
3255 27 23 0 0 0.27
3256 34 15 1 0.01 0.34
3257 25 15 0 0 0.25
3258 14 25 0 0 0.14
3259 11 27 1 0.01 0.11
3260 15 21 1 0.01 0.15
3261 18 16 0 0 0.18
3262 24 14 0 0 0.24
3263 24 18 1 0.01 0.24
3264 25 26 0 0 0.25
3265 19 37 1 0.01 0.19
3266 19 28 1 0.01 0.19
3267 29 11 0 0 0.29
3268 32 12 1 0.01 0.32
3269 16 25 0 0 0.16
3270 11 31 1 0.01 0.11
3271 16 31 0 0 0.16
3272 27 18 0 0 0.27
3273 31 21 1 0.01 0.31
3274 30 28 1 0.01 0.3
3275 32 36 2 0.02 0.32
3276 36 38 1 0.01 0.36
3277 38 32 0 0 0.38
3278 37 30 2 0.02 0.37
3279 30 33 0 0 0.3
3280 27 31 1 0.01 0.27
3281 35 31 2 0.02 0.35
3282 34 32 0 0 0.34
3283 30 34 0 0 0.3
3284 29 36 1 0.01 0.29
3285 36 30 2 0.02 0.36
3286 28 27 1 0.01 0.28
3287 29 27 1 0.01 0.29
3288 29 29 0 0 0.29
3289 31 33 1 0.01 0.31
3290 32 32 0 0 0.32
3291 37 28 1 0.01 0.37
3292 30 30 1 0.01 0.3
3293 27 30 0 0 0.27
3294 38 21 3 0.03 0.38
3295 33 28 1 0.01 0.33
3296 20 34 0 0 0.2
3297 21 28 0 0 0.21
3298 28 25 2 0.02 0.28
3299 32 22 0 0 0.32
3300 30 27 0 0 0.3
3301 23 29 3 0.03 0.23
3302 22 23 0 0 0.22
3303 22 30 0 0 0.22
3304 33 32 2 0.02 0.33
3305 40 23 1 0.01 0.4
3306 31 19 0 0 0.31
3307 25 29 2 0.02 0.25
3308 21 36 2 0.02 0.21
3309 29 30 0 0 0.29
3310 34 25 1 0.01 0.34
3311 28 22 1 0.01 0.28
3312 23 23 0 0 0.23
3313 29 29 1 0.01 0.29
3314 22 24 1 0.01 0.22
3315 26 23 0 0 0.26
3316 30 29 2 0.02 0.3
3317 26 29 1 0.01 0.26
3318 29 29 0 0 0.29
3319 26 27 1 0.01 0.26
3320 36 28 1 0.01 0.36
3321 33 24 0 0 0.33
3322 23 28 2 0.02 0.23
3323 24 26 2 0.02 0.24
3324 21 22 0 0 0.21
3325 22 24 1 0.01 0.22
3326 17 20 1 0.01 0.17
3327 22 17 0 0 0.22
3328 25 19 1 0.01 0.25
3329 23 22 0 0 0.23
3330 20 19 1 0.01 0.2
3331 18 19 0 0 0.18
3332 21 20 1 0.01 0.21
3333 20 14 1 0.01 0.2
3334 18 21 1 0.01 0.18
3335 19 30 0 0 0.19
3336 23 26 3 0.03 0.23
3337 28 18 0 0 0.28
3338 29 20 0 0 0.29
3339 21 26 2 0.02 0.21
3340 14 20 0 0 0.14
3341 11 26 1 0.01 0.11
3342 16 20 1 0.01 0.16
3343 28 19 1 0.01 0.28
3344 22 11 1 0.01 0.22
3345 15 16 2 0.02 0.15
3346 12 22 1 0.01 0.12
3347 7 23 0 0 0.07
3348 10 17 0 0 0.1
3349 15 8 1 0.01 0.15
3350 19 6 0 0 0.19
3351 23 9 0 0 0.23
3352 19 20 1 0.01 0.19
3353 14 30 0 0 0.14
3354 19 20 0 0 0.19
3355 25 14 0 0 0.25
3356 30 16 2 0.02 0.3
3357 19 22 0 0 0.19
3358 22 25 0 0 0.22
3359 31 32 2 0.02 0.31
3360 31 27 1 0.01 0.31
3361 27 31 0 0 0.27
3362 25 31 2 0.02 0.25
3363 27 22 0 0 0.27
3364 24 20 0 0 0.24
3365 27 23 2 0.02 0.27
3366 24 22 0 0 0.24
3367 23 30 0 0 0.23
3368 25 33 2 0.02 0.25
3369 28 27 0 0 0.28
3370 35 24 0 0 0.35
3371 30 26 2 0.02 0.3
3372 25 28 0 0 0.25
3373 25 28 0 0 0.25
3374 32 27 1 0.01 0.32
3375 29 25 1 0.01 0.29
3376 27 28 0 0 0.27
3377 27 32 2 0.02 0.27
3378 28 23 0 0 0.28
3379 34 25 0 0 0.34
3380 27 28 0 0 0.27
3381 25 25 1 0.01 0.25
3382 27 22 0 0 0.27
3383 25 23 0 0 0.25
3384 21 27 2 0.02 0.21
3385 19 25 0 0 0.19
3386 27 24 0 0 0.27
3387 27 21 2 0.02 0.27
3388 26 22 1 0.01 0.26
3389 18 23 1 0.01 0.18
3390 20 23 1 0.01 0.2
3391 20 19 0 0 0.2
3392 23 26 0 0 0.23
3393 29 23 1 0.01 0.29
3394 31 22 1 0.01 0.31
3395 25 31 0 0 0.25
3396 27 37 1 0.01 0.27
3397 27 25 1 0.01 0.27
3398 32 25 0 0 0.32
3399 27 29 1 0.01 0.27
3400 31 33 1 0.01 0.31
3401 28 27 1 0.01 0.28
3402 26 25 0 0 0.26
3403 23 37 1 0.01 0.23
3404 22 33 2 0.02 0.22
3405 32 24 0 0 0.32
3406 38 24 3 0.03 0.38
3407 29 35 1 0.01 0.29
3408 28 43 0 0 0.28
3409 37 29 2 0.02 0.37
3410 38 25 1 0.01 0.38
3411 27 24 1 0.01 0.27
3412 24 31 1 0.01 0.24
3413 23 27 1 0.01 0.23
3414 32 30 1 0.01 0.32
3415 30 30 1 0.01 0.3
3416 27 29 0 0 0.27
3417 26 27 1 0.01 0.26
3418 27 28 1 0.01 0.27
3419 26 29 0 0 0.26
3420 31 29 1 0.01 0.31
3421 33 23 1 0.01 0.33
3422 20 29 0 0 0.2
3423 19 34 1 0.01 0.19
3424 26 29 2 0.02 0.26
3425 35 25 0 0 0.35
3426 36 25 2 0.02 0.36
3427 24 32 2 0.02 0.24
3428 24 39 0 0 0.24
3429 27 24 2 0.02 0.27
3430 32 25 2 0.02 0.32
3431 34 21 0 0 0.34
3432 25 28 2 0.02 0.25
3433 20 29 1 0.01 0.2
3434 24 26 0 0 0.24
3435 31 24 3 0.03 0.31
3436 34 19 0 0 0.34
3437 33 25 1 0.01 0.33
3438 26 33 1 0.01 0.26
3439 27 33 1 0.01 0.27
3440 34 23 0 0 0.34
3441 32 34 1 0.01 0.32
3442 29 33 0 0 0.29
3443 29 37 2 0.02 0.29
3444 34 28 1 0.01 0.34
3445 33 27 0 0 0.33
3446 32 24 2 0.02 0.32
3447 33 27 1 0.01 0.33
3448 19 32 0 0 0.19
3449 22 37 2 0.02 0.22
3450 27 28 1 0.01 0.27
3451 29 15 0 0 0.29
3452 27 22 2 0.02 0.27
3453 24 21 0 0 0.24
3454 17 31 0 0 0.17
3455 12 23 1 0.01 0.12
3456 16 19 1 0.01 0.16
3457 21 14 0 0 0.21
3458 21 17 0 0 0.21
3459 22 20 1 0.01 0.22
3460 17 24 0 0 0.17
3461 21 20 0 0 0.21
3462 24 20 1 0.01 0.24
3463 19 16 0 0 0.19
3464 18 20 0 0 0.18
3465 22 24 2 0.02 0.22
3466 26 22 1 0.01 0.26
3467 24 26 0 0 0.24
3468 25 32 2 0.02 0.25
3469 23 30 0 0 0.23
3470 25 23 0 0 0.25
3471 31 15 0 0 0.31
3472 28 18 2 0.02 0.28
3473 18 31 0 0 0.18
3474 18 29 0 0 0.18
3475 24 30 2 0.02 0.24
3476 27 23 0 0 0.27
3477 27 22 0 0 0.27
3478 26 18 0 0 0.26
3479 23 25 3 0.03 0.23
3480 22 32 0 0 0.22
3481 20 27 1 0.01 0.2
3482 29 25 2 0.02 0.29
3483 30 20 0 0 0.3
3484 26 27 1 0.01 0.26
3485 27 25 2 0.02 0.27
3486 24 30 0 0 0.24
3487 29 22 1 0.01 0.29
3488 28 26 0 0 0.28
3489 26 34 0 0 0.26
3490 27 38 2 0.02 0.27
3491 26 25 0 0 0.26
3492 31 23 1 0.01 0.31
3493 27 15 1 0.01 0.27
3494 18 27 0 0 0.18
3495 17 22 2 0.02 0.17
3496 28 17 0 0 0.28
3497 26 19 0 0 0.26
3498 21 29 1 0.01 0.21
3499 19 30 1 0.01 0.19
3500 24 20 0 0 0.24
3501 32 22 2 0.02 0.32
3502 21 24 0 0 0.21
3503 18 24 0 0 0.18
3504 19 22 0 0 0.19
3505 29 21 2 0.02 0.29
3506 24 21 0 0 0.24
3507 20 19 0 0 0.2
3508 20 19 3 0.03 0.2
3509 19 20 0 0 0.19
3510 15 25 0 0 0.15
3511 22 20 3 0.03 0.22
3512 31 21 0 0 0.31
3513 26 28 1 0.01 0.26
3514 25 31 2 0.02 0.25
3515 24 33 0 0 0.24
3516 25 28 1 0.01 0.25
3517 27 24 2 0.02 0.27
3518 29 29 0 0 0.29
3519 26 26 0 0 0.26
3520 30 28 1 0.01 0.3
3521 27 28 0 0 0.27
3522 31 21 0 0 0.31
3523 32 29 3 0.03 0.32
3524 26 34 1 0.01 0.26
3525 26 34 0 0 0.26
3526 29 32 2 0.02 0.29
3527 32 22 1 0.01 0.32
3528 29 28 0 0 0.29
3529 30 25 2 0.02 0.3
3530 25 24 1 0.01 0.25
3531 24 29 1 0.01 0.24
3532 29 25 2 0.02 0.29
3533 30 28 1 0.01 0.3
3534 33 18 0 0 0.33
3535 26 22 0 0 0.26
3536 21 32 1 0.01 0.21
3537 22 35 1 0.01 0.22
3538 21 27 0 0 0.21
3539 23 24 1 0.01 0.23
3540 25 21 0 0 0.25
3541 27 18 0 0 0.27
3542 22 17 0 0 0.22
3543 22 24 1 0.01 0.22
3544 20 23 0 0 0.2
3545 20 31 1 0.01 0.2
3546 22 29 0 0 0.22
3547 28 22 0 0 0.28
3548 37 19 2 0.02 0.37
3549 25 28 0 0 0.25
3550 18 29 0 0 0.18
3551 22 29 0 0 0.22
3552 28 19 1 0.01 0.28
3553 32 18 0 0 0.32
3554 27 20 2 0.02 0.27
3555 22 19 0 0 0.22
3556 20 30 0 0 0.2
3557 14 31 0 0 0.14
3558 20 25 0 0 0.2
3559 29 17 1 0.01 0.29
3560 33 18 0 0 0.33
3561 25 24 0 0 0.25
3562 22 36 0 0 0.22
3563 22 31 0 0 0.22
3564 37 18 1 0.01 0.37
3565 23 15 2 0.02 0.23
3566 15 20 1 0.01 0.15
3567 18 26 0 0 0.18
3568 24 25 1 0.01 0.24
3569 22 20 0 0 0.22
3570 21 20 0 0 0.21
3571 26 22 1 0.01 0.26
3572 24 18 1 0.01 0.24
3573 12 15 0 0 0.12
3574 19 20 2 0.02 0.19
3575 24 22 2 0.02 0.24
3576 23 25 1 0.01 0.23
3577 20 23 0 0 0.2
3578 18 24 1 0.01 0.18
3579 17 16 0 0 0.17
3580 23 10 1 0.01 0.23
3581 25 14 0 0 0.25
3582 21 23 0 0 0.21
3583 17 39 1 0.01 0.17
3584 22 28 2 0.02 0.22
3585 29 16 0 0 0.29
3586 37 14 1 0.01 0.37
3587 21 14 1 0.01 0.21
3588 17 25 0 0 0.17
3589 11 37 1 0.01 0.11
3590 15 21 1 0.01 0.15
3591 23 11 0 0 0.23
3592 28 15 1 0.01 0.28
3593 18 19 0 0 0.18
3594 17 27 0 0 0.17
3595 25 24 1 0.01 0.25
3596 24 19 0 0 0.24
3597 25 22 0 0 0.25
3598 22 26 2 0.02 0.22
3599 29 26 0 0 0.29
3600 34 26 0 0 0.34
3601 35 22 1 0.01 0.35
3602 24 27 1 0.01 0.24
3603 20 35 0 0 0.2
3604 25 29 1 0.01 0.25
3605 31 23 1 0.01 0.31
3606 35 24 0 0 0.35
3607 29 25 0 0 0.29
3608 24 31 0 0 0.24
3609 20 36 0 0 0.2
3610 24 27 1 0.01 0.24
3611 32 21 2 0.02 0.32
3612 30 22 0 0 0.3
3613 31 29 1 0.01 0.31
3614 29 35 2 0.02 0.29
3615 22 35 0 0 0.22
3616 27 33 0 0 0.27
3617 34 23 0 0 0.34
3618 35 16 1 0.01 0.35
3619 30 27 2 0.02 0.3
3620 20 32 1 0.01 0.2
3621 14 37 2 0.02 0.14
3622 17 20 0 0 0.17
3623 16 17 0 0 0.16
3624 20 12 0 0 0.2
3625 19 13 0 0 0.19
3626 22 10 0 0 0.22
3627 14 14 1 0.01 0.14
3628 19 12 0 0 0.19
3629 17 22 0 0 0.17
3630 15 33 0 0 0.15
3631 17 25 0 0 0.17
3632 28 19 1 0.01 0.28
3633 27 18 0 0 0.27
3634 28 23 1 0.01 0.28
3635 22 24 0 0 0.22
3636 21 30 0 0 0.21
3637 25 28 1 0.01 0.25
3638 35 29 4 0.04 0.35
3639 30 30 0 0 0.3
3640 35 35 1 0.01 0.35
3641 35 33 1 0.01 0.35
3642 27 26 0 0 0.27
3643 23 31 1 0.01 0.23
3644 24 31 0 0 0.24
3645 24 19 0 0 0.24
3646 20 16 0 0 0.2
3647 17 22 1 0.01 0.17
3648 20 19 1 0.01 0.2
3649 17 23 0 0 0.17
3650 21 25 0 0 0.21
3651 22 14 1 0.01 0.22
3652 20 9 0 0 0.2
3653 15 15 1 0.01 0.15
3654 14 18 0 0 0.14
3655 21 23 1 0.01 0.21
3656 23 22 0 0 0.23
3657 33 24 1 0.01 0.33
3658 36 27 1 0.01 0.36
3659 25 30 0 0 0.25
3660 18 30 1 0.01 0.18
3661 23 25 1 0.01 0.23
3662 19 17 0 0 0.19
3663 21 12 1 0.01 0.21
3664 30 15 0 0 0.3
3665 24 11 0 0 0.24
3666 15 18 0 0 0.15
3667 10 25 0 0 0.1
3668 13 23 0 0 0.13
3669 20 15 1 0.01 0.2
3670 30 21 0 0 0.3
3671 25 29 2 0.02 0.25
3672 22 27 1 0.01 0.22
3673 26 22 0 0 0.26
3674 25 19 1 0.01 0.25
3675 24 18 1 0.01 0.24
3676 16 23 0 0 0.16
3677 13 28 0 0 0.13
3678 16 14 0 0 0.16
3679 19 11 0 0 0.19
3680 25 8 0 0 0.25
3681 8 16 0 0 0.08
3682 7 22 0 0 0.07
3683 8 19 2 0.02 0.08
3684 14 15 0 0 0.14
3685 17 15 0 0 0.17
3686 24 12 2 0.02 0.24
3687 23 12 0 0 0.23
3688 21 16 0 0 0.21
3689 20 29 1 0.01 0.2
3690 18 25 1 0.01 0.18
3691 16 26 1 0.01 0.16
3692 21 16 0 0 0.21
3693 23 17 0 0 0.23
3694 26 22 0 0 0.26
3695 23 20 0 0 0.23
3696 23 27 0 0 0.23
3697 28 28 0 0 0.28
3698 26 31 2 0.02 0.26
3699 33 29 0 0 0.33
3700 32 24 1 0.01 0.32
3701 27 31 2 0.02 0.27
3702 25 33 1 0.01 0.25
3703 31 29 1 0.01 0.31
3704 28 26 0 0 0.28
3705 28 26 0 0 0.28
3706 18 27 0 0 0.18
3707 18 28 1 0.01 0.18
3708 18 24 0 0 0.18
3709 25 22 0 0 0.25
3710 35 16 0 0 0.35
3711 31 18 1 0.01 0.31
3712 20 30 0 0 0.2
3713 16 37 0 0 0.16
3714 23 27 0 0 0.23
3715 42 20 1 0.01 0.42
3716 30 21 0 0 0.3
3717 25 26 2 0.02 0.25
3718 25 34 1 0.01 0.25
3719 27 32 0 0 0.27
3720 32 30 0 0 0.32
3721 28 28 1 0.01 0.28
3722 29 25 1 0.01 0.29
3723 26 28 2 0.02 0.26
3724 23 26 0 0 0.23
3725 27 30 1 0.01 0.27
3726 28 24 1 0.01 0.28
3727 25 29 0 0 0.25
3728 32 37 1 0.01 0.32
3729 29 31 0 0 0.29
3730 34 29 1 0.01 0.34
3731 35 28 2 0.02 0.35
3732 23 38 1 0.01 0.23
3733 24 36 1 0.01 0.24
3734 35 25 1 0.01 0.35
3735 36 27 1 0.01 0.36
3736 26 26 0 0 0.26
3737 22 27 0 0 0.22
3738 25 27 2 0.02 0.25
3739 20 22 0 0 0.2
3740 26 26 1 0.01 0.26
3741 27 30 2 0.02 0.27
3742 26 19 1 0.01 0.26
3743 25 22 0 0 0.25
3744 28 22 0 0 0.28
3745 18 27 1 0.01 0.18
3746 15 25 0 0 0.15
3747 22 21 0 0 0.22
3748 30 17 1 0.01 0.3
3749 28 22 1 0.01 0.28
3750 26 27 1 0.01 0.26
3751 22 27 0 0 0.22
3752 30 25 2 0.02 0.3
3753 27 21 0 0 0.27
3754 22 28 2 0.02 0.22
3755 22 30 2 0.02 0.22
3756 30 28 0 0 0.3
3757 36 21 2 0.02 0.36
3758 31 21 1 0.01 0.31
3759 27 29 1 0.01 0.27
3760 25 39 1 0.01 0.25
3761 26 37 1 0.01 0.26
3762 31 26 1 0.01 0.31
3763 30 21 2 0.02 0.3
3764 23 23 1 0.01 0.23
3765 26 25 2 0.02 0.26
3766 19 27 2 0.02 0.19
3767 27 29 1 0.01 0.27
3768 34 27 1 0.01 0.34
3769 36 35 3 0.03 0.36
3770 28 34 0 0 0.28
3771 29 32 1 0.01 0.29
3772 32 21 1 0.01 0.32
3773 24 25 0 0 0.24
3774 23 26 1 0.01 0.23
3775 24 30 1 0.01 0.24
3776 23 24 0 0 0.23
3777 27 18 0 0 0.27
3778 25 25 2 0.02 0.25
3779 17 32 0 0 0.17
3780 22 25 0 0 0.22
3781 27 20 0 0 0.27
3782 30 23 0 0 0.3
3783 21 17 0 0 0.21
3784 17 25 0 0 0.17
3785 20 24 1 0.01 0.2
3786 26 20 0 0 0.26
3787 26 15 0 0 0.26
3788 18 23 1 0.01 0.18
3789 19 18 0 0 0.19
3790 22 25 1 0.01 0.22
3791 26 25 0 0 0.26
3792 21 17 0 0 0.21
3793 28 17 0 0 0.28
3794 22 24 2 0.02 0.22
3795 23 28 0 0 0.23
3796 28 27 1 0.01 0.28
3797 30 22 0 0 0.3
3798 29 27 0 0 0.29
3799 26 37 1 0.01 0.26
3800 25 38 1 0.01 0.25
3801 36 18 1 0.01 0.36
3802 34 16 0 0 0.34
3803 23 32 1 0.01 0.23
3804 26 34 0 0 0.26
3805 38 28 0 0 0.38
3806 39 26 1 0.01 0.39
3807 28 31 1 0.01 0.28
3808 22 34 1 0.01 0.22
3809 30 33 2 0.02 0.3
3810 31 22 0 0 0.31
3811 29 20 2 0.02 0.29
3812 26 25 0 0 0.26
3813 20 28 0 0 0.2
3814 23 32 1 0.01 0.23
3815 21 28 1 0.01 0.21
3816 26 26 0 0 0.26
3817 24 15 1 0.01 0.24
3818 29 15 2 0.02 0.29
3819 18 30 0 0 0.18
3820 17 33 0 0 0.17
3821 16 28 0 0 0.16
3822 20 21 0 0 0.2
3823 27 13 0 0 0.27
3824 22 15 0 0 0.22
3825 18 20 0 0 0.18
3826 19 21 0 0 0.19
3827 21 20 0 0 0.21
3828 22 28 1 0.01 0.22
3829 22 23 0 0 0.22
3830 26 17 1 0.01 0.26
3831 27 14 1 0.01 0.27
3832 15 19 0 0 0.15
3833 13 19 1 0.01 0.13
3834 13 17 1 0.01 0.13
3835 11 18 0 0 0.11
3836 13 19 0 0 0.13
3837 18 13 2 0.02 0.18
3838 22 16 0 0 0.22
3839 26 20 1 0.01 0.26
3840 23 28 1 0.01 0.23
3841 24 34 0 0 0.24
3842 23 21 1 0.01 0.23
3843 29 18 1 0.01 0.29
3844 27 23 0 0 0.27
3845 23 21 1 0.01 0.23
3846 18 29 2 0.02 0.18
3847 20 32 0 0 0.2
3848 24 25 0 0 0.24
3849 30 21 1 0.01 0.3
3850 28 17 0 0 0.28
3851 21 24 1 0.01 0.21
3852 21 34 0 0 0.21
3853 22 28 1 0.01 0.22
3854 31 25 2 0.02 0.31
3855 34 22 1 0.01 0.34
3856 31 29 1 0.01 0.31
3857 24 33 2 0.02 0.24
3858 27 34 2 0.02 0.27
3859 34 30 1 0.01 0.34
3860 31 34 1 0.01 0.31
3861 28 36 0 0 0.28
3862 26 29 1 0.01 0.26
3863 27 20 1 0.01 0.27
3864 22 23 1 0.01 0.22
3865 22 24 1 0.01 0.22
3866 24 23 1 0.01 0.24
3867 29 23 0 0 0.29
3868 23 34 1 0.01 0.23
3869 31 33 2 0.02 0.31
3870 42 26 2 0.02 0.42
3871 36 26 1 0.01 0.36
3872 27 30 0 0 0.27
3873 18 36 0 0 0.18
3874 21 28 1 0.01 0.21
3875 36 21 1 0.01 0.36
3876 34 23 1 0.01 0.34
3877 31 30 0 0 0.31
3878 23 35 2 0.02 0.23
3879 21 38 0 0 0.21
3880 32 26 0 0 0.32
3881 32 18 2 0.02 0.32
3882 29 17 0 0 0.29
3883 22 25 2 0.02 0.22
3884 19 36 2 0.02 0.19
3885 21 29 0 0 0.21
3886 30 26 2 0.02 0.3
3887 35 20 1 0.01 0.35
3888 30 31 2 0.02 0.3
3889 28 35 1 0.01 0.28
3890 25 26 0 0 0.25
3891 26 21 1 0.01 0.26
3892 28 22 1 0.01 0.28
3893 28 21 1 0.01 0.28
3894 30 26 1 0.01 0.3
3895 26 33 1 0.01 0.26
3896 18 36 1 0.01 0.18
3897 21 22 0 0 0.21
3898 35 19 0 0 0.35
3899 35 19 1 0.01 0.35
3900 34 25 1 0.01 0.34
3901 20 45 1 0.01 0.2
3902 26 41 0 0 0.26
3903 32 25 1 0.01 0.32
3904 40 21 1 0.01 0.4
3905 38 26 0 0 0.38
3906 24 31 3 0.03 0.24
3907 24 28 1 0.01 0.24
3908 26 31 1 0.01 0.26
3909 23 33 3 0.03 0.23
3910 30 33 1 0.01 0.3
3911 36 25 1 0.01 0.36
3912 39 28 1 0.01 0.39
3913 29 35 1 0.01 0.29
3914 27 44 1 0.01 0.27
3915 24 32 1 0.01 0.24
3916 28 22 0 0 0.28
3917 34 19 1 0.01 0.34
3918 27 19 0 0 0.27
3919 17 24 1 0.01 0.17
3920 12 33 1 0.01 0.12
3921 21 26 0 0 0.21
3922 31 15 0 0 0.31
3923 29 14 1 0.01 0.29
3924 25 26 1 0.01 0.25
3925 19 31 1 0.01 0.19
3926 23 29 0 0 0.23
3927 25 22 0 0 0.25
3928 30 18 1 0.01 0.3
3929 24 20 1 0.01 0.24
3930 19 28 0 0 0.19
3931 19 36 0 0 0.19
3932 28 26 1 0.01 0.28
3933 33 16 1 0.01 0.33
3934 29 19 1 0.01 0.29
3935 26 21 1 0.01 0.26
3936 23 26 1 0.01 0.23
3937 26 28 1 0.01 0.26
3938 22 32 0 0 0.22
3939 23 28 2 0.02 0.23
3940 28 22 1 0.01 0.28
3941 29 20 0 0 0.29
3942 33 26 1 0.01 0.33
3943 19 27 1 0.01 0.19
3944 16 27 0 0 0.16
3945 19 25 2 0.02 0.19
3946 21 18 0 0 0.21
3947 22 11 0 0 0.22
3948 26 12 2 0.02 0.26
3949 18 18 0 0 0.18
3950 11 27 0 0 0.11
3951 7 33 1 0.01 0.07
3952 4 18 0 0 0.04
3953 6 5 0 0 0.06
3954 13 3 0 0 0.13
3955 21 2 0 0 0.21
3956 23 1 0 0 0.23
3957 11 1 0 0 0.11
3958 7 4 0 0 0.07
3959 2 11 0 0 0.02
3960 2 22 0 0 0.02
3961 4 20 0 0 0.04
3962 9 10 0 0 0.09
3963 12 10 0 0 0.12
3964 16 11 0 0 0.16
3965 11 10 0 0 0.11
3966 15 7 1 0.01 0.15
3967 17 10 0 0 0.17
3968 11 10 0 0 0.11
3969 8 15 1 0.01 0.08
3970 8 16 0 0 0.08
3971 16 16 0 0 0.16
3972 21 17 1 0.01 0.21
3973 22 12 1 0.01 0.22
3974 20 17 0 0 0.2
3975 17 20 0 0 0.17
3976 19 20 0 0 0.19
3977 18 24 3 0.03 0.18
3978 14 26 0 0 0.14
3979 21 23 1 0.01 0.21
3980 29 17 2 0.02 0.29
3981 32 22 1 0.01 0.32
3982 24 26 1 0.01 0.24
3983 25 25 0 0 0.25
3984 25 31 1 0.01 0.25
3985 22 32 0 0 0.22
3986 31 28 1 0.01 0.31
3987 41 21 0 0 0.41
3988 34 20 0 0 0.34
3989 27 35 1 0.01 0.27
3990 24 35 0 0 0.24
3991 29 25 0 0 0.29
3992 37 31 1 0.01 0.37
3993 28 36 2 0.02 0.28
3994 31 27 0 0 0.31
3995 28 24 0 0 0.28
3996 21 23 1 0.01 0.21
3997 25 22 1 0.01 0.25
3998 24 24 1 0.01 0.24
3999 22 25 0 0 0.22
4000 23 20 1 0.01 0.23
4001 21 20 0 0 0.21
4002 21 23 3 0.03 0.21
4003 22 23 0 0 0.22
4004 18 19 0 0 0.18
4005 23 21 1 0.01 0.23
4006 24 26 1 0.01 0.24
4007 26 27 0 0 0.26
4008 27 29 2 0.02 0.27
4009 28 20 0 0 0.28
4010 25 20 0 0 0.25
4011 20 22 2 0.02 0.2
4012 15 25 0 0 0.15
4013 18 23 1 0.01 0.18
4014 23 19 2 0.02 0.23
4015 24 16 0 0 0.24
4016 27 22 0 0 0.27
4017 18 29 0 0 0.18
4018 21 28 0 0 0.21
4019 30 25 0 0 0.3
4020 30 27 2 0.02 0.3
4021 33 28 2 0.02 0.33
4022 23 31 1 0.01 0.23
4023 21 27 0 0 0.21
4024 20 25 0 0 0.2
4025 19 24 0 0 0.19
4026 22 20 0 0 0.22
4027 31 21 1 0.01 0.31
4028 26 16 1 0.01 0.26
4029 24 18 0 0 0.24
4030 17 28 1 0.01 0.17
4031 20 28 1 0.01 0.2
4032 20 21 0 0 0.2
4033 22 14 1 0.01 0.22
4034 22 19 1 0.01 0.22
4035 15 18 0 0 0.15
4036 18 19 0 0 0.18
4037 26 21 2 0.02 0.26
4038 18 24 0 0 0.18
4039 23 22 0 0 0.23
4040 16 27 1 0.01 0.16
4041 18 24 1 0.01 0.18
4042 32 16 1 0.01 0.32
4043 32 20 0 0 0.32
4044 25 26 0 0 0.25
4045 13 32 1 0.01 0.13
4046 18 29 0 0 0.18
4047 27 17 0 0 0.27
4048 29 19 1 0.01 0.29
4049 19 17 1 0.01 0.19
4050 14 15 1 0.01 0.14
4051 17 20 0 0 0.17
4052 15 24 1 0.01 0.15
4053 23 30 0 0 0.23
4054 23 26 1 0.01 0.23
4055 30 18 1 0.01 0.3
4056 35 18 1 0.01 0.35
4057 26 23 1 0.01 0.26
4058 18 31 0 0 0.18
4059 15 40 1 0.01 0.15
4060 24 25 0 0 0.24
4061 30 18 1 0.01 0.3
4062 24 19 0 0 0.24
4063 19 26 0 0 0.19
4064 16 28 0 0 0.16
4065 24 30 0 0 0.24
4066 23 18 0 0 0.23
4067 27 15 1 0.01 0.27
4068 24 19 1 0.01 0.24
4069 20 23 0 0 0.2
4070 22 24 1 0.01 0.22
4071 18 27 0 0 0.18
4072 20 22 1 0.01 0.2
4073 28 15 0 0 0.28
4074 22 14 0 0 0.22
4075 16 20 0 0 0.16
4076 17 30 1 0.01 0.17
4077 20 27 1 0.01 0.2
4078 32 24 2 0.02 0.32
4079 37 21 1 0.01 0.37
4080 30 22 1 0.01 0.3
4081 23 39 0 0 0.23
4082 23 36 0 0 0.23
4083 32 25 1 0.01 0.32
4084 36 20 1 0.01 0.36
4085 34 27 2 0.02 0.34
4086 26 41 1 0.01 0.26
4087 33 36 1 0.01 0.33
4088 47 32 1 0.01 0.47
4089 45 25 3 0.03 0.45
4090 26 32 1 0.01 0.26
4091 27 41 2 0.02 0.27
4092 30 30 3 0.03 0.3
4093 37 25 1 0.01 0.37
4094 28 27 2 0.02 0.28
4095 23 39 1 0.01 0.23
4096 18 32 1 0.01 0.18
4097 31 25 0 0 0.31
4098 42 21 2 0.02 0.42
4099 29 29 1 0.01 0.29
4100 24 36 2 0.02 0.24
4101 31 31 1 0.01 0.31
4102 30 29 1 0.01 0.3
4103 31 24 1 0.01 0.31
4104 28 25 0 0 0.28
4105 26 26 1 0.01 0.26
4106 18 28 0 0 0.18
4107 24 36 0 0 0.24
4108 29 24 0 0 0.29
4109 33 21 0 0 0.33
4110 34 30 1 0.01 0.34
4111 28 31 1 0.01 0.28
4112 27 31 1 0.01 0.27
4113 25 27 1 0.01 0.25
4114 26 22 2 0.02 0.26
4115 32 17 0 0 0.32
4116 29 18 0 0 0.29
4117 19 29 0 0 0.19
4118 18 32 1 0.01 0.18
4119 26 31 1 0.01 0.26
4120 32 25 1 0.01 0.32
4121 37 29 2 0.02 0.37
4122 35 32 0 0 0.35
4123 34 34 2 0.02 0.34
4124 36 34 2 0.02 0.36
4125 29 30 0 0 0.29
4126 33 26 1 0.01 0.33
4127 30 36 2 0.02 0.3
4128 25 34 1 0.01 0.25
4129 24 20 0 0 0.24
4130 33 19 0 0 0.33
4131 27 30 0 0 0.27
4132 21 38 1 0.01 0.21
4133 19 29 1 0.01 0.19
4134 18 22 1 0.01 0.18
4135 25 25 0 0 0.25
4136 28 23 1 0.01 0.28
4137 29 29 1 0.01 0.29
4138 24 32 0 0 0.24
4139 22 24 1 0.01 0.22
4140 21 24 0 0 0.21
4141 32 25 0 0 0.32
4142 26 29 1 0.01 0.26
4143 37 35 1 0.01 0.37
4144 33 26 1 0.01 0.33
4145 32 34 1 0.01 0.32
4146 23 28 1 0.01 0.23
4147 17 25 0 0 0.17
4148 24 17 0 0 0.24
4149 29 21 1 0.01 0.29
4150 25 24 0 0 0.25
4151 23 28 0 0 0.23
4152 25 28 1 0.01 0.25
4153 29 26 1 0.01 0.29
4154 27 21 0 0 0.27
4155 28 24 2 0.02 0.28
4156 20 32 1 0.01 0.2
4157 28 25 0 0 0.28
4158 36 28 3 0.03 0.36
4159 28 20 0 0 0.28
4160 24 21 0 0 0.24
4161 21 30 1 0.01 0.21
4162 29 24 0 0 0.29
4163 35 20 0 0 0.35
4164 32 24 2 0.02 0.32
4165 19 32 1 0.01 0.19
4166 22 40 1 0.01 0.22
4167 26 28 1 0.01 0.26
4168 30 20 0 0 0.3
4169 31 18 1 0.01 0.31
4170 31 25 2 0.02 0.31
4171 24 33 0 0 0.24
4172 28 31 0 0 0.28
4173 36 26 1 0.01 0.36
4174 34 31 1 0.01 0.34
4175 24 32 0 0 0.24
4176 22 30 0 0 0.22
4177 23 26 0 0 0.23
4178 32 22 0 0 0.32
4179 27 24 1 0.01 0.27
4180 20 28 0 0 0.2
4181 23 30 0 0 0.23
4182 37 20 2 0.02 0.37
4183 28 23 0 0 0.28
4184 18 29 0 0 0.18
4185 22 31 0 0 0.22
4186 27 25 0 0 0.27
4187 24 24 0 0 0.24
4188 27 27 0 0 0.27
4189 28 29 0 0 0.28
4190 30 32 0 0 0.3
4191 30 32 2 0.02 0.3
4192 39 26 1 0.01 0.39
4193 24 28 0 0 0.24
4194 23 30 1 0.01 0.23
4195 26 30 1 0.01 0.26
4196 31 28 0 0 0.31
4197 30 24 0 0 0.3
4198 31 27 0 0 0.31
4199 26 30 0 0 0.26
4200 19 32 1 0.01 0.19
4201 22 24 0 0 0.22
4202 26 19 0 0 0.26
4203 34 22 0 0 0.34
4204 24 24 0 0 0.24
4205 22 31 1 0.01 0.22
4206 22 32 1 0.01 0.22
4207 31 26 1 0.01 0.31
4208 37 22 2 0.02 0.37
4209 34 29 0 0 0.34
4210 27 37 0 0 0.27
4211 34 29 0 0 0.34
4212 38 29 2 0.02 0.38
4213 29 25 1 0.01 0.29
4214 28 32 1 0.01 0.28
4215 27 29 2 0.02 0.27
4216 30 28 1 0.01 0.3
4217 28 22 2 0.02 0.28
4218 29 28 0 0 0.29
4219 15 30 0 0 0.15
4220 18 36 1 0.01 0.18
4221 20 23 0 0 0.2
4222 31 19 0 0 0.31
4223 37 16 0 0 0.37
4224 25 19 1 0.01 0.25
4225 16 29 0 0 0.16
4226 19 27 0 0 0.19
4227 20 32 1 0.01 0.2
4228 29 19 0 0 0.29
4229 30 16 0 0 0.3
4230 26 18 1 0.01 0.26
4231 16 22 0 0 0.16
4232 14 13 0 0 0.14
4233 19 14 1 0.01 0.19
4234 18 15 0 0 0.18
4235 19 17 1 0.01 0.19
4236 18 25 2 0.02 0.18
4237 20 19 0 0 0.2
4238 19 24 1 0.01 0.19
4239 21 22 2 0.02 0.21
4240 28 22 0 0 0.28
4241 25 20 1 0.01 0.25
4242 31 22 1 0.01 0.31
4243 22 25 0 0 0.22
4244 31 38 1 0.01 0.31
4245 33 35 2 0.02 0.33
4246 35 30 1 0.01 0.35
4247 37 26 0 0 0.37
4248 34 32 2 0.02 0.34
4249 29 37 2 0.02 0.29
4250 27 38 0 0 0.27
4251 33 31 1 0.01 0.33
4252 38 27 1 0.01 0.38
4253 36 34 0 0 0.36
4254 33 38 1 0.01 0.33
4255 28 34 1 0.01 0.28
4256 34 33 1 0.01 0.34
4257 38 29 2 0.02 0.38
4258 31 27 0 0 0.31
4259 29 34 0 0 0.29
4260 35 30 1 0.01 0.35
4261 34 32 0 0 0.34
4262 34 29 0 0 0.34
4263 29 36 1 0.01 0.29
4264 27 31 0 0 0.27
4265 35 25 1 0.01 0.35
4266 30 28 1 0.01 0.3
4267 27 37 1 0.01 0.27
4268 28 30 0 0 0.28
4269 28 22 0 0 0.28
4270 23 21 1 0.01 0.23
4271 21 26 1 0.01 0.21
4272 19 22 1 0.01 0.19
4273 27 20 1 0.01 0.27
4274 33 20 0 0 0.33
4275 21 30 2 0.02 0.21
4276 16 28 1 0.01 0.16
4277 21 19 0 0 0.21
4278 25 15 1 0.01 0.25
4279 25 19 0 0 0.25
4280 23 27 0 0 0.23
4281 21 32 0 0 0.21
4282 24 29 0 0 0.24
4283 33 25 1 0.01 0.33
4284 32 20 2 0.02 0.32
4285 29 21 1 0.01 0.29
4286 24 29 1 0.01 0.24
4287 29 32 1 0.01 0.29
4288 34 29 2 0.02 0.34
4289 33 31 2 0.02 0.33
4290 31 37 1 0.01 0.31
4291 28 34 1 0.01 0.28
4292 28 26 2 0.02 0.28
4293 34 20 1 0.01 0.34
4294 23 28 0 0 0.23
4295 21 29 1 0.01 0.21
4296 27 20 0 0 0.27
4297 39 20 0 0 0.39
4298 36 21 1 0.01 0.36
4299 25 31 0 0 0.25
4300 18 32 1 0.01 0.18
4301 23 35 0 0 0.23
4302 28 23 0 0 0.28
4303 31 22 0 0 0.31
4304 32 24 1 0.01 0.32
4305 27 29 0 0 0.27
4306 22 32 2 0.02 0.22
4307 30 32 1 0.01 0.3
4308 34 26 1 0.01 0.34
4309 35 27 3 0.03 0.35
4310 28 30 1 0.01 0.28
4311 24 34 0 0 0.24
4312 35 30 2 0.02 0.35
4313 37 28 1 0.01 0.37
4314 27 33 1 0.01 0.27
4315 23 38 2 0.02 0.23
4316 17 28 0 0 0.17
4317 27 18 0 0 0.27
4318 35 17 2 0.02 0.35
4319 24 20 1 0.01 0.24
4320 16 31 0 0 0.16
4321 12 29 0 0 0.12
4322 16 21 1 0.01 0.16
4323 30 18 0 0 0.3
4324 36 21 1 0.01 0.36
4325 31 28 2 0.02 0.31
4326 26 37 1 0.01 0.26
4327 31 36 1 0.01 0.31
4328 30 28 1 0.01 0.3
4329 27 27 1 0.01 0.27
4330 24 33 1 0.01 0.24
4331 20 32 2 0.02 0.2
4332 24 24 0 0 0.24
4333 31 18 1 0.01 0.31
4334 27 19 3 0.03 0.27
4335 25 23 0 0 0.25
4336 20 31 0 0 0.2
4337 26 26 3 0.03 0.26
4338 32 24 1 0.01 0.32
4339 24 21 0 0 0.24
4340 22 21 1 0.01 0.22
4341 24 28 1 0.01 0.24
4342 23 25 1 0.01 0.23
4343 29 32 1 0.01 0.29
4344 29 19 1 0.01 0.29
4345 26 22 0 0 0.26
4346 27 31 1 0.01 0.27
4347 33 40 1 0.01 0.33
4348 32 34 1 0.01 0.32
4349 36 31 1 0.01 0.36
4350 36 23 2 0.02 0.36
4351 30 26 2 0.02 0.3
4352 18 29 1 0.01 0.18
4353 22 25 2 0.02 0.22
4354 30 19 2 0.02 0.3
4355 26 23 0 0 0.26
4356 28 25 1 0.01 0.28
4357 26 33 2 0.02 0.26
4358 27 25 1 0.01 0.27
4359 31 24 2 0.02 0.31
4360 30 28 1 0.01 0.3
4361 22 33 0 0 0.22
4362 24 39 2 0.02 0.24
4363 41 25 0 0 0.41
4364 38 22 1 0.01 0.38
4365 26 30 3 0.03 0.26
4366 25 37 1 0.01 0.25
4367 32 26 0 0 0.32
4368 38 26 1 0.01 0.38
4369 29 37 0 0 0.29
4370 23 38 1 0.01 0.23
4371 31 31 1 0.01 0.31
4372 38 17 1 0.01 0.38
4373 28 22 1 0.01 0.28
4374 15 22 0 0 0.15
4375 11 24 1 0.01 0.11
4376 20 28 0 0 0.2
4377 25 19 1 0.01 0.25
4378 30 25 1 0.01 0.3
4379 25 23 1 0.01 0.25
4380 25 28 2 0.02 0.25
4381 27 31 1 0.01 0.27
4382 35 26 1 0.01 0.35
4383 33 25 1 0.01 0.33
4384 29 26 1 0.01 0.29
4385 24 23 0 0 0.24
4386 25 32 2 0.02 0.25
4387 24 37 1 0.01 0.24
4388 30 33 0 0 0.3
4389 43 27 1 0.01 0.43
4390 40 27 2 0.02 0.4
4391 29 41 1 0.01 0.29
4392 25 44 1 0.01 0.25
4393 27 34 0 0 0.27
4394 40 27 1 0.01 0.4
4395 38 23 1 0.01 0.38
4396 27 28 1 0.01 0.27
4397 17 31 0 0 0.17
4398 17 30 0 0 0.17
4399 13 16 0 0 0.13
4400 22 12 0 0 0.22
4401 25 21 1 0.01 0.25
4402 22 22 0 0 0.22
4403 24 29 1 0.01 0.24
4404 26 30 2 0.02 0.26
4405 30 33 0 0 0.3
4406 31 32 0 0 0.31
4407 32 33 2 0.02 0.32
4408 26 35 1 0.01 0.26
4409 26 35 1 0.01 0.26
4410 32 24 2 0.02 0.32
4411 31 23 0 0 0.31
4412 24 28 1 0.01 0.24
4413 28 31 2 0.02 0.28
4414 32 26 1 0.01 0.32
4415 32 26 0 0 0.32
4416 25 32 1 0.01 0.25
4417 26 33 1 0.01 0.26
4418 35 29 1 0.01 0.35
4419 43 26 2 0.02 0.43
4420 31 24 2 0.02 0.31
4421 23 41 0 0 0.23
4422 23 33 1 0.01 0.23
4423 28 24 1 0.01 0.28
4424 28 20 1 0.01 0.28
4425 31 22 0 0 0.31
4426 17 21 0 0 0.17
4427 24 24 1 0.01 0.24
4428 25 21 1 0.01 0.25
4429 25 20 0 0 0.25
4430 18 24 0 0 0.18
4431 17 25 1 0.01 0.17
4432 18 22 0 0 0.18
4433 19 15 1 0.01 0.19
4434 24 13 0 0 0.24
4435 20 15 0 0 0.2
4436 22 21 2 0.02 0.22
4437 18 22 1 0.01 0.18
4438 20 22 1 0.01 0.2
4439 17 23 1 0.01 0.17
4440 20 19 1 0.01 0.2
4441 24 20 0 0 0.24
4442 25 23 2 0.02 0.25
4443 28 33 0 0 0.28
4444 25 26 0 0 0.25
4445 26 35 1 0.01 0.26
4446 26 35 0 0 0.26
4447 37 23 1 0.01 0.37
4448 32 22 1 0.01 0.32
4449 27 33 1 0.01 0.27
4450 27 35 1 0.01 0.27
4451 29 22 2 0.02 0.29
4452 32 20 0 0 0.32
4453 22 23 1 0.01 0.22
4454 22 27 1 0.01 0.22
4455 21 26 0 0 0.21
4456 26 19 1 0.01 0.26
4457 29 18 0 0 0.29
4458 19 21 2 0.02 0.19
4459 17 31 0 0 0.17
4460 19 33 1 0.01 0.19
4461 27 22 1 0.01 0.27
4462 38 15 1 0.01 0.38
4463 26 22 1 0.01 0.26
4464 20 34 0 0 0.2
4465 21 35 0 0 0.21
4466 24 24 0 0 0.24
4467 24 20 1 0.01 0.24
4468 26 27 0 0 0.26
4469 26 33 0 0 0.26
4470 26 29 1 0.01 0.26
4471 31 24 0 0 0.31
4472 32 16 2 0.02 0.32
4473 22 26 0 0 0.22
4474 19 30 1 0.01 0.19
4475 16 27 0 0 0.16
4476 16 19 1 0.01 0.16
4477 27 16 1 0.01 0.27
4478 36 21 0 0 0.36
4479 25 22 0 0 0.25
4480 19 28 0 0 0.19
4481 19 26 0 0 0.19
4482 24 16 1 0.01 0.24
4483 24 11 0 0 0.24
4484 20 14 1 0.01 0.2
4485 11 14 1 0.01 0.11
4486 5 17 0 0 0.05
4487 6 15 0 0 0.06
4488 6 15 0 0 0.06
4489 10 10 0 0 0.1
4490 10 11 0 0 0.1
4491 8 10 0 0 0.08
4492 13 11 0 0 0.13
4493 19 10 0 0 0.19
4494 17 14 0 0 0.17
4495 17 11 0 0 0.17
4496 17 19 0 0 0.17
4497 14 30 1 0.01 0.14
4498 17 27 1 0.01 0.17
4499 16 13 0 0 0.16
4500 27 13 0 0 0.27
4501 24 14 0 0 0.24
4502 18 20 1 0.01 0.18
4503 15 27 1 0.01 0.15
4504 15 29 1 0.01 0.15
4505 23 19 1 0.01 0.23
4506 32 15 1 0.01 0.32
4507 29 24 1 0.01 0.29
4508 22 30 0 0 0.22
4509 23 31 1 0.01 0.23
4510 24 24 0 0 0.24
4511 27 20 0 0 0.27
4512 28 22 3 0.03 0.28
4513 20 23 0 0 0.2
4514 24 23 0 0 0.24
4515 28 21 1 0.01 0.28
4516 18 22 0 0 0.18
4517 15 19 0 0 0.15
4518 23 22 1 0.01 0.23
4519 20 21 1 0.01 0.2
4520 23 27 1 0.01 0.23
4521 36 24 2 0.02 0.36
4522 30 18 0 0 0.3
4523 26 23 1 0.01 0.26
4524 24 33 2 0.02 0.24
4525 21 23 1 0.01 0.21
4526 26 22 0 0 0.26
4527 23 22 2 0.02 0.23
4528 19 25 0 0 0.19
4529 28 23 1 0.01 0.28
4530 32 27 2 0.02 0.32
4531 23 27 0 0 0.23
4532 17 28 0 0 0.17
4533 18 27 0 0 0.18
4534 21 18 1 0.01 0.21
4535 24 18 0 0 0.24
4536 29 11 0 0 0.29
4537 15 21 1 0.01 0.15
4538 14 29 0 0 0.14
4539 17 23 0 0 0.17
4540 34 16 1 0.01 0.34
4541 28 18 1 0.01 0.28
4542 15 13 0 0 0.15
4543 12 14 1 0.01 0.12
4544 11 18 0 0 0.11
4545 11 18 0 0 0.11
4546 16 15 1 0.01 0.16
4547 18 17 0 0 0.18
4548 19 16 0 0 0.19
4549 17 17 1 0.01 0.17
4550 24 16 0 0 0.24
4551 20 26 0 0 0.2
4552 19 30 1 0.01 0.19
4553 28 25 0 0 0.28
4554 32 22 0 0 0.32
4555 27 28 2 0.02 0.27
4556 20 36 1 0.01 0.2
4557 20 31 0 0 0.2
4558 27 25 2 0.02 0.27
4559 34 17 1 0.01 0.34
4560 29 16 1 0.01 0.29
4561 23 25 0 0 0.23
4562 19 30 2 0.02 0.19
4563 16 33 0 0 0.16
4564 23 25 0 0 0.23
4565 31 20 1 0.01 0.31
4566 30 15 0 0 0.3
4567 21 21 0 0 0.21
4568 17 26 0 0 0.17
4569 15 24 0 0 0.15
4570 23 19 1 0.01 0.23
4571 27 17 1 0.01 0.27
4572 28 16 0 0 0.28
4573 23 24 2 0.02 0.23
4574 13 29 1 0.01 0.13
4575 16 26 0 0 0.16
4576 25 22 2 0.02 0.25
4577 38 18 1 0.01 0.38
4578 31 20 0 0 0.31
4579 18 31 0 0 0.18
4580 19 39 1 0.01 0.19
4581 25 17 0 0 0.25
4582 22 17 0 0 0.22
4583 22 18 1 0.01 0.22
4584 17 18 0 0 0.17
4585 22 21 0 0 0.22
4586 23 17 2 0.02 0.23
4587 21 22 0 0 0.21
4588 19 30 0 0 0.19
4589 19 22 1 0.01 0.19
4590 31 23 1 0.01 0.31
4591 28 30 0 0 0.28
4592 27 37 2 0.02 0.27
4593 23 25 1 0.01 0.23
4594 31 23 0 0 0.31
4595 32 22 1 0.01 0.32
4596 26 28 0 0 0.26
4597 19 29 1 0.01 0.19
4598 20 30 0 0 0.2
4599 25 21 1 0.01 0.25
4600 33 22 1 0.01 0.33
4601 30 22 0 0 0.3
4602 24 34 2 0.02 0.24
4603 19 40 1 0.01 0.19
4604 22 26 0 0 0.22
4605 37 21 2 0.02 0.37
4606 36 28 0 0 0.36
4607 30 37 1 0.01 0.3
4608 30 37 2 0.02 0.3
4609 29 29 2 0.02 0.29
4610 24 27 0 0 0.24
4611 23 23 2 0.02 0.23
4612 25 21 0 0 0.25
4613 18 22 0 0 0.18
4614 16 16 1 0.01 0.16
4615 16 16 0 0 0.16
4616 20 13 1 0.01 0.2
4617 24 21 1 0.01 0.24
4618 22 18 0 0 0.22
4619 19 25 2 0.02 0.19
4620 21 23 0 0 0.21
4621 19 23 0 0 0.19
4622 20 21 2 0.02 0.2
4623 26 20 1 0.01 0.26
4624 27 25 0 0 0.27
4625 26 31 2 0.02 0.26
4626 20 31 0 0 0.2
4627 20 28 0 0 0.2
4628 28 28 3 0.03 0.28
4629 30 20 0 0 0.3
4630 31 23 1 0.01 0.31
4631 24 30 2 0.02 0.24
4632 21 33 0 0 0.21
4633 23 29 1 0.01 0.23
4634 20 24 3 0.03 0.2
4635 26 14 0 0 0.26
4636 27 19 0 0 0.27
4637 27 24 1 0.01 0.27
4638 17 26 0 0 0.17
4639 16 24 0 0 0.16
4640 26 24 3 0.03 0.26
4641 29 15 0 0 0.29
4642 24 22 1 0.01 0.24
4643 13 30 1 0.01 0.13
4644 10 27 0 0 0.1
4645 19 18 0 0 0.19
4646 31 9 0 0 0.31
4647 29 4 0 0 0.29
4648 14 7 1 0.01 0.14
4649 8 11 0 0 0.08
4650 5 24 0 0 0.05
4651 5 30 0 0 0.05
4652 7 19 0 0 0.07
4653 11 12 0 0 0.11
4654 18 9 1 0.01 0.18
4655 23 5 0 0 0.23
4656 26 5 0 0 0.26
4657 18 4 1 0.01 0.18
4658 11 7 0 0 0.11
4659 3 15 0 0 0.03
4660 1 29 0 0 0.01
4661 1 19 0 0 0.01
4662 4 10 0 0 0.04
4663 4 4 0 0 0.04
4664 8 2 0 0 0.08
4665 15 1 0 0 0.15
4666 14 0 0 0 0.14
4667 14 0 0 0 0.14
4668 6 0 0 0 0.06
4669 3 0 0 0 0.03
4670 4 0 0 0 0.04
4671 2 0 0 0 0.02
4672 0 0 0 0 0
4673 0 0 0 0 0
4674 0 0 0 0 0
4675 0 0 0 0 0
4676 0 0 0 0 0
4677 0 0 0 0 0
4678 0 0 0 0 0
4679 0 0 0 0 0
4680 0 0 0 0 0
4681 0 0 0 0 0
4682 0 0 0 0 0
