99799 1806025360
99803 1806025360
99805 1805992112
99811 1806020360
99819 1806020360
99827 1390414784
99831 1805873763
99837 1805947568
99841 216149064
99847 1806020360
99851 1805879833
99857 1805947568
99863 1806020360
99869 1805992112
99873 216148406
99877 1806025360
99885 1529
99891 1805794725
99897 1390415200
99901 1390414976
99905 1390415544
99913 1390417800
99925 1390416048
99928 32767
99931 0
99937 0
99944 539959472
99947 0
99953 1390416520
99961 1
99965 1390417083
99966 32767
99974 1
99975 1
99983 4
99989 1390417080
99993 1390417384
99999 1390417384
