99801 216148406
99809 1390414688
99813 1390414832
99816 32767
99821 1390414688
99825 440449178
99829 1390414880
99835 1390415596
99839 1806020360
99843 1130254552
99849 216148406
99853 1390414880
99857 1390415480
99863 1390415416
99867 1390417084
99868 32767
99875 1390417084
99881 1390415544
99889 1390417800
99901 1390415072
99905 1390415640
99911 1390415608
99915 1390417179
99925 1390416144
99929 1390416520
99934 7
99937 1
99941 1390417083
99942 32767
99953 1390416616
99955 1
99961 1
99965 1390417179
99966 32767
99974 1
99983 4
99989 1390417176
99999 461385728
