9801 50
9809 51
9817 49
9825 46
9833 44
9841 40
9849 35
9858 37
9866 38
9874 39
9882 36
9890 41
9898 37
9906 37
9915 37
9923 36
9931 41
9939 44
9947 46
9955 44
9963 40
9971 38
9979 39
9988 41
9996 44
10004 47
10012 46
10020 37
10029 42
10037 48
10045 43
10053 40
10061 38
10070 38
10078 43
10086 42
10094 48
10102 54
10110 51
10118 45
10126 42
10135 40
10143 40
10151 38
10160 40
10168 43
10176 47
10184 53
10193 41
10201 42
10209 48
10217 54
10225 39
10234 45
10242 44
10250 43
10258 46
10266 46
10274 45
10282 41
10290 36
10298 36
10307 36
10315 33
10323 34
10332 34
10340 35
10348 34
10356 37
10364 37
10372 35
10380 32
10388 37
10396 36
10404 35
10413 34
10421 41
10429 42
10437 43
10445 50
10453 47
10461 39
10469 37
10478 38
10486 48
10494 47
10502 50
10511 43
10519 45
10527 52
10535 48
10543 50
10552 45
10560 46
10568 49
10576 50
10585 43
10593 46
10601 50
10609 47
10617 53
10625 42
10634 38
10642 37
10650 42
10658 46
10666 48
10674 48
10682 45
10691 47
10699 42
10707 38
10715 38
10723 43
10731 40
10739 38
10747 37
10755 36
10764 35
10772 36
10780 41
10788 40
10796 37
10804 36
10813 37
10821 39
10829 41
10837 45
10845 49
10853 50
10861 48
10869 41
10878 42
10886 46
10894 46
10902 45
10910 46
10918 47
10926 42
10935 45
10943 46
10951 45
10959 45
10967 43
10976 47
10984 49
10992 43
11000 47
11008 41
11017 49
11025 46
11033 49
11042 53
11050 63
11058 58
11066 58
11074 49
11083 54
11091 47
11099 49
11107 44
11115 36
11124 35
11132 38
11140 38
11148 39
11156 40
11165 34
11173 37
11181 40
11189 46
11197 42
11205 40
11213 41
11221 38
11229 38
11238 38
11246 46
11254 43
11262 48
11270 43
11278 38
11287 37
11295 47
11303 46
11311 45
11319 38
11328 40
11336 45
11344 38
11352 35
11360 36
11368 33
11377 44
11385 47
11393 43
11401 50
11409 48
11418 46
11426 48
11434 52
11442 41
11450 38
11458 36
11467 38
11475 40
11483 46
11491 42
11499 45
11508 36
11516 44
11524 50
11532 49
11540 53
11548 51
11556 51
11564 50
11573 40
11581 48
11589 51
11597 51
11605 47
11614 43
11622 47
11630 46
11638 51
11646 46
11654 41
11662 41
11670 35
11679 41
11687 45
11695 46
11703 39
11711 39
11720 37
11728 39
11736 42
11744 41
11752 41
11761 37
11769 41
11777 44
11785 40
11793 37
11801 35
11809 32
11818 37
11826 40
11834 42
11842 47
11850 55
11858 49
11867 39
11875 52
11883 45
11891 44
11899 45
11907 42
11915 41
11923 38
11931 35
11940 38
11948 40
11956 44
11964 47
11972 44
11980 39
11988 38
11997 37
12005 44
12013 47
12021 40
12029 41
12037 38
12045 36
12054 39
12062 39
12070 44
12078 35
12086 33
12095 35
12103 40
12111 42
12119 43
12127 43
12135 42
12144 49
12152 52
12160 50
12168 47
12177 39
12185 47
12193 46
12201 46
12209 45
12217 46
12226 48
12234 47
12242 39
12251 43
12259 46
12267 46
12275 44
12283 39
12292 43
12300 52
12308 50
12316 49
12324 46
12332 43
12340 37
12348 37
12357 39
12365 41
12373 46
12381 44
12389 45
12397 46
12405 41
12413 41
12421 38
12430 36
12438 35
12446 37
12454 42
12462 40
12470 37
12479 39
12487 44
12495 41
12503 43
12511 43
12519 41
12527 43
12535 40
12544 37
12552 41
12560 47
12568 47
12576 49
12584 44
12593 41
12601 43
12609 44
12617 45
12625 45
12633 44
12641 38
12649 39
12657 34
12666 35
12674 38
12682 38
12690 34
12698 35
12706 33
12715 44
12723 44
12731 51
12739 51
12747 48
12755 52
12763 44
12771 40
12780 36
12788 36
12796 36
12804 41
12812 36
12821 36
12829 36
12837 37
12845 41
12853 46
12861 47
12869 50
12877 50
12885 49
12893 53
12901 36
12910 43
12918 40
12926 42
12934 38
12942 39
12950 39
12959 40
12967 40
12975 39
12983 40
12991 39
13000 38
13008 44
13016 49
13024 40
13032 39
13040 38
13048 36
13057 43
13065 45
13073 48
13081 45
13089 43
13097 36
13105 32
13114 32
13122 32
13130 31
13139 28
13147 32
13155 35
13163 34
13171 37
13179 34
13187 35
13195 34
13203 35
13211 38
13219 34
13228 34
13236 40
13244 44
13252 46
13260 51
13268 51
13276 44
13284 39
13292 36
13301 36
13309 40
13317 41
13325 46
13333 42
13341 45
13349 40
13357 42
13366 49
13374 47
13382 46
13390 43
13398 40
13406 39
13415 47
13423 45
13431 50
13439 49
13447 54
13455 48
13464 46
13472 43
13480 49
13488 47
13496 48
13504 43
13513 48
13521 44
13529 43
13537 40
13545 42
13554 37
13562 44
13570 45
13578 39
13587 38
13595 44
13603 46
13611 48
13619 53
13627 49
13635 45
13643 43
13651 38
13660 45
13668 44
13676 45
13684 49
13692 43
13700 38
13709 37
13717 40
13725 35
13733 37
13742 39
13750 48
13758 45
13766 52
13774 53
13782 43
13791 42
13799 45
13807 48
13815 53
13823 58
13831 61
13839 54
13847 42
13856 52
13864 49
13872 41
13881 43
13889 36
13897 35
13905 35
13913 37
13922 37
13930 39
13938 41
13946 42
13954 39
13962 41
13970 41
13978 40
13986 35
13995 38
14003 38
14011 34
14019 34
14027 34
14035 32
14044 34
14052 38
14060 38
14068 42
14076 49
14084 50
14092 46
14100 38
14108 40
14117 41
14125 43
14133 46
14141 48
14149 49
14157 48
14165 46
14173 41
14182 41
14190 38
14198 41
14206 45
14214 44
14223 42
14231 46
14239 44
14247 47
14255 48
14263 37
14271 35
14280 35
14288 35
14296 37
14304 41
14312 40
14320 43
14328 37
14336 38
14344 37
14352 37
14360 34
14369 35
14377 33
14385 38
14393 35
14401 38
14410 42
14418 45
14426 46
14434 40
14443 42
14451 42
14459 43
14467 42
14475 43
14483 42
14491 40
14499 38
14508 41
14516 38
14524 39
14532 39
14540 39
14548 41
14556 43
14564 41
14572 44
14581 43
14589 48
14597 45
14605 47
14613 44
14621 43
14629 43
14637 39
14645 35
14654 35
14662 37
14670 38
14678 40
14686 44
14694 42
14702 44
14710 37
14718 37
14727 30
14735 35
14744 35
14752 36
14760 38
14768 39
14776 39
14784 42
14792 44
14800 41
14808 44
14816 40
14824 37
14833 39
14841 50
14849 50
14857 47
14865 43
14873 40
14881 36
14889 37
14897 37
14906 38
14914 41
14922 45
14930 42
14938 45
14946 41
14955 54
14963 54
14971 49
14979 44
14988 41
14996 44
15004 42
15013 43
15021 51
15029 44
15037 41
15046 43
15054 50
15062 46
15071 43
15079 52
15087 53
15095 56
15103 53
15112 42
15120 52
15128 57
15136 55
15144 57
15153 46
15161 45
15169 55
15177 48
15185 46
15194 48
15202 48
15211 57
15219 47
15227 46
15236 42
15244 46
15252 49
15260 48
15268 46
15276 45
15284 42
15292 43
15301 43
15309 47
15317 46
15325 51
15333 51
15341 48
15349 43
15358 40
15366 43
15374 50
15382 55
15390 54
15398 54
15406 48
15414 40
15422 37
15431 34
15439 34
15447 35
15455 35
15463 35
15472 34
15480 37
15488 38
15496 37
15504 35
15512 38
15521 38
15529 39
15537 40
15545 48
15553 47
15561 44
15570 38
15578 43
15586 43
15594 48
15602 50
15610 42
15619 42
15627 52
15635 59
15643 45
15651 41
15660 45
15668 48
15676 47
15685 38
15693 33
15701 35
15709 37
15717 36
15725 37
15733 34
15741 33
15749 33
15758 34
15766 34
15774 34
15782 35
15790 38
15798 34
15806 31
15814 30
15822 30
15831 31
15839 34
15847 37
15855 37
15863 37
15871 41
15879 44
15887 39
15895 35
15904 36
15912 34
15920 35
15928 37
15937 36
15945 35
15953 43
15961 39
15969 40
15977 45
15985 45
15993 44
16001 39
16010 43
16018 45
16026 47
16034 44
16042 38
16051 42
16059 41
16067 49
16075 46
16083 45
16091 46
16099 39
16108 42
16116 43
16124 45
16132 50
16140 47
16148 43
16156 37
16165 37
16173 40
16181 42
16189 43
16197 41
16205 41
16214 34
16222 36
16230 38
16238 46
16246 48
16254 42
16263 45
16271 46
16279 47
16287 53
16295 56
16303 57
16311 51
16320 47
16328 49
16336 48
16344 48
16352 49
16361 54
16369 56
16377 51
16385 49
16394 47
16402 51
16410 50
16418 43
16427 41
16435 47
16443 48
16451 50
16459 44
16468 42
16476 44
16484 45
16492 37
16500 40
16509 46
16517 48
16525 50
16533 53
16541 46
16549 43
16558 37
16566 39
16574 47
16583 43
16591 36
16599 37
16607 37
16616 35
16624 37
16632 39
16640 45
16648 47
16656 39
16664 37
16673 36
16681 41
16689 46
16697 49
16705 46
16713 45
16721 42
16730 35
16738 38
16746 45
16754 43
16762 44
16770 36
16779 43
16787 41
16795 42
16803 42
16811 42
16819 41
16827 39
16836 38
16844 40
16852 42
16860 42
16868 40
16876 40
16884 40
16892 36
16900 38
16908 42
16916 41
16924 40
16932 38
16941 35
16949 35
16957 39
16965 38
16974 34
16982 35
16990 35
16998 36
17006 38
17014 40
17022 38
17031 34
17039 36
17047 39
17055 40
17063 40
17071 35
17079 36
17087 40
17095 40
17103 43
17111 39
17119 38
17127 38
17135 33
17144 33
17152 37
17160 35
17168 33
17176 36
17184 36
17192 33
17201 36
17209 38
17217 39
17225 39
17233 36
17241 36
17249 41
17257 40
17265 38
17273 37
17281 32
17290 35
17298 39
17306 40
17314 44
17322 44
17330 42
17338 42
17346 40
17354 39
17362 33
17371 33
17379 34
17387 40
17395 42
17403 36
17411 35
17420 33
17428 35
17436 34
17444 32
17452 38
17461 39
17469 41
17477 46
17485 53
17493 54
17501 50
17509 50
17517 44
17525 37
17534 41
17542 49
17550 49
17558 46
17566 43
17574 47
17582 39
17591 37
17599 40
17607 41
17616 39
17624 39
17632 42
17640 42
17648 42
17656 41
17664 43
17672 36
17680 38
17689 36
17697 35
17705 39
17713 37
17721 35
17729 36
17737 34
17746 39
17754 41
17762 44
17770 47
17778 48
17786 46
17794 48
17802 42
17811 45
17819 46
17827 42
17835 47
17843 46
17851 40
17859 40
17867 41
17875 35
17884 37
17892 41
17900 40
17908 42
17916 47
17924 46
17932 46
17940 41
17948 42
17956 38
17965 36
17973 33
17981 33
17989 33
17997 32
18005 33
18013 30
18022 34
18030 31
18038 29
18046 28
18054 29
18062 31
18070 30
18078 33
18087 36
18095 39
18103 40
18111 38
18119 41
18127 42
18135 44
18143 44
18151 47
18159 38
18168 40
18176 40
18184 42
18192 40
18201 40
18209 46
18217 48
18225 49
18233 45
18241 40
18249 35
18258 33
18266 37
18274 45
18282 43
18291 40
18299 45
18307 48
18315 46
18323 43
18331 44
18339 46
18347 40
18356 42
18364 52
18372 56
18380 61
18388 50
18397 40
18405 49
18413 47
18421 45
18429 41
18437 41
18446 39
18454 44
18462 48
18470 50
18478 48
18486 55
18495 46
18503 44
18511 51
18519 47
18528 39
18536 46
18544 55
18552 56
18560 52
18568 45
18576 43
18584 37
18593 44
18601 46
18609 46
18617 52
18625 39
18633 37
18641 39
18650 38
18658 41
18666 44
18674 46
18682 48
18690 49
18698 43
18706 43
18714 38
18723 34
18731 36
18739 38
18747 36
18755 37
18763 36
18772 35
18780 37
18788 36
18796 35
18804 32
18812 31
18820 31
18829 32
18837 34
18845 36
18853 38
18861 41
18869 39
18877 40
18885 41
18893 41
18901 37
18910 31
18918 33
18926 37
18934 35
18942 41
18950 38
18959 40
18967 41
18975 44
18983 41
18991 40
18999 38
19008 45
19016 52
19024 53
19032 50
19040 50
19048 38
19057 42
19065 45
19073 47
19081 45
19089 41
19097 38
19106 38
19114 47
19122 38
19130 41
19138 41
19147 37
19155 42
19163 45
19171 45
19179 46
19187 44
19195 44
19203 44
19211 47
19219 47
19227 48
19235 44
19243 39
19251 35
19260 36
19268 38
19276 42
19284 47
19292 52
19300 44
19308 41
19317 40
19325 42
19333 34
19342 37
19350 42
19358 47
19366 49
19374 45
19382 44
19390 45
19399 39
19407 42
19415 49
19423 50
19431 51
19439 50
19447 44
19456 43
19464 50
19472 43
19481 41
19489 52
19497 45
19505 46
19513 45
19522 42
19530 44
19538 52
19546 50
19554 50
19562 45
19571 39
19579 39
19587 41
19595 47
19603 45
19611 45
19619 42
19627 38
19635 34
19644 37
19652 41
19660 43
19668 37
19677 37
19685 40
19693 41
19701 42
19709 43
19717 46
19725 44
19733 40
19741 37
19750 37
19758 42
19766 42
19774 45
19782 46
19790 46
19798 48
19806 45
19814 47
19822 47
19831 37
19839 37
19847 36
19855 35
19863 40
19871 39
19879 37
19887 35
19896 36
19904 34
19912 34
19920 34
19928 36
19936 37
19945 40
19953 39
19961 40
19969 39
19977 44
19985 44
19993 42
20001 39
20009 36
20018 36
20026 37
20034 39
20042 43
20050 43
20058 44
20066 38
20074 36
20082 36
20091 37
20099 40
20107 42
20115 45
20123 48
20131 46
20139 44
20148 38
20156 41
20164 45
20172 46
20180 48
20188 47
20196 49
20204 43
20212 40
20221 38
20229 43
20237 45
20245 46
20253 41
20261 37
20270 35
20278 36
20286 36
20294 39
20302 42
20310 46
20318 39
20327 41
20335 45
20343 48
20351 46
20359 40
20368 37
20376 42
20384 45
20392 43
20400 41
20408 42
20417 39
20425 44
20433 45
20441 44
20449 47
20457 46
20465 47
20473 46
20481 36
20489 36
20498 37
20506 44
20514 44
20522 46
20530 43
20538 46
20546 43
20554 39
20563 41
20571 46
20579 45
20587 43
20595 39
20604 38
20612 41
20620 41
20628 45
20636 41
20644 41
20653 35
20661 39
20669 44
20677 44
20685 45
20693 39
20702 39
20710 41
20718 43
20726 46
20734 51
20742 44
20750 42
20759 38
20767 39
20775 54
20783 44
20791 43
20800 40
20808 43
20816 44
20824 40
20832 37
20841 40
20849 42
20857 45
20865 49
20873 49
20881 44
20889 43
20898 37
20906 41
20914 49
20922 48
20930 42
20939 43
20947 48
20955 46
20963 45
20971 38
20980 41
20988 41
20996 42
21004 40
21012 39
21020 36
21029 38
21037 39
21045 42
21053 47
21061 45
21069 41
21078 45
21086 47
21094 48
21102 49
21110 45
21119 42
21127 48
21135 49
21143 47
21151 45
21159 50
21167 42
21175 42
21184 48
21192 52
21200 48
21208 39
21217 38
21225 45
21233 41
21241 43
21249 36
21258 37
21266 46
21274 48
21282 54
21290 47
21298 41
21307 40
21315 41
21323 43
21331 39
21339 36
21347 35
21355 33
21363 31
21372 33
21380 34
21388 35
21396 32
21404 35
21412 36
21420 38
21428 39
21436 34
21444 34
21453 33
21461 41
21469 45
21477 42
21485 35
21494 38
21502 40
21510 45
21518 48
21526 50
21534 44
21542 41
21550 37
21559 40
21567 46
21575 46
21583 51
21591 48
21599 43
21608 35
21616 39
21624 42
21632 42
21640 46
21648 42
21657 37
21665 39
21673 39
21681 40
21689 39
21697 38
21706 38
21714 41
21722 44
21730 52
21738 50
21746 49
21754 45
21763 48
21771 56
21779 54
21787 58
21795 44
21803 42
21812 45
21820 47
21828 45
21836 43
21845 43
21853 42
21861 46
21869 41
21877 43
21885 45
21893 41
21902 38
21910 41
21918 38
21926 40
21934 38
21942 38
21950 36
21958 35
21967 36
21975 34
21983 37
21991 38
21999 35
22007 34
22015 32
22023 31
22031 29
22040 31
22047 32
22056 33
22063 31
22071 35
22080 33
22088 31
22096 29
22105 28
22113 31
22121 33
22129 34
22137 35
22145 36
22153 36
22161 34
22169 39
22177 40
22185 43
22193 39
22201 39
22209 40
22217 37
22225 32
22234 34
22242 36
22250 38
22258 41
22267 34
22275 36
22283 40
22291 41
22299 39
22307 38
22315 41
22323 43
22331 37
22339 35
22348 32
22356 31
22364 32
22372 30
22380 33
22388 31
22396 32
22404 30
22412 29
22420 32
22428 33
22437 31
22445 35
22453 35
22461 34
22469 36
22477 35
22486 35
22494 36
22502 31
22510 31
22518 31
22527 29
22534 33
22542 34
22551 36
22559 35
22567 38
22575 39
22583 40
22591 39
22599 43
22607 39
22616 38
22624 41
22632 44
22640 49
22648 45
22656 42
22664 39
22673 39
22681 46
22689 46
22697 49
22705 48
22713 43
22721 38
22730 46
22738 48
22746 52
22754 45
22762 40
22770 34
22778 38
22787 40
22795 36
22803 36
22811 35
22819 38
22827 36
22835 31
22843 28
22852 31
22860 30
22868 31
22876 30
22884 34
22892 35
22900 32
22908 34
22917 39
22925 42
22933 42
22941 48
22949 46
22957 45
22965 43
22973 38
22982 42
22990 51
22998 53
23006 56
23014 53
23022 51
23030 50
23039 50
23047 56
23055 60
23063 58
23071 46
23080 40
23088 40
23096 37
23104 46
23112 47
23120 46
23128 43
23136 41
23145 43
23153 47
23161 50
23169 44
23178 45
23186 42
23194 39
23202 41
23211 38
23219 42
23227 50
23235 52
23243 56
23251 52
23259 51
23267 38
23276 40
23284 38
23292 44
23300 35
23309 37
23317 42
23325 37
23333 41
23341 42
23349 45
23357 41
23366 43
23374 49
23382 55
23390 55
23398 55
23406 48
23414 44
23422 37
23431 37
23439 40
23447 40
23455 35
23464 38
23472 40
23480 43
23488 46
23496 49
23504 57
23512 44
23520 41
23528 36
23536 33
23545 34
23553 33
23561 37
23569 42
23577 34
23586 38
23594 49
23602 53
23610 51
23618 44
23627 39
23635 38
23643 42
23651 48
23659 42
23667 39
23675 40
23683 34
23692 39
23700 40
23708 41
23716 40
23724 41
23732 38
23740 36
23748 37
23756 37
23765 43
23773 47
23781 52
23789 53
23797 45
23805 41
23814 38
23822 46
23830 46
23838 42
23847 36
23855 36
23863 41
23871 43
23879 40
23887 43
23896 48
23904 50
23912 53
23920 53
23929 42
23937 47
23945 43
23953 38
23961 39
23970 38
23978 36
23986 33
23995 38
24003 40
24011 47
24019 46
24027 50
24035 49
24043 46
24051 44
24059 40
24067 40
24076 36
24084 37
24092 37
24100 40
24108 43
24116 38
24124 41
24132 40
24141 42
24149 50
24157 50
24165 48
24173 46
24181 40
24190 42
24198 44
24206 45
24214 46
24222 42
24231 42
24239 46
24247 45
24255 45
24263 46
24271 48
24279 48
24287 40
24296 38
24304 39
24312 42
24320 39
24328 36
24336 35
24345 37
24353 42
24361 40
24369 45
24377 42
24385 42
24393 41
24401 39
24409 37
24417 36
24426 40
24434 39
24442 42
24450 43
24458 44
24466 41
24474 37
24482 34
24491 34
24499 40
24507 40
24515 45
24523 48
24531 46
24539 44
24547 41
24555 39
24564 38
24572 37
24580 38
24588 44
24596 48
24604 49
24612 50
24620 43
24628 42
24637 46
24645 51
24653 51
24661 45
24669 37
24677 34
24686 41
24694 46
24702 49
24710 44
24718 35
24726 36
24735 41
24743 43
24751 46
24759 47
24767 47
24775 44
24783 38
24791 40
24800 37
24808 41
24816 43
24824 45
24832 43
24840 46
24848 43
24857 39
24865 48
24873 44
24881 42
24889 38
24897 38
24906 37
24914 41
24922 43
24930 41
24938 37
24947 47
24955 49
24963 49
24971 47
24979 43
24987 45
24995 48
25003 42
25012 37
25020 47
25028 46
25036 44
25044 44
25052 38
25061 41
25069 48
25077 48
25085 42
25093 44
25102 37
25110 38
25118 39
25126 41
25134 44
25142 42
25150 41
25159 44
25167 47
25175 50
25183 47
25191 46
25199 40
25208 41
25216 41
25224 46
25232 48
25240 44
25248 40
25256 39
25264 35
25272 35
25281 36
25289 37
25297 39
25305 33
25313 34
25322 40
25330 41
25338 43
25346 44
25354 39
25362 39
25371 41
25379 44
25387 49
25395 52
25403 51
25411 45
25420 41
25428 41
25436 40
25444 44
25452 45
25460 47
25469 43
25477 46
25485 49
25493 48
25501 48
25509 50
25517 42
25525 38
25534 39
25542 48
25550 49
25558 50
25566 46
25575 38
25583 41
25591 46
25599 46
25607 49
25615 47
25623 43
25631 43
25640 45
25648 48
25656 45
25665 46
25673 45
25681 52
25689 59
25697 56
25705 51
25713 47
25721 39
25730 41
25738 52
25746 53
25754 43
25763 42
25771 46
25779 48
25787 45
25795 46
25803 44
25812 44
25820 45
25828 46
25836 49
25844 48
25852 40
25861 40
25869 40
25877 41
25886 38
25894 39
25902 47
25910 49
25918 44
25926 46
25935 39
25943 41
25951 47
25960 44
25968 50
25976 47
25984 45
25992 41
26000 36
26009 38
26017 38
26025 42
26033 40
26041 40
26049 40
26057 38
26065 39
26074 46
26082 48
26090 50
26098 47
26106 45
26114 42
26122 41
26130 38
26138 35
26146 33
26155 31
26164 31
26172 35
26180 40
26188 41
26196 40
26204 40
26212 35
26220 33
26228 34
26236 33
26244 33
26253 33
26261 36
26269 36
26277 38
26285 43
26293 42
26301 46
26309 46
26317 50
26325 46
26333 45
26341 43
26349 45
26357 40
26365 38
26374 38
26382 39
26390 41
26398 42
26406 39
26414 41
26422 38
26431 38
26439 41
26447 44
26455 41
26463 43
26471 41
26479 39
26487 38
26496 45
26504 45
26512 45
26520 43
26528 37
26537 40
26545 41
26553 39
26561 35
26569 40
26577 41
26586 37
26594 43
26602 43
26610 44
26618 41
26626 42
26634 39
26642 36
26650 36
26658 33
26667 39
26675 39
26683 36
26692 40
26700 45
26708 50
26716 58
26724 59
26732 56
26740 45
26748 44
26757 51
26765 55
26773 58
26781 55
26789 51
26797 46
26805 39
26814 45
26822 46
26830 51
26838 47
26846 43
26854 37
26863 38
26871 43
26879 53
26887 50
26895 45
26904 39
26912 41
26920 47
26928 52
26936 49
26944 49
26952 45
26960 40
26969 38
26977 42
26985 42
26993 40
27001 40
27009 41
27018 45
27026 46
27034 50
27042 52
27050 45
27058 43
27067 39
27075 47
27083 48
27091 47
27100 39
27108 52
27116 45
27124 44
27132 41
27140 36
27149 40
27157 37
27166 39
27174 44
27182 43
27190 44
27198 51
27206 49
27214 51
27222 52
27230 44
27238 40
27247 44
27255 43
27263 43
27271 41
27279 39
27287 39
27296 33
27304 36
27312 37
27320 43
27328 37
27337 43
27345 46
27353 45
27361 38
27370 46
27378 54
27386 52
27394 52
27402 49
27410 46
27419 46
27427 50
27435 43
27443 45
27451 41
27460 35
27468 35
27476 38
27484 46
27492 46
27500 47
27508 44
27516 47
27524 45
27532 38
27541 41
27549 40
27557 43
27565 45
27573 47
27581 50
27589 44
27597 44
27606 46
27614 50
27622 54
27630 51
27638 47
27646 40
27655 43
27663 46
27671 44
27679 38
27688 42
27696 45
27704 46
27712 45
27720 42
27728 43
27736 39
27744 36
27753 39
27761 41
27769 44
27777 47
27785 48
27793 48
27801 48
27809 44
27818 41
27826 40
27834 44
27842 42
27850 42
27858 41
27867 33
27875 37
27883 37
27891 35
27899 34
27907 37
27915 39
27923 40
27931 39
27939 32
27948 35
27956 38
27964 41
27972 44
27980 43
27988 45
27996 39
28005 37
28013 40
28021 42
28029 41
28037 41
28045 39
28053 40
28061 47
28070 38
28078 41
28086 41
28094 39
28102 42
28110 39
28119 38
28127 46
28135 44
28143 48
28151 51
28159 40
28168 39
28176 42
28184 41
28192 43
28200 45
28208 45
28216 46
28224 43
28232 39
28240 37
28249 38
28257 42
28265 43
28273 41
28282 40
28290 45
28298 48
28306 44
28314 51
28322 49
28331 45
28339 47
28347 50
28355 50
28363 49
28371 44
28379 39
28388 44
28396 42
28404 44
28412 42
28420 40
28429 37
28437 40
28445 43
28453 43
28461 44
28469 48
28477 41
28485 37
28493 36
28502 39
28510 45
28518 50
28526 45
28534 42
28543 43
28551 43
28559 43
28567 45
28575 49
28583 49
28591 48
28600 41
28608 38
28616 47
28624 46
28632 43
28640 43
28648 45
28656 40
28665 42
28673 44
28681 51
28689 48
28697 43
28706 39
28714 42
28722 47
28730 40
28739 46
28747 47
28755 46
28764 47
28772 51
28780 49
28788 48
28796 51
28804 46
28812 43
28820 40
28829 38
28837 38
28845 41
28853 35
28861 34
28870 42
28878 47
28886 49
28894 50
28902 48
28910 48
28919 46
28927 45
28935 49
28943 52
28951 47
28959 46
28967 45
28975 44
28984 41
28992 36
29000 36
29008 35
29017 40
29025 41
29033 45
29041 42
29049 45
29057 43
29065 40
29073 38
29081 35
29089 32
29098 34
29107 35
29115 35
29123 43
29131 46
29139 45
29147 46
29155 41
29163 42
29171 39
29179 37
29188 45
29196 46
29204 46
29212 39
29220 38
29228 38
29237 41
29245 44
29253 42
29261 45
29269 46
29277 43
29285 46
29293 46
29301 38
29310 35
29318 40
29326 45
29334 47
29342 44
29351 39
29359 46
29367 44
29375 44
29383 46
29391 45
29399 43
29407 44
29415 38
29423 35
29431 36
29440 35
29448 35
29456 38
29464 42
29472 42
29480 39
29489 37
29497 35
29505 37
29513 38
29521 47
29529 46
29537 43
29545 44
29554 35
29562 41
29570 41
29578 46
29586 46
29594 42
29602 43
29610 35
29619 38
29627 44
29635 49
29643 48
29651 41
29660 36
29668 39
29676 48
29684 47
29692 46
29700 44
29709 44
29717 53
29725 50
29733 55
29741 51
29750 37
29758 41
29766 44
29774 40
29782 42
29791 48
29799 48
29807 43
29815 40
29824 37
29832 42
29840 45
29848 48
29856 49
29864 44
29873 40
29881 43
29889 43
29897 42
29905 45
29914 41
29922 47
29930 49
29938 52
29946 56
29954 55
29962 56
29970 53
29978 56
29986 42
29995 41
30003 40
30011 38
30019 37
30028 37
30036 38
30044 43
30052 41
30060 43
30068 41
30076 40
30085 37
30093 40
30101 42
30109 44
30117 43
30125 44
30133 44
30141 44
30149 39
30158 35
30166 38
30174 37
30182 38
30190 35
30198 33
30206 32
30214 34
30222 33
30231 39
30239 42
30247 43
30255 42
30263 41
30272 46
30280 51
30288 52
30296 47
30305 42
30313 42
30321 43
30329 40
30337 45
30345 41
30354 49
30362 51
30370 53
30378 50
30386 44
30394 43
30403 40
30411 44
30419 42
30427 42
30435 43
30443 40
30452 39
30460 45
30468 41
30476 41
30484 37
30492 38
30500 37
30508 33
30517 39
30525 36
30534 38
30542 42
30550 55
30558 54
30566 51
30574 49
30582 42
30591 43
30599 41
30607 42
30615 38
30623 43
30631 38
30639 36
30648 35
30656 38
30664 45
30672 42
30680 39
30688 38
30696 36
30705 34
30713 40
30721 38
30729 39
30737 37
30745 39
30753 36
30762 39
30770 46
30778 48
30786 47
30794 45
30802 46
30810 39
30818 34
30826 35
30835 39
30843 37
30851 39
30859 43
30867 43
30875 42
30883 39
30892 40
30900 41
30908 40
30916 41
30924 41
30932 44
30940 40
30948 42
30956 40
30964 40
30972 37
30980 34
30989 36
30997 41
31005 42
31013 42
31021 41
31029 35
31038 39
31046 40
31054 42
31062 47
31070 45
31079 43
31087 41
31095 46
31103 48
31111 44
31119 48
31127 45
31136 39
31144 47
31152 48
31160 46
31168 45
31176 42
31185 45
31193 48
31201 47
31209 49
31217 41
31226 46
31234 54
31242 53
31250 47
31259 52
31267 57
31275 53
31283 45
31292 42
31300 44
31308 45
31316 49
31324 43
31333 44
31341 57
31349 51
31357 51
31365 42
31374 40
31382 39
31390 48
31398 42
31406 43
31414 42
31422 32
31430 32
31439 33
31447 40
31455 50
31463 45
31471 35
31480 40
31488 48
31496 41
31505 36
31513 36
31521 38
31529 42
31537 42
31545 39
31554 41
31562 44
31570 44
31578 46
31587 41
31595 43
31603 46
31611 49
31619 47
31627 42
31635 42
31644 39
31652 43
31660 43
31668 45
31676 50
31684 51
31692 50
31700 46
31708 43
31717 46
31725 50
31733 48
31741 42
31750 39
31758 32
31767 36
31775 39
31783 37
31791 31
31799 31
31808 34
31816 40
31824 43
31832 43
31840 46
31848 45
31856 48
31864 46
31872 45
31880 46
31888 39
31897 39
31905 40
31913 43
31921 43
31929 39
31938 42
31946 43
31954 46
31962 46
31970 51
31978 52
31986 51
31994 44
32002 40
32010 39
32018 35
32027 38
32035 38
32043 34
32051 44
32059 45
32067 42
32076 38
32084 44
32092 56
32100 43
32109 43
32117 46
32125 38
32134 38
32142 41
32150 45
32158 45
32166 46
32174 50
32182 52
32190 47
32198 50
32206 45
32214 42
32223 42
32231 48
32239 48
32247 49
32255 39
32264 39
32272 44
32280 49
32288 52
32296 39
32305 41
32313 49
32321 50
32329 52
32337 51
32345 50
32353 47
32362 48
32370 51
32378 53
32386 47
32394 51
32402 47
32410 37
32419 41
32427 37
32435 42
32443 36
32451 34
32459 35
32467 35
32476 39
32484 39
32492 40
32500 39
32508 39
32516 38
32524 35
32532 36
32541 40
32549 45
32557 46
32565 45
32573 47
32581 45
32590 38
32598 40
32606 41
32614 40
32622 40
32630 41
32638 39
32646 38
32654 37
32662 37
32671 39
32679 40
32687 42
32695 44
32703 45
32711 43
32719 41
32728 37
32736 40
32744 42
32752 45
32760 47
32768 47
32776 45
32784 41
32792 41
32800 39
32808 34
32816 33
32824 33
32833 37
32841 36
32849 40
32857 37
32865 36
32873 37
32881 32
32890 28
32898 29
32906 30
32914 32
32922 33
32930 31
32939 31
32947 34
32955 38
32963 39
32971 38
32979 40
32987 39
32995 41
33003 37
33011 39
33019 34
33028 34
33036 37
33044 43
33052 42
33060 39
33068 36
33076 35
33085 33
33093 36
33101 38
33109 40
33117 41
33125 45
33133 48
33141 48
33149 49
33157 44
33165 43
33173 41
33181 38
33189 37
33197 33
33206 37
33214 40
33222 39
33230 39
33238 34
33246 34
33255 35
33263 37
33271 33
33280 39
33288 42
33296 46
33304 42
33312 42
33320 40
33328 39
33336 41
33345 41
33353 45
33361 46
33369 52
33377 51
33385 49
33393 49
33401 47
33409 41
33418 39
33426 41
33434 47
33442 48
33450 48
33458 47
33466 45
33474 41
33483 47
33491 49
33499 48
33507 45
33515 44
33523 41
33531 38
33539 38
33548 34
33556 36
33564 40
33572 38
33580 42
33588 41
33596 38
33604 39
33612 40
33620 38
33628 35
33637 39
33645 49
33653 46
33661 46
33669 47
33677 42
33685 35
33694 38
33702 37
33710 41
33718 40
33726 40
33734 41
33743 39
33751 43
33759 49
33767 51
33775 48
33783 44
33792 40
33800 46
33808 40
33817 42
33825 44
33833 44
33841 48
33849 48
33857 46
33865 44
33873 40
33882 41
33890 42
33898 42
33906 45
33914 48
33922 46
33930 43
33938 35
33946 35
33955 34
33963 36
33971 34
33979 37
33987 43
33995 41
34003 41
34011 39
34019 42
34028 39
34036 45
34044 40
34052 42
34060 44
34068 44
34076 39
34085 34
34093 40
34101 40
34109 44
34118 47
34126 47
34134 53
34142 47
34150 45
34159 43
34167 52
34175 44
34183 37
34192 44
34200 53
34208 51
34216 48
34224 44
34232 41
34241 41
34249 50
34257 50
34265 52
34273 53
34281 49
34289 48
34298 42
34306 49
34314 38
34322 43
34330 45
34338 44
34347 44
34355 53
34363 53
34371 38
34380 48
34388 47
34397 39
34405 45
34413 45
34421 42
34430 40
34438 49
34446 55
34454 57
34462 53
34470 51
34478 48
34486 43
34495 38
34503 44
34511 42
34519 40
34527 43
34535 36
34544 40
34552 47
34560 46
34568 49
34576 45
34584 38
34593 41
34601 41
34609 40
34617 43
34625 43
34633 42
34641 38
34650 38
34658 40
34666 44
34674 47
34682 47
34690 44
34699 37
34707 43
34715 45
34723 48
34731 46
34739 41
34747 41
34756 41
34764 41
34772 39
34780 45
34788 46
34796 47
34804 45
34812 44
34820 36
34829 39
34837 40
34845 44
34853 45
34861 47
34869 45
34877 48
34885 44
34894 48
34902 54
34910 54
34918 59
34926 57
34934 52
34942 46
34950 39
34959 39
34967 46
34975 47
34983 46
34991 40
35000 40
35008 46
35016 48
35024 44
35032 40
35041 35
35049 37
35057 42
35065 42
35073 39
35081 43
35089 41
35098 37
35106 44
35114 45
35122 50
35130 47
35138 43
35146 44
35154 38
35163 43
35171 47
35179 52
35187 49
35195 43
35204 52
35212 53
35220 64
35228 50
35237 48
35245 51
35253 50
35261 40
35270 54
35278 53
35286 48
35294 47
35302 40
35310 39
35318 36
35327 38
35335 40
35343 43
35351 40
35360 38
35368 43
35376 46
35384 49
35392 53
35400 42
35408 40
35417 49
35425 50
35433 42
35441 41
35449 46
35457 43
35466 50
35474 53
35482 44
35490 41
35499 41
35507 46
35515 43
35523 43
35532 45
35540 50
35548 51
35556 52
35564 43
35572 40
35581 44
35589 52
35597 50
35605 51
35613 47
35622 42
35630 46
35638 41
35647 39
35655 45
35663 48
35671 55
35679 53
35687 49
35695 46
35703 40
35711 36
35720 35
35728 38
35736 40
35744 38
35752 42
35760 43
35768 40
35776 42
35784 43
35793 40
35801 36
35809 38
35817 34
35825 36
35833 37
35842 33
35850 32
35858 34
35866 37
35874 37
35882 35
35890 35
35898 37
35907 36
35915 38
35923 39
35931 41
35939 45
35947 46
35955 43
35963 36
35972 38
35980 45
35988 45
35996 46
36004 48
36012 42
36020 39
36029 38
36037 45
36045 40
36053 46
36061 45
36069 46
36077 42
36085 42
36094 41
36102 45
36110 49
36118 47
36126 42
36134 43
36143 44
36151 53
36159 59
36167 45
36175 38
36183 36
36192 38
36200 39
36208 41
36217 47
36225 43
36233 46
36241 41
36250 39
36258 40
36266 42
36274 43
36282 44
36291 39
36299 43
36307 47
36315 46
36324 43
36332 50
36340 59
36348 52
36356 50
36365 50
36373 52
36381 48
36389 37
36398 42
36406 42
36414 57
36422 46
36430 48
36439 38
36447 42
36455 45
36463 43
36471 41
36479 49
36487 46
36495 40
36504 45
36512 46
36520 50
36529 39
36537 33
36545 35
36553 34
36561 38
36569 36
36577 40
36586 36
36594 43
36602 48
36610 50
36618 48
36626 49
36634 43
36643 44
36651 48
36659 49
36667 46
36675 44
36684 40
36692 44
36700 47
36708 47
36716 47
36724 42
36732 36
36740 35
36749 31
36757 35
36765 34
36773 32
36781 35
36790 38
36798 38
36806 43
36814 47
36822 52
36830 48
36838 49
36846 46
36854 43
36863 45
36871 49
36879 52
36887 53
36895 42
36904 43
36912 50
36920 45
36928 39
36936 40
36944 37
36953 41
36961 43
36969 42
36978 44
36986 45
36994 46
37002 49
37010 45
37018 38
37027 44
37035 50
37043 50
37051 43
37059 42
37067 44
37076 36
37084 40
37092 45
37100 42
37108 39
37116 42
37124 37
37133 41
37141 48
37149 49
37157 50
37165 43
37173 37
37181 34
37190 35
37198 42
37206 34
37214 35
37222 40
37230 47
37238 44
37246 43
37254 40
37262 37
37271 35
37279 43
37287 46
37295 48
37303 45
37312 38
37320 44
37328 45
37336 46
37344 47
37352 48
37360 46
37368 39
37376 40
37385 47
37393 51
37401 45
37410 43
37418 51
37426 42
37435 44
37443 56
37451 50
37459 49
37467 47
37476 48
37484 48
37492 51
37500 53
37508 45
37517 43
37525 49
37533 57
37541 46
37549 45
37557 45
37566 42
37574 45
37582 47
37590 45
37598 37
37606 35
37614 37
37623 40
37631 45
37639 44
37647 39
37656 37
37664 40
37672 43
37680 43
37688 45
37696 43
37704 42
37713 40
37721 43
37729 46
37737 46
37745 42
37753 36
37762 39
37770 42
37778 40
37786 41
37794 45
37802 47
37810 44
37818 40
37827 41
37835 42
37843 44
37851 41
37859 44
37867 35
37875 37
37883 36
37892 35
37900 36
37908 36
37916 37
37924 39
37932 38
37940 40
37949 40
37957 46
37965 44
37973 44
37981 44
37989 41
37998 41
38006 47
38014 48
38022 45
38030 44
38038 47
38046 45
38054 37
38062 36
38071 45
38079 47
38087 46
38095 40
38104 38
38112 44
38120 45
38128 54
38136 49
38144 44
38153 42
38161 36
38169 43
38177 41
38186 39
38194 47
38202 47
38210 42
38218 45
38226 42
38235 49
38243 50
38251 57
38259 56
38267 48
38275 39
38283 37
38292 40
38300 47
38308 44
38316 48
38324 41
38332 37
38341 37
38349 41
38357 41
38365 42
38373 42
38381 46
38389 48
38397 43
38405 36
38414 35
38422 42
38430 42
38438 44
38446 39
38454 35
38463 39
38471 46
38479 46
38487 46
38495 44
38503 44
38511 43
38520 42
38528 52
38536 49
38544 52
38552 50
38560 48
38569 42
38577 47
38585 49
38593 51
38601 41
38610 42
38618 46
38626 49
38634 53
38642 54
38650 44
38658 42
38666 39
38674 38
38683 46
38691 49
38699 54
38707 50
38715 44
38723 39
38731 38
38740 39
38748 43
38756 42
38765 46
38773 47
38781 52
38789 52
38797 52
38805 47
38813 47
38821 43
38829 40
38838 38
38846 40
38854 41
38862 44
38870 47
38878 45
38887 44
38895 52
38903 50
38911 44
38919 40
38928 41
38936 40
38944 41
38952 43
38960 38
38968 38
38976 37
38985 47
38993 54
39001 55
39009 53
39017 48
39025 41
39034 41
39042 46
39050 48
39058 44
39066 47
39074 39
39083 38
39091 39
39099 43
39107 44
39115 46
39123 48
39131 45
39139 39
39148 34
39156 36
39164 33
39172 34
39180 37
39188 38
39196 37
39204 36
39213 42
39221 44
39229 48
39237 46
39245 49
39253 43
39261 39
39270 43
39278 42
39286 43
39294 40
39303 46
39311 47
39319 51
39327 48
39335 44
39343 42
39351 45
39359 42
39367 39
39376 38
39384 38
39392 39
39400 38
39408 34
39416 35
39424 35
39432 36
39440 35
39449 38
39457 38
39465 35
39473 34
39481 31
39489 34
39498 33
39506 35
39514 38
39522 41
39530 43
39538 46
39546 44
39554 44
39562 42
39570 41
39579 40
39587 40
39595 47
39603 43
39611 40
39620 39
39628 40
39636 36
39644 39
39652 41
39660 39
39668 37
39676 35
39685 41
39693 44
39701 43
39709 42
39717 41
39725 39
39733 39
39741 38
39749 33
39757 31
39766 35
39774 33
39782 31
39790 34
39798 33
39807 35
39815 33
39823 33
39831 37
39839 34
39847 38
39855 41
39863 37
39872 34
39880 32
39888 36
39896 34
39904 42
39912 39
39920 40
39928 40
39936 34
39945 30
39953 37
39961 41
39969 44
39977 42
39985 39
39994 38
40002 42
40010 45
40018 46
40026 46
40034 47
40043 40
40051 46
40059 45
40067 42
40075 40
40083 37
40092 38
40100 40
40108 44
40116 42
40124 47
40132 40
40140 37
40148 35
40156 33
40165 36
40173 35
40181 36
40190 40
40198 43
40206 46
40214 44
40222 44
40230 43
40238 46
40246 45
40254 40
40263 38
40271 32
40279 32
40287 31
40295 32
40303 30
40312 30
40320 29
40328 33
40336 35
40344 39
40352 38
40360 39
40368 40
40376 41
40384 40
40392 40
40401 41
40409 44
40417 42
40425 42
40433 43
40441 46
40449 44
40457 43
40465 38
40473 34
40482 37
40490 41
40498 42
40506 41
40514 45
40522 41
40530 42
40538 45
40547 45
40555 40
40563 38
40571 40
40579 39
40588 35
40596 35
40604 35
40612 43
40620 46
40628 43
40637 43
40645 51
40653 54
40661 50
40669 50
40677 42
40686 50
40694 48
40702 45
40711 41
40719 45
40727 50
40735 48
40743 45
40751 38
40760 40
40768 45
40776 49
40784 51
40792 49
40800 46
40808 48
40816 44
40824 44
40833 38
40841 43
40849 41
40857 40
40865 41
40873 39
40881 39
40889 39
40897 36
40906 41
40914 42
40922 47
40930 49
40938 48
40946 46
40954 41
40963 41
40971 44
40979 44
40987 45
40995 44
41003 40
41012 37
41020 39
41028 41
41036 41
41044 43
41052 44
41060 42
41068 33
41077 33
41085 36
41093 41
41101 46
41109 48
41117 46
41126 39
41134 41
41142 46
41150 48
41158 47
41166 47
41174 48
41182 44
41190 37
41198 38
41206 36
41214 35
41222 31
41230 30
41239 30
41247 32
41255 38
41263 38
41271 36
41279 36
41287 36
41295 36
41303 35
41311 33
41320 31
41328 32
41336 33
41344 37
41352 37
41360 39
41368 37
41376 37
41384 34
41392 30
41401 30
41409 33
41417 30
41425 30
41434 30
41442 34
41450 36
41458 41
41466 40
41474 43
41482 42
41490 44
41498 44
41506 43
41515 40
41523 39
41531 43
41539 43
41547 41
41555 38
41564 35
41572 38
41580 41
41588 38
41596 36
41604 38
41613 39
41621 37
41629 42
41637 35
41645 38
41653 39
41662 39
41670 36
41678 39
41686 41
41694 42
41702 35
41710 36
41718 34
41727 37
41735 37
41743 40
41751 42
41759 47
41767 49
41775 46
41783 46
41791 41
41800 41
41808 46
41816 46
41824 42
41832 39
41840 37
41848 37
41856 36
41865 42
41873 49
41881 52
41889 49
41897 50
41905 45
41914 46
41922 50
41930 42
41939 47
41947 42
41955 43
41964 45
41972 47
41980 51
41988 50
41996 48
42004 44
42012 39
42021 37
42029 39
42037 43
42045 44
42053 43
42061 40
42069 37
42078 46
42086 44
42094 42
42102 44
42110 44
42118 47
42127 47
42135 42
42143 49
42151 47
42159 39
42168 41
42176 40
42184 43
42192 52
42200 51
42208 47
42216 35
42225 38
42233 38
42241 41
42249 46
42257 50
42265 45
42273 40
42281 36
42290 36
42298 39
42306 37
42314 40
42323 36
42331 41
42339 47
42347 47
42355 49
42363 47
42371 41
42379 36
42387 36
42395 34
42404 36
42412 39
42420 38
42428 39
42437 40
42445 54
42453 50
42461 44
42469 38
42478 34
42486 37
42494 39
42502 47
42510 45
42518 43
42526 39
42534 37
42543 34
42551 40
42559 41
42567 44
42575 43
42583 42
42591 44
42599 40
42608 35
42616 35
42624 35
42632 37
42640 39
42648 36
42656 39
42665 38
42673 43
42681 47
42689 48
42697 48
42705 53
42713 51
42721 44
42729 44
42737 40
42745 37
42753 37
42762 43
42770 42
42778 44
42786 39
42795 33
42802 34
42810 34
42819 35
42827 35
42835 37
42843 36
42852 40
42860 47
42868 48
42876 53
42884 47
42892 45
42900 41
42908 39
42917 44
42925 45
42933 51
42941 55
42949 43
42958 38
42966 44
42974 44
42982 44
42990 46
42999 42
43007 39
43015 42
43023 41
43031 40
43040 37
43048 41
43056 47
43064 53
43072 55
43080 48
43089 52
43097 53
43105 56
43113 49
43122 44
43130 49
43139 37
43147 47
43155 47
43163 52
43171 55
43179 52
43187 49
43196 46
43204 48
43212 46
43220 43
43229 43
43237 47
43245 50
43253 43
43262 37
43270 40
43278 56
43286 56
43294 59
43303 45
43311 48
43319 48
43327 49
43335 44
43343 39
43352 46
43360 57
43368 40
43377 40
43385 45
43393 53
43401 49
43410 42
43418 52
43426 54
43434 57
43442 49
43450 41
43459 47
43467 43
43475 42
43483 41
43491 42
43500 37
43508 48
43516 45
43524 42
43532 41
43540 39
43548 40
43556 34
43565 35
43573 35
43581 36
43589 36
43597 36
43605 40
43613 40
43622 39
43630 42
43638 44
43646 44
43654 43
43662 39
43671 45
43679 58
43687 56
43695 47
43704 46
43712 49
43720 44
43728 39
43737 44
43745 43
43753 49
43761 50
43769 47
43777 48
43785 47
43793 44
43802 41
43810 53
43818 43
43826 47
43834 39
43843 43
43851 41
43859 45
43868 39
43876 41
43884 47
43892 51
43900 48
43908 48
43916 44
43924 40
43932 39
43941 39
43949 43
43957 47
43965 54
43973 49
43981 47
43989 41
43998 35
44006 37
44014 33
44022 31
44030 29
44038 31
44047 33
44055 42
44063 35
44071 39
44079 36
44088 36
44096 40
44104 40
44112 43
44120 44
44128 44
44136 44
44144 40
44152 37
44160 32
44168 31
44176 29
44184 28
44193 31
44201 27
44209 30
44217 28
44226 27
44234 27
44241 28
44249 29
44258 30
44266 31
44274 31
44282 32
44290 32
44298 34
44306 35
44314 36
44322 34
44330 35
44338 35
44346 33
44354 34
44362 35
44370 25
44379 26
44387 26
44395 27
44403 30
44411 31
44419 30
44427 32
44435 31
44443 33
44451 27
44460 31
44468 29
44476 30
44484 29
44493 31
44501 36
44509 38
44517 38
44525 42
44533 42
44541 40
44549 40
44557 43
44565 41
44573 41
44581 38
44589 36
44597 33
44605 29
44613 31
44622 38
44630 39
44638 40
44646 41
44654 39
44662 39
44670 41
44678 39
44686 39
44694 38
44702 37
44710 33
44718 32
44726 30
44734 27
44743 30
44751 28
44759 27
44767 28
44776 32
44784 32
44792 32
44800 31
44808 34
44816 35
44824 36
44832 37
44840 40
44848 39
44856 40
44864 39
44873 41
44881 42
44889 43
44897 44
44905 47
44913 46
44921 43
44929 46
44937 43
44945 40
44953 38
44961 32
44970 38
44978 39
44986 44
44994 42
45002 40
45011 37
45019 40
45027 47
45035 46
45043 45
45051 44
45059 43
45067 41
45075 44
45083 37
45091 36
45100 34
45108 39
45116 46
45124 37
45132 36
45141 37
45149 37
45157 38
45165 36
45173 35
45181 40
45189 37
45198 39
45206 44
45214 43
45222 50
45230 44
45238 41
45246 36
45255 42
45263 41
45271 45
45279 46
45287 45
45295 44
45303 45
45312 42
45320 38
45328 41
45336 46
45344 47
45352 40
45361 37
45369 36
45377 40
45385 39
45393 44
45401 38
45410 34
45418 37
45426 38
45434 48
45442 52
45450 45
45459 40
45467 45
45475 47
45483 54
45491 48
45499 47
45508 50
45516 45
45524 39
45532 37
45540 41
45549 39
45557 43
45565 48
45573 48
45581 42
45590 38
45598 40
45606 42
45614 46
45622 47
45630 45
45638 41
45647 37
45655 41
45663 45
45671 41
45680 45
45688 49
45696 48
45704 53
45712 53
45720 44
45729 39
45737 38
45745 42
45753 46
45761 47
45769 40
45778 40
45786 47
45794 48
45802 46
45810 45
45818 43
45826 40
45834 37
45843 33
45851 37
45859 39
45867 41
45875 38
45883 42
45891 43
45900 38
45908 45
45916 48
45924 40
45933 43
45941 45
45949 48
45957 43
45965 41
45973 43
45981 43
45989 42
45997 34
46006 32
46014 34
46022 39
46031 54
46039 55
46047 66
46055 37
46063 30
46072 31
46081 32
46089 38
46097 35
46105 38
46113 40
46121 44
46129 48
46137 42
46146 38
46154 43
46162 46
46170 51
46178 49
46186 45
46194 39
46203 38
46211 40
46219 43
46227 44
46235 43
46243 42
46251 41
46259 40
46267 39
46275 35
46283 31
46291 32
46299 29
46307 28
46316 29
46324 28
46332 30
46340 30
46348 30
46356 34
46365 34
46373 37
46381 41
46389 43
46397 44
46405 44
46413 40
46421 39
46429 40
46437 38
46446 34
46454 37
46462 42
46470 38
46478 39
46487 36
46495 36
46503 37
46511 37
46519 33
46527 32
46535 33
46543 37
46551 36
46559 33
46568 35
46576 32
46584 35
46592 36
46600 36
46608 37
46616 37
46624 34
46633 30
46641 34
46649 35
46657 38
46665 41
46673 39
46681 40
46689 41
46697 40
46705 39
46713 42
46721 35
46730 36
46738 38
46746 38
46754 37
46762 35
46770 37
46778 34
46786 34
46794 31
46803 29
46811 34
46819 32
46827 35
46835 33
46844 33
46852 34
46860 38
46868 40
46876 37
46884 34
46892 36
46900 34
46908 35
46916 35
46925 38
46933 40
46941 47
46949 50
46957 52
46965 48
46973 45
46981 44
46989 42
46997 36
47005 31
47014 33
47022 33
47030 37
47038 35
47046 33
47054 33
47062 34
47070 34
47079 39
47087 42
47095 43
47103 45
47111 44
47119 42
47127 45
47135 39
47144 41
47152 45
47160 51
47168 46
47176 46
47184 42
47193 36
47201 40
47209 42
47217 37
47225 36
47234 37
47242 43
47250 44
47258 44
47266 43
47274 42
47282 38
47290 36
47299 38
47307 34
47315 34
47323 36
47331 34
47339 31
47347 32
47355 32
47364 29
47371 30
47379 29
47387 28
47396 30
47404 30
47412 33
47420 34
47428 37
47436 36
47444 35
47452 33
47460 31
47469 31
47477 33
47485 35
47493 33
47501 32
47509 29
47517 27
47525 29
47533 27
47541 28
47549 31
47557 33
47565 32
47573 30
47582 33
47590 33
47598 35
47606 37
47614 41
47622 38
47630 37
47638 39
47646 38
47654 38
47662 31
47671 33
47679 33
47687 38
47695 38
47703 37
47711 36
47720 33
47728 42
47736 43
47744 41
47752 49
47760 48
47768 47
47776 43
47784 44
47792 40
47801 40
47809 43
47817 41
47825 38
47833 41
47841 40
47850 42
47858 45
47866 48
47874 46
47882 41
47890 37
47899 39
47907 40
47915 45
47923 45
47931 42
47939 37
47948 43
47956 43
47964 39
47972 41
47980 43
47988 42
47997 35
48005 41
48013 40
48021 41
48030 35
48038 38
48046 43
48054 45
48062 44
48070 41
48078 39
48086 37
48095 35
48103 36
48111 39
48119 42
48127 44
48135 39
48143 39
48152 44
48160 56
48168 58
48176 61
48184 58
48192 48
48201 47
48209 47
48217 51
48225 42
48234 40
48242 46
48250 54
48258 50
48266 47
48274 39
48283 39
48291 46
48299 47
48308 44
48316 48
48324 48
48332 55
48340 46
48348 43
48357 53
48365 52
48373 49
48382 56
48390 51
48398 50
48407 44
48415 55
48423 46
48431 48
48439 42
48448 45
48456 40
48464 38
48473 37
48481 35
48489 38
48497 40
48505 36
48513 39
48521 43
48529 42
48537 37
48546 39
48554 50
48562 49
48570 45
48578 44
48587 46
48595 55
48603 53
48611 56
48619 58
48627 45
48636 46
48644 50
48652 53
48660 53
48668 47
48676 47
48684 43
48693 42
48701 48
48709 50
48717 42
48725 37
48734 42
48742 52
48750 45
48759 35
48767 36
48775 41
48783 47
48791 40
48799 42
48807 37
48816 41
48824 40
48832 43
48840 49
48848 47
48856 46
48864 44
48873 45
48881 56
48889 60
48897 52
48905 50
48913 44
48921 38
48930 38
48938 42
48946 37
48954 37
48962 43
48970 47
48978 43
48987 44
48995 44
49003 42
49011 42
49020 43
49028 45
49036 56
49044 60
49052 52
49061 41
49069 49
49077 53
49085 53
49093 49
49102 51
49110 60
49118 46
49127 55
49135 54
49143 56
49151 47
49160 45
49168 55
49176 56
49184 59
49192 58
49200 55
49209 39
49217 33
49225 34
49233 34
49242 42
49250 45
49258 47
49266 48
49274 48
49282 39
49290 37
49299 41
49307 39
49315 48
49323 50
49332 50
49340 50
49348 52
49357 44
49365 48
49373 48
49381 51
49389 46
49397 42
49406 48
49414 52
49422 53
49430 50
49438 43
49446 39
49455 46
49463 45
49471 41
49479 36
49488 41
49496 39
49504 36
49512 37
49520 41
49528 41
49536 37
49544 37
49553 37
49561 42
49569 43
49577 47
49585 51
49593 52
49601 48
49609 44
49617 41
49626 39
49634 47
49642 48
49650 44
49659 40
49667 47
49675 47
49683 47
49691 45
49700 50
49708 54
49716 53
49724 48
49732 46
49740 43
49749 42
49757 41
49765 47
49773 44
49781 43
49790 42
49798 44
49806 48
49814 54
49822 57
49830 55
49838 43
49847 51
49855 53
49863 57
49871 58
49879 47
49888 55
49896 55
49904 57
49912 47
49921 51
49929 44
49937 44
49945 42
49953 37
49961 35
49970 37
49978 40
49986 39
49995 39
50003 43
50011 48
50019 49
50027 52
50035 50
50043 46
50051 42
50059 40
50067 33
50076 36
50084 33
50092 31
50100 34
50108 32
50117 37
50125 37
50133 43
50141 44
50149 45
50157 46
50165 50
50173 51
50181 47
50189 45
50197 42
50206 38
50214 38
50222 38
50230 40
50239 40
50247 45
50255 49
50263 52
50271 54
50279 55
50287 54
50295 50
50303 44
50311 42
50319 39
50328 38
50336 43
50344 50
50352 44
50361 38
50369 41
50377 44
50385 42
50393 44
50401 40
50410 41
50418 46
50426 47
50434 43
50442 44
50450 41
50458 42
50467 47
50475 41
50483 47
50491 48
50499 49
50507 44
50515 39
50523 33
50532 36
50540 41
50548 39
50556 37
50564 37
50572 36
50580 32
50589 36
50597 39
50605 43
50613 47
50621 49
50629 49
50637 49
50645 53
50653 44
50662 41
50670 44
50678 49
50686 51
50694 49
50702 53
50710 45
50718 40
50727 39
50735 40
50743 41
50751 45
50759 43
50767 38
50776 35
50784 35
50792 38
50800 37
50808 43
50816 37
50824 37
50833 37
50841 30
50849 34
50857 34
50865 29
50874 33
50882 34
50890 36
50898 35
50906 33
50914 34
50922 31
50930 30
50938 32
50946 33
50954 31
50962 31
50970 29
50979 32
50987 34
50995 37
51003 37
51011 36
51019 37
51027 37
51035 37
51043 36
51052 34
51060 35
51068 43
51076 40
51084 41
51092 37
51100 37
51108 37
51117 38
51125 41
51133 44
51141 42
51149 42
51157 42
51165 39
51173 34
51181 30
51190 30
51198 35
51206 31
51215 32
51222 35
51230 35
51239 39
51247 41
51255 42
51263 46
51271 43
51279 45
51287 40
51295 39
51304 34
51312 35
51320 36
51328 38
51336 39
51344 39
51352 36
51360 37
51368 34
51376 32
51384 33
51393 32
51401 34
51409 34
51417 34
51425 37
51433 36
51441 36
51449 32
51457 29
51466 32
51474 33
51482 39
51490 41
51498 48
51506 45
51514 44
51523 42
51531 43
51539 45
51547 44
51555 40
51563 40
51572 38
51580 41
51588 43
51596 45
51604 41
51612 44
51620 47
51628 41
51636 38
51645 36
51653 41
51661 46
51669 45
51677 44
51686 41
51694 46
51702 42
51710 44
51718 42
51727 36
51735 42
51743 41
51751 50
51759 46
51767 42
51775 37
51784 39
51792 46
51800 42
51808 43
51816 42
51824 39
51832 40
51840 42
51849 41
51857 42
51865 48
51873 49
51881 51
51889 46
51897 35
51906 40
51914 46
51922 50
51930 48
51938 47
51946 44
51954 38
51962 34
51971 36
51979 38
51987 39
51995 40
52003 39
52011 35
52019 34
52028 38
52036 39
52044 40
52052 39
52060 42
52068 44
52076 40
52084 40
52092 41
52100 46
52108 44
52116 40
52124 39
52132 36
52140 33
52148 32
52157 32
52165 33
52173 40
52181 39
52189 34
52197 35
52206 37
52214 42
52222 43
52230 42
52238 40
52246 39
52254 39
52262 37
52270 37
52279 39
52287 41
52295 42
52303 46
52311 47
52319 45
52328 40
52336 44
52344 48
52352 44
52360 43
52368 39
52376 35
52385 34
52393 37
52401 38
52409 40
52417 42
52425 39
52433 39
52441 37
52450 37
52458 40
52466 42
52474 46
52482 45
52490 41
52498 39
52506 43
52514 37
52522 36
52530 35
52539 34
52547 36
52555 39
52563 42
52571 46
52579 41
52587 34
52596 37
52604 39
52612 35
52620 38
52629 35
52637 39
52645 41
52653 44
52661 42
52669 45
52677 44
52685 43
52693 37
52702 39
52710 39
52718 42
52726 50
52734 48
52742 44
52750 39
52759 40
52767 43
52775 48
52783 52
52792 43
52800 49
52808 45
52816 50
52825 52
52833 54
52841 56
52849 59
52857 47
52865 42
52874 40
52882 42
52890 41
52898 37
52907 40
52915 40
52923 44
52931 42
52939 42
52947 43
52955 44
52964 42
52972 50
52980 54
52988 58
52996 55
53004 51
53012 45
53020 35
53029 41
53037 42
53045 43
53053 48
53062 40
53070 44
53078 45
53086 48
53094 50
53103 40
53111 41
53119 43
53127 43
53135 39
53143 38
53152 42
53160 43
53168 46
53176 50
53184 52
53192 43
53200 46
53208 41
53216 41
53225 38
53233 40
53241 42
53249 43
53257 41
53265 41
53273 43
53281 43
53290 40
53298 41
53306 44
53314 42
53322 46
53330 41
53338 42
53347 37
53355 45
53363 49
53371 53
53379 45
53387 43
53395 45
53403 38
53412 45
53420 51
53428 46
53436 46
53444 40
53453 45
53461 46
53469 49
53477 48
53485 48
53493 41
53501 37
53510 39
53518 47
53526 49
53534 50
53543 42
53551 51
53559 42
53567 41
53576 46
53584 51
53592 53
53600 49
53608 52
53616 43
53625 47
53633 46
53641 48
53649 52
53657 41
53666 37
53674 44
53682 43
53690 44
53698 39
53706 36
53714 37
53723 38
53731 38
53739 42
53747 42
53755 39
53763 38
53772 36
53780 42
53788 46
53796 47
53804 47
53812 44
53820 47
53828 38
53837 45
53845 45
53853 49
53862 36
53870 41
53878 44
53886 44
53894 42
53902 39
53910 42
53919 38
53927 35
53935 35
53943 40
53951 41
53959 46
53967 49
53975 48
53983 46
53991 41
53999 38
54008 36
54016 36
54024 40
54032 45
54040 40
54048 36
54057 44
54065 44
54073 43
54081 37
54090 37
54098 42
54106 46
54114 53
54122 47
54130 44
54138 40
54146 39
54155 43
54163 45
54171 45
54179 44
54188 42
54196 44
54204 47
54212 48
54220 40
54229 44
54237 45
54245 46
54253 50
54261 45
54269 43
54277 40
54285 36
54294 42
54302 43
54310 42
54318 36
54327 38
54335 40
54343 38
54351 38
54359 41
54368 39
54376 41
54384 43
54392 41
54400 42
54408 40
54417 37
54425 40
54433 44
54441 53
54449 47
54457 49
54465 44
54474 50
54482 55
54490 62
54498 66
54506 57
54514 46
54523 41
54531 43
54539 46
54547 51
54555 49
54563 46
54572 47
54580 50
54588 49
54596 48
54605 43
54613 51
54621 57
54629 51
54637 40
54646 52
54654 50
54662 54
54670 51
54678 43
54686 41
54695 43
54703 51
54711 53
54719 52
54727 43
54736 56
54744 46
54752 44
54760 40
54768 41
54777 46
54785 57
54793 42
54802 42
54810 45
54818 40
54826 46
54835 52
54843 50
54851 46
54859 46
54868 44
54876 49
54884 56
54892 53
54900 46
54909 53
54917 50
54925 47
54934 46
54942 59
54950 56
54958 56
54967 55
54975 51
54983 41
54992 40
55000 49
55008 44
55016 46
55024 40
55032 40
55041 44
55049 47
55057 52
55065 51
55073 49
55081 41
55089 38
55098 40
55106 41
55114 39
55122 37
55130 37
55139 36
55147 39
55155 44
55163 49
55171 45
55179 50
55188 47
55196 48
55204 52
55212 49
55220 43
55228 41
55237 41
55245 44
55253 55
55261 49
55270 50
55278 54
55286 59
55294 52
55302 40
55310 38
55319 41
55327 45
55335 43
55343 40
55351 38
55359 36
55367 33
55376 39
55384 38
55392 40
55400 45
55408 43
55416 42
55424 37
55433 45
55441 48
55449 54
55457 53
55465 50
55474 45
55482 52
55490 49
55498 48
55506 48
55514 45
55522 41
55530 39
55539 35
55547 38
55555 38
55564 37
55572 42
55580 45
55588 49
55596 52
55604 46
55612 46
55620 41
55628 41
55636 40
55644 37
55653 33
55661 35
55669 38
55677 39
55685 36
55693 39
55701 38
55710 40
55718 44
55726 44
55734 41
55742 39
55750 37
55759 41
55767 42
55775 47
55783 43
55791 43
55799 39
55808 37
55816 41
55824 44
55832 45
55840 41
55848 39
55856 34
55865 37
55873 40
55881 38
55889 40
55897 40
55905 40
55913 37
55921 37
55929 34
55937 33
55945 35
55954 38
55962 44
55970 43
55978 41
55986 43
55994 43
56002 42
56010 38
56018 32
56027 34
56035 34
56043 42
56051 42
56059 47
56067 46
56075 45
56083 44
56091 44
56099 43
56107 39
56115 36
56124 40
56132 41
56140 43
56148 49
56156 48
56164 47
56172 41
56181 44
56189 50
56197 55
56205 48
56214 42
56222 48
56230 48
56238 50
56246 51
56254 50
56263 42
56271 44
56279 42
56287 36
56296 41
56304 44
56312 44
56320 45
56328 44
56336 45
56344 43
56352 39
56361 43
56369 49
56377 48
56385 45
56394 39
56402 39
56410 44
56418 46
56426 49
56434 46
56442 39
56450 42
56458 41
56466 39
56475 43
56483 49
56491 47
56499 54
56507 57
56515 39
56524 40
56532 35
56540 37
56548 40
56556 39
56564 37
56573 43
56581 52
56589 48
56597 39
56606 43
56614 53
56622 51
56630 46
56638 42
56647 51
56655 52
56663 54
56671 44
56679 42
56688 48
56696 50
56704 50
56712 53
56720 52
56728 47
56736 49
56745 50
56753 51
56761 55
56769 50
56777 41
56786 42
56794 49
56802 53
56810 53
56819 39
56827 48
56835 47
56843 44
56851 40
56860 38
56868 42
56876 43
56884 45
56892 49
56900 50
56908 48
56917 49
56925 44
56933 47
56941 45
56949 40
56958 38
56966 38
56974 41
56982 37
56990 37
56998 39
57006 37
57014 35
57023 39
57031 40
57039 41
57047 41
57055 41
57064 46
57072 51
57080 48
57088 50
57096 39
57105 43
57113 47
57121 51
57129 50
57137 47
57145 40
57154 40
57162 41
57170 46
57178 40
57186 37
57194 38
57203 34
57211 39
57219 38
57227 37
57235 33
57244 38
57252 37
57260 47
57268 47
57276 51
57284 42
57293 40
57301 45
57309 45
57317 44
57325 45
57333 50
57341 54
57349 49
57357 39
57365 34
57374 41
57382 35
57390 35
57399 36
57407 42
57415 43
57423 48
57431 48
57439 45
57447 44
57455 42
57463 39
57471 37
57480 37
57488 39
57496 46
57504 43
57512 44
57520 40
57529 40
57537 41
57545 43
57553 48
57561 50
57569 45
57577 42
57585 41
57593 34
57602 34
57610 40
57618 38
57627 37
57635 39
57643 43
57651 47
57659 48
57667 45
57675 35
57684 36
57692 43
57700 38
57708 35
57716 38
57724 37
57732 32
57741 32
57749 34
57757 36
57765 37
57773 41
57781 40
57789 42
57797 39
57805 40
57813 39
57821 35
57830 32
57838 35
57846 37
57854 40
57862 41
57870 38
57878 34
57886 31
57894 31
57902 30
57911 30
57919 31
57927 32
57935 30
57943 27
57951 28
57960 28
57968 30
57976 31
57984 34
57992 36
58000 36
58008 36
58016 38
58024 39
58032 39
58040 35
58048 33
58056 34
58064 30
58073 32
58081 33
58089 33
58097 32
58105 31
58113 31
58121 33
58129 35
58137 37
58145 39
58153 36
58161 38
58169 35
58177 33
58185 32
58193 33
58201 31
58209 30
58218 31
58226 35
58234 33
58242 33
58250 34
58258 33
58266 34
58274 34
58282 29
58290 30
58299 32
58307 31
58315 31
58323 33
58331 32
58339 31
58347 27
58356 28
58364 30
58372 29
58380 27
58388 28
58396 28
58404 29
58413 29
58421 30
58429 31
58437 31
58445 31
58453 31
58461 31
58469 30
58477 31
58485 27
58493 29
58501 31
58509 32
58517 33
58525 35
58533 34
58541 31
58550 32
58558 32
58566 31
58574 35
58582 34
58590 36
58598 38
58606 42
58614 39
58622 40
58630 40
58638 38
58646 34
58655 35
58663 36
58671 33
58679 31
58688 31
58696 29
58704 31
58712 30
58720 35
58728 34
58736 31
58744 32
58752 32
58761 34
58769 39
58777 38
58785 40
58793 40
58801 42
58809 41
58817 41
58825 40
58833 36
58842 39
58850 37
58858 45
58866 46
58874 45
58882 50
58890 47
58898 41
58906 42
58914 36
58922 36
58931 34
58939 34
58947 37
58955 34
58963 35
58971 40
58979 39
58987 35
58995 34
59004 33
59012 33
59020 37
59028 39
59036 41
59044 45
59052 41
59060 37
59069 37
59077 41
59085 45
59093 49
59101 46
59109 43
59117 38
59125 36
59134 39
59142 44
59150 47
59159 44
59167 56
59175 61
59183 57
59191 58
59199 48
59207 41
59216 46
59224 49
59232 49
59240 47
59248 37
59257 43
59265 45
59273 48
59281 50
59289 49
59297 49
59305 46
59313 39
59322 41
59330 31
59338 40
59346 39
59354 36
59363 42
59371 42
59379 44
59387 45
59396 42
59404 45
59412 50
59420 53
59428 58
59436 56
59444 49
59452 41
59461 46
59469 50
59477 51
59485 49
59493 43
59501 40
59509 37
59517 36
59526 35
59534 36
59542 37
59550 37
59558 37
59567 33
59575 35
59583 38
59591 38
59599 39
59607 40
59615 44
59623 45
59631 40
59639 36
59647 37
59655 35
59663 32
59672 32
59680 32
59688 34
59696 36
59704 34
59712 37
59721 38
59729 49
59737 46
59745 44
59753 43
59761 42
59769 40
59778 37
59786 36
59794 37
59802 42
59810 41
59818 39
59826 36
59835 37
59843 47
59851 46
59859 47
59867 51
59875 52
59883 44
59892 43
59900 53
59908 54
59916 54
59924 46
59933 37
59941 37
59949 54
59958 48
59966 50
59974 53
59983 40
59991 49
59999 56
60007 58
60015 53
60023 52
60031 46
60039 47
60047 45
60056 38
60064 37
60072 39
60080 40
60088 46
60097 44
60105 53
60113 48
60121 50
60129 44
60138 43
60146 48
60154 55
60162 51
60170 50
60178 44
60186 43
60195 38
60203 41
60211 44
60219 44
60227 42
60235 41
60243 40
60251 39
60259 39
60267 35
60275 34
60284 37
60292 39
60300 35
60308 38
60316 38
60324 36
60332 32
60340 32
60349 33
60357 37
60365 36
60373 40
60381 40
60389 40
60397 33
60405 32
60414 34
60422 36
60430 35
60438 37
60446 40
60454 43
60462 42
60470 46
60478 41
60486 42
60494 36
60502 36
60511 35
60519 43
60527 41
60535 43
60543 43
60551 39
60559 36
60568 40
60576 41
60584 40
60592 40
60600 46
60609 41
60617 45
60625 49
60633 49
60641 47
60650 41
60658 47
60666 54
60674 47
60682 45
60690 44
60699 43
60707 46
60715 48
60723 45
60731 43
60740 40
60748 40
60756 40
60765 39
60773 41
60781 36
60789 40
60797 46
60805 56
60813 51
60821 42
60829 40
60838 36
60846 44
60854 41
60862 36
60870 33
60878 35
60887 42
60895 49
60903 49
60911 40
60920 36
60928 40
60936 41
60944 40
60952 37
60960 43
60968 38
60977 39
60985 49
60993 50
61001 47
61009 43
61018 42
61026 49
61034 48
61042 45
61050 50
61058 53
61066 45
61074 39
61083 35
61091 43
61099 46
61107 41
61115 41
61124 40
61132 44
61140 45
61148 48
61156 48
61164 43
61173 48
61181 53
61189 57
61197 54
61205 49
61213 48
61221 46
61230 47
61238 52
61246 60
61254 51
61262 50
61271 43
61279 45
61287 48
61295 43
61303 43
61311 42
61320 38
61328 42
61336 45
61344 42
61352 41
61361 47
61369 48
61377 49
61385 52
61393 50
61401 39
61409 35
61418 40
61426 39
61434 40
61442 41
61450 41
61458 42
61466 43
61474 40
61483 41
61491 49
61499 52
61507 50
61515 48
61523 41
61532 41
61540 41
61548 45
61556 46
61564 46
61573 45
61581 47
61589 43
61597 43
61606 40
61614 42
61622 47
61630 46
61638 49
61646 44
61654 40
61662 40
61671 44
61679 47
61687 44
61695 46
61703 40
61712 39
61720 39
61728 44
61736 46
61744 44
61752 41
61760 40
61768 37
61777 41
61785 42
61793 49
61801 49
61809 51
61817 47
61825 38
61834 42
61842 39
61850 41
61858 34
61867 39
61875 41
61883 42
61891 49
61899 38
61908 39
61916 41
61924 45
61932 48
61940 47
61948 45
61956 40
61965 42
61973 52
61981 51
61989 49
61998 51
62006 45
62014 45
62022 44
62030 45
62039 42
62047 54
62055 52
62063 50
62072 58
62080 46
62089 52
62097 56
62105 59
62114 48
62122 63
62130 56
62138 50
62146 44
62155 41
62163 47
62171 53
62179 56
62187 53
62195 44
62204 47
62212 41
62220 41
62228 38
62237 37
62245 43
62253 47
62261 43
62269 50
62277 43
62285 41
62294 40
62302 48
62310 48
62318 54
62326 50
62334 48
62342 39
62351 43
62359 44
62367 40
62375 38
62383 38
62391 35
62400 37
62408 36
62416 38
62424 46
62432 50
62440 51
62448 52
62456 45
62464 44
62472 44
62480 39
62488 34
62497 35
62505 41
62513 40
62522 42
62530 41
62538 44
62546 42
62554 40
62562 35
62571 36
62579 39
62587 45
62595 45
62603 45
62611 44
62619 43
62627 44
62636 43
62644 47
62652 52
62660 52
62668 45
62677 42
62685 39
62693 36
62702 38
62710 39
62718 42
62726 42
62734 46
62742 48
62750 51
62758 48
62766 46
62774 43
62782 39
62791 40
62799 44
62807 40
62815 42
62824 34
62832 38
62840 38
62848 39
62856 45
62864 46
62872 47
62880 48
62888 43
62896 40
62905 37
62913 40
62921 43
62929 40
62937 45
62945 40
62953 41
62961 37
62970 35
62978 40
62986 40
62994 40
63002 41
63010 41
63018 39
63026 34
63035 34
63043 39
63051 39
63059 39
63067 42
63076 40
63084 40
63092 42
63100 46
63108 46
63116 45
63124 44
63132 44
63140 41
63148 40
63157 37
63165 44
63173 46
63181 48
63189 48
63197 49
63205 46
63213 42
63222 40
63230 45
63238 49
63246 51
63254 49
63262 49
63270 46
63278 39
63287 37
63295 38
63303 37
63311 38
63319 40
63327 39
63336 45
63344 48
63352 52
63360 48
63368 47
63376 49
63384 49
63392 51
63400 42
63409 41
63417 47
63425 54
63433 48
63441 45
63450 39
63458 42
63466 46
63474 53
63482 56
63490 55
63498 49
63506 40
63515 44
63523 45
63531 45
63539 39
63547 39
63556 47
63564 51
63572 52
63580 48
63589 44
63597 53
63605 54
63613 51
63621 46
63629 45
63637 42
63646 39
63654 41
63662 42
63670 44
63678 37
63686 36
63695 36
63703 36
63711 36
63719 37
63727 36
63735 39
63743 42
63751 40
63759 36
63768 36
63776 43
63784 42
63792 42
63801 40
63809 44
63817 52
63825 51
63833 49
63841 51
63850 47
63858 46
63866 48
63874 50
63882 45
63890 40
63899 38
63907 37
63915 33
63923 37
63932 46
63940 52
63948 58
63956 61
63964 57
63972 55
63980 48
63989 63
63997 46
64005 43
64014 42
64022 40
64030 39
64039 40
64047 41
64055 38
64063 39
64071 35
64080 37
64088 42
64096 43
64104 51
64112 47
64120 44
64129 40
64137 41
64145 43
64153 47
64161 44
64169 46
64177 46
64185 44
64193 44
64201 40
64209 39
64217 36
64226 35
64234 37
64242 40
64250 35
64258 35
64267 35
64275 41
64283 40
64291 45
64299 51
64307 48
64315 50
64323 44
64331 42
64339 37
64348 37
64356 40
64364 39
64372 40
64380 38
64388 35
64396 32
64405 34
64413 38
64421 41
64429 39
64437 38
64445 35
64454 38
64462 41
64470 44
64478 46
64486 47
64494 43
64502 40
64510 38
64519 45
64527 42
64535 45
64543 44
64551 42
64559 37
64567 37
64575 39
64584 37
64592 42
64600 44
64608 43
64616 45
64624 40
64632 38
64641 37
64649 39
64657 42
64665 43
64673 47
64681 46
64690 37
64698 45
64706 47
64714 40
64722 40
64731 40
64739 46
64747 42
64756 36
64764 42
64772 47
64780 49
64788 47
64796 46
64805 41
64813 44
64821 45
64829 49
64837 49
64845 47
64854 42
64862 42
64870 46
64878 48
64886 44
64894 43
64902 38
64910 34
64919 37
64927 34
64935 40
64943 35
64952 33
64960 34
64968 35
64976 34
64984 33
64992 35
65001 35
65009 41
65017 40
65025 44
65033 43
65041 47
65049 47
65057 48
65065 41
65074 39
65082 44
65090 47
65098 51
65106 46
65114 41
65122 41
65130 40
65139 37
65147 38
65155 36
65163 38
65171 38
65179 36
65187 38
65195 31
65204 33
65212 33
65220 31
65229 33
65237 35
65245 35
65253 40
65261 39
65269 38
65277 43
65285 44
65293 44
65301 40
65310 45
65318 48
65326 50
65334 44
65342 39
65351 39
65359 44
65367 48
65375 40
65383 40
65391 33
65400 34
65408 37
65416 37
65424 34
65432 33
65440 37
65448 34
65456 34
65464 32
65473 32
65480 31
65489 35
65497 41
65505 41
65513 38
65521 42
65529 38
65537 33
65545 33
65553 32
65562 38
65570 39
65578 39
65587 36
65595 37
65603 35
65611 31
65619 34
65627 34
65635 36
65643 39
65651 38
65659 39
65667 39
65675 39
65683 37
65692 34
65700 39
65708 40
65716 45
65724 43
65732 46
65740 40
65748 38
65756 34
65765 37
65773 38
65781 39
65789 39
65797 37
65806 38
65814 38
65822 40
65830 45
65838 36
65846 38
65854 35
65862 35
65871 43
65879 41
65887 43
65895 45
65903 41
65911 39
65919 38
65927 37
65936 37
65944 36
65952 39
65960 43
65968 37
65976 36
65984 32
65993 39
66001 43
66009 49
66017 49
66025 43
66033 44
66041 40
66050 40
66058 40
66066 42
66074 43
66082 46
66090 42
66098 42
66106 43
66114 39
66122 36
66131 36
66139 40
66147 41
66155 40
66163 41
66171 41
66179 35
66187 38
66195 37
66204 35
66212 38
66220 39
66228 42
66236 44
66244 46
66252 42
66260 39
66268 37
66276 37
66285 36
66293 39
66301 39
66309 38
66317 39
66326 45
66334 50
66342 47
66350 42
66359 42
66367 45
66375 45
66383 45
66391 42
66399 44
66408 44
66416 48
66424 50
66432 44
66441 45
66449 39
66457 39
66465 37
66473 41
66481 35
66490 39
66498 40
66506 40
66514 40
66522 47
66530 40
66538 40
66546 41
66555 39
66563 43
66571 43
66579 48
66587 50
66595 50
66604 41
66612 44
66620 42
66628 42
66636 43
66644 41
66653 46
66661 52
66669 45
66678 43
66686 44
66694 46
66702 44
66710 41
66718 42
66727 42
66735 47
66743 48
66751 47
66759 50
66767 39
66776 34
66784 37
66792 39
66800 40
66809 38
66817 46
66825 47
66833 47
66841 50
66849 48
66857 41
66866 43
66874 48
66882 53
66890 51
66898 47
66906 46
66915 44
66923 43
66931 41
66939 41
66948 35
66956 36
66964 41
66972 45
66980 44
66988 49
66996 42
67005 43
67013 51
67021 52
67029 52
67037 47
67045 43
67054 36
67062 39
67070 41
67078 39
67086 44
67094 42
67102 40
67111 39
67119 41
67127 46
67135 50
67143 39
67151 37
67160 39
67168 43
67176 45
67184 49
67192 50
67200 46
67208 40
67217 41
67225 39
67233 40
67241 40
67249 41
67258 43
67266 42
67274 46
67282 43
67290 45
67298 44
67306 41
67314 37
67323 35
67331 41
67339 42
67347 44
67355 41
67363 40
67371 40
67379 40
67387 37
67396 37
67404 40
67412 44
67420 45
67428 39
67436 37
67445 38
67453 40
67461 42
67469 42
67477 44
67485 40
67494 40
67502 43
67510 45
67518 41
67526 41
67534 44
67543 47
67551 48
67559 50
67567 54
67575 52
67583 41
67592 39
67600 45
67608 40
67617 39
67625 43
67633 44
67641 43
67650 38
67658 39
67666 44
67674 52
67682 48
67690 49
67698 45
67706 46
67714 39
67722 36
67731 34
67739 36
67747 36
67756 37
67764 43
67772 50
67780 54
67788 49
67796 40
67805 44
67813 46
67821 48
67829 41
67837 39
67846 39
67854 41
67862 47
67870 48
67878 47
67886 41
67894 36
67903 39
67911 44
67919 52
67927 49
67935 44
67943 38
67951 34
67959 32
67968 31
67976 34
67984 33
67993 36
68001 38
68009 41
68017 43
68025 45
68033 45
68041 46
68049 45
68057 42
68066 43
68074 48
68082 45
68090 48
68098 47
68106 44
68114 44
68123 39
68131 47
68139 48
68147 46
68155 45
68163 44
68172 53
68180 55
68188 50
68196 42
68205 44
68213 40
68221 45
68230 47
68238 47
68246 48
68254 49
68262 49
68270 43
68279 45
68287 53
68295 53
68303 49
68311 42
68320 48
68328 49
68336 45
68344 41
68352 39
68361 41
68369 42
68377 47
68385 51
68393 52
68401 47
68409 41
68417 38
68426 44
68434 46
68442 45
68450 48
68458 40
68466 33
68475 31
68483 33
68492 29
68499 29
68507 30
68515 31
68524 38
68532 44
68540 44
68548 43
68556 42
68564 40
68572 39
68580 40
68588 37
68597 40
68605 40
68613 41
68621 41
68629 46
68637 44
68645 43
68653 39
68661 35
68670 39
68678 43
68686 46
68694 45
68702 41
68710 39
68719 36
68727 34
68735 37
68743 38
68751 36
68759 38
68767 34
68776 31
68784 36
68792 41
68800 41
68808 43
68816 41
68824 40
68832 36
68840 35
68849 37
68857 42
68865 48
68873 49
68881 54
68889 46
68897 45
68905 45
68913 40
68921 39
68930 42
68938 43
68946 43
68954 43
68962 42
68970 40
68978 39
68986 39
68994 34
69003 34
69011 37
69019 36
69027 37
69035 36
69044 36
69052 36
69060 40
69068 41
69076 42
69084 40
69092 38
69100 40
69108 36
69117 41
69125 46
69133 46
69141 47
69149 45
69157 46
69165 39
69173 38
69181 38
69190 39
69198 35
69206 35
69214 34
69222 31
69230 31
69239 36
69247 38
69255 41
69263 43
69271 35
69279 34
69287 34
69296 35
69304 37
69312 38
69320 39
69328 37
69337 39
69345 38
69353 35
69361 37
69369 44
69377 39
69385 36
69394 35
69402 40
69410 44
69418 43
69426 45
69434 44
69442 39
69450 36
69458 39
69467 37
69475 39
69483 43
69491 40
69499 40
69507 41
69516 34
69524 36
69532 40
69540 43
69548 43
69556 44
69565 40
69573 44
69581 45
69589 55
69597 46
69606 44
69614 47
69622 52
69630 46
69639 41
69647 44
69655 48
69663 53
69671 53
69679 46
69688 46
69696 57
69704 61
69712 59
69720 53
69729 50
69737 56
69745 57
69753 52
69762 51
69770 52
69778 49
69786 42
69794 39
69803 41
69811 48
69819 46
69827 41
69836 46
69844 46
69852 45
69860 41
69869 50
69877 52
69885 49
69893 46
69901 43
69910 49
69918 54
69926 56
69934 54
69942 55
69950 48
69958 45
69967 43
69975 42
69983 45
69991 35
70000 33
70008 34
70016 37
70024 36
70032 33
70040 34
70048 34
70056 36
70064 37
70073 37
70081 43
70089 45
70097 41
70105 39
70114 39
70122 42
70130 44
70138 43
70146 41
70154 44
70162 35
70170 36
70179 40
70187 40
70195 42
70203 42
70211 45
70219 49
70228 49
70236 51
70244 48
70253 41
70261 45
70269 44
70277 38
70285 41
70294 47
70302 51
70310 44
70318 48
70326 50
70335 50
70343 54
70351 51
70360 44
70368 54
70376 53
70384 54
70392 58
70400 49
70409 46
70417 62
70425 49
70433 43
70442 44
70450 42
70458 46
70466 41
70474 41
70482 37
70491 44
70499 53
70507 48
70515 46
70523 40
70532 45
70540 49
70548 53
70556 48
70564 47
70573 44
70581 45
70589 45
70597 48
70605 42
70614 46
70622 49
70630 48
70638 56
70646 49
70654 45
70663 45
70671 48
70679 52
70687 48
70695 45
70704 42
70712 45
70720 50
70728 43
70736 39
70745 41
70753 49
70761 53
70769 54
70777 50
70786 48
70794 52
70802 53
70810 51
70818 45
70826 37
70835 38
70843 38
70851 38
70859 42
70867 46
70875 47
70883 42
70892 47
70900 56
70908 56
70916 47
70924 49
70933 45
70941 49
70949 44
70958 36
70966 40
70974 42
70982 38
70990 37
70998 35
71007 42
71015 40
71023 37
71032 37
71040 38
71048 42
71056 45
71064 43
71072 45
71080 45
71088 44
71096 42
71105 41
71113 45
71121 38
71129 40
71137 36
71145 36
71154 42
71162 42
71170 48
71178 52
71186 48
71194 38
71202 37
71211 37
71219 40
71227 46
71235 46
71243 44
71251 40
71260 42
71268 49
71276 52
71284 47
71292 52
71300 44
71309 40
71317 42
71325 45
71333 42
71341 40
71350 41
71358 50
71366 58
71374 54
71382 51
71390 48
71399 43
71407 44
71415 43
71423 42
71431 38
71440 38
71448 37
71456 42
71464 46
71472 47
71480 43
71488 42
71496 41
71504 39
71513 46
71521 49
71529 57
71537 51
71545 48
71554 42
71562 47
71570 54
71578 43
71586 39
71595 41
71603 46
71611 56
71619 56
71627 49
71636 42
71644 41
71652 50
71660 43
71668 39
71676 37
71685 35
71693 36
71701 36
71710 37
71718 41
71726 43
71734 50
71742 48
71750 48
71758 41
71766 39
71774 37
71783 42
71791 46
71799 42
71807 35
71816 35
71824 38
71832 45
71840 44
71848 40
71856 41
71864 43
71873 48
71881 46
71889 48
71897 53
71905 54
71913 49
71921 43
71930 49
71938 56
71946 51
71954 44
71962 41
71971 45
71979 48
71987 44
71996 44
72004 51
72012 54
72020 52
72028 49
72036 45
72044 45
72052 39
72060 39
72069 44
72077 43
72085 47
72093 46
72101 53
72109 46
72117 43
72125 37
72133 34
72141 33
72150 34
72158 31
72166 33
72174 31
72182 31
72190 32
72199 33
72207 38
72215 43
72223 43
72231 44
72239 39
72247 33
72255 32
72264 36
72272 36
72280 35
72288 33
72297 40
72305 37
72313 36
72321 39
72329 38
72337 36
72346 37
72354 41
72362 40
72370 49
72378 50
72386 43
72394 37
72403 38
72411 36
72419 39
72427 40
72435 37
72443 39
72451 37
72460 37
72468 40
72476 40
72484 38
72492 41
72500 42
72509 37
72517 39
72525 44
72533 42
72541 45
72549 46
72557 46
72565 45
72573 42
72581 41
72590 36
72598 45
72606 43
72614 47
72622 48
72630 45
72638 46
72646 38
72655 36
72663 37
72671 38
72679 43
72687 40
72695 39
72703 41
72711 35
72720 38
72728 41
72736 42
72744 40
72752 37
72761 37
72769 35
72777 37
72785 45
72793 42
72801 43
72809 39
72818 39
72826 42
72834 46
72842 50
72850 53
72858 48
72866 42
72874 41
72882 42
72890 41
72899 36
72907 39
72915 42
72923 41
72931 40
72939 45
72947 46
72955 42
72964 39
72972 39
72980 42
72988 43
72996 40
73004 36
73013 48
73021 50
73029 45
73037 46
73045 39
73054 39
73062 45
73070 44
73079 40
73087 41
73095 45
73103 51
73111 46
73119 43
73128 43
73136 53
73144 50
73152 42
73161 52
73169 52
73177 54
73185 51
73193 47
73201 46
73209 44
73218 53
73226 56
73234 44
73243 43
73251 50
73259 52
73267 53
73275 62
73283 48
73292 46
73300 47
73308 42
73317 39
73325 44
73333 45
73341 43
73349 46
73357 40
73365 40
73374 37
73382 39
73390 43
73398 44
73406 46
73414 43
73423 37
73431 42
73439 38
73447 39
73455 40
73463 35
73471 35
73479 35
73488 36
73496 36
73504 41
73512 39
73520 45
73528 43
73536 42
73544 47
73552 38
73560 37
73568 36
73577 33
73585 39
73593 34
73602 34
73610 39
73618 45
73626 42
73634 45
73642 51
73650 43
73659 49
73667 49
73675 46
73683 43
73692 47
73700 50
73708 49
73716 45
73724 40
73733 45
73741 45
73749 44
73757 42
73766 42
73774 50
73782 47
73790 54
73798 54
73806 55
73814 50
73823 43
73831 45
73839 45
73847 44
73855 40
73864 36
73872 37
73880 40
73888 43
73896 42
73904 43
73912 40
73920 38
73928 41
73937 42
73945 44
73953 44
73961 46
73969 47
73977 44
73985 49
73994 40
74002 43
74010 44
74018 40
74026 38
74035 43
74043 43
74051 46
74059 51
74067 52
74075 39
74084 42
74092 47
74100 44
74108 43
74116 44
74125 36
74133 38
74141 42
74149 43
74157 39
74166 33
74174 38
74182 39
74190 42
74198 43
74206 43
74214 37
74223 39
74231 44
74239 45
74247 45
74255 51
74263 49
74271 46
74279 42
74288 40
74296 44
74304 52
74312 43
74320 43
74329 45
74337 51
74345 47
74353 45
74361 41
74370 39
74378 49
74386 47
74394 43
74402 42
74410 40
74419 38
74427 44
74435 49
74443 49
74451 49
74459 47
74467 49
74475 46
74484 47
74492 46
74500 50
74508 52
74516 53
74524 50
74532 51
74540 42
74549 47
74557 44
74565 43
74573 50
74581 43
74589 37
74598 42
74606 48
74614 46
74622 51
74630 43
74638 38
74646 34
74655 35
74663 32
74671 33
74679 29
74688 33
74696 37
74704 38
74712 37
74720 40
74728 39
74736 40
74744 39
74752 40
74761 41
74769 47
74777 47
74785 49
74793 46
74801 39
74809 42
74817 39
74826 41
74834 42
74842 46
74850 46
74858 45
74866 40
74874 40
74883 37
74891 41
74899 48
74907 49
74915 49
74923 51
74931 48
74939 42
74947 33
74956 34
74964 35
74972 38
74980 40
74988 40
74996 38
75005 44
75013 49
75021 48
75029 44
75037 40
75046 39
75054 48
75062 51
75070 53
75078 45
75086 41
75094 40
75103 45
75111 49
75119 49
75127 45
75136 52
75144 57
75152 51
75161 46
75169 55
75177 42
75185 37
75194 40
75202 41
75210 42
75218 41
75226 38
75235 41
75243 42
75251 47
75259 46
75267 44
75275 44
75283 41
75292 39
75300 43
75308 47
75316 50
75324 48
75332 42
75340 38
75349 43
75357 44
75365 42
75373 43
75381 40
75389 42
75398 40
75406 43
75414 42
75422 51
75430 53
75438 54
75446 52
75454 53
75462 48
75470 46
75478 46
75486 45
75494 42
75503 40
75511 39
75519 36
75528 36
75536 36
75544 38
75552 39
75560 40
75568 43
75576 40
75584 39
75593 39
75601 41
75609 48
75617 45
75625 43
75634 42
75642 44
75650 48
75658 39
75666 38
75675 52
75683 47
75691 49
75700 42
75708 47
75716 47
75724 49
75732 53
75740 54
75748 51
75756 50
75764 47
75773 43
75781 42
75789 41
75797 46
75805 45
75813 43
75821 37
75829 36
75838 35
75846 35
75854 35
75862 35
75871 40
75879 45
75887 45
75895 44
75903 39
75912 41
75920 51
75928 56
75936 55
75944 55
75952 47
75961 40
75969 46
75977 54
75985 53
75993 40
76002 37
76010 43
76018 47
76026 44
76034 46
76042 43
76050 43
76058 38
76067 38
76075 45
76083 45
76091 46
76099 48
76107 43
76115 39
76124 39
76132 41
76140 46
76148 45
76156 40
76165 45
76173 49
76181 48
76189 54
76197 49
76206 45
76214 36
76222 36
76230 39
76238 38
76247 46
76255 48
76263 50
76271 52
76279 54
76287 53
76295 38
76304 41
76312 47
76320 46
76328 42
76336 39
76345 44
76353 43
76361 44
76369 47
76377 43
76385 36
76394 41
76402 43
76410 44
76418 47
76426 47
76434 46
76443 38
76451 45
76459 46
76467 47
76476 41
76484 45
76492 50
76500 49
76508 52
76516 44
76525 40
76533 46
76541 48
76549 44
76557 40
76565 45
76573 42
76581 39
76590 44
76598 39
76606 42
76614 46
76622 43
76630 40
76638 41
76647 49
76655 51
76663 44
76671 47
76680 41
76688 45
76696 51
76704 51
76712 48
76720 46
76728 36
76737 42
76745 40
76753 46
76762 38
76770 49
76778 45
76786 39
76794 36
76803 38
76811 34
76819 37
76827 41
76835 37
76844 43
76852 42
76860 45
76868 54
76876 56
76884 44
76893 42
76901 48
76909 51
76917 51
76925 50
76933 49
76941 43
76949 41
76957 35
76965 35
76974 39
76982 41
76990 44
76998 44
77006 39
77015 35
77023 42
77031 45
77039 46
77047 45
77055 43
77064 38
77072 41
77080 45
77088 42
77096 42
77104 39
77113 40
77121 41
77129 40
77137 42
77145 40
77153 40
77161 38
77170 39
77178 39
77186 42
77194 40
77202 40
77210 38
77218 39
77226 36
77235 35
77243 48
77251 52
77259 49
77267 48
77275 48
77283 40
77292 43
77300 45
77308 47
77316 45
77325 44
77333 50
77341 51
77349 46
77357 38
77366 39
77374 36
77382 38
77390 41
77398 41
77406 39
77415 41
77423 37
77431 39
77439 37
77447 41
77455 37
77463 33
77472 37
77480 39
77488 40
77496 41
77504 37
77512 34
77521 36
77529 40
77537 45
77545 49
77553 46
77561 41
77570 47
77578 50
77586 48
77594 43
77602 46
77611 38
77619 41
77627 42
77635 44
77643 45
77651 44
77659 35
77668 38
77676 42
77684 41
77692 41
77700 41
77708 38
77716 34
77724 34
77732 35
77741 37
77749 41
77757 42
77765 45
77773 38
77781 35
77789 33
77797 33
77806 39
77814 43
77822 46
77830 47
77838 45
77846 38
77855 49
77863 43
77871 45
77879 39
77888 48
77896 50
77904 48
77912 39
77921 35
77929 40
77937 36
77945 38
77953 38
77961 34
77970 35
77978 39
77986 45
77994 45
78002 43
78011 42
78019 42
78027 47
78035 48
78043 49
78051 49
78059 50
78067 53
78075 50
78083 53
78091 47
78099 43
78108 46
78116 45
78124 49
78132 51
78140 45
78149 39
78157 41
78165 41
78173 45
78181 53
78189 46
78197 43
78205 40
78214 38
78222 40
78230 43
78238 39
78246 39
78255 40
78263 44
78271 48
78279 47
78287 47
78295 41
78304 37
78312 39
78320 40
78328 45
78336 39
78345 39
78353 39
78361 46
78369 43
78377 46
78385 47
78393 46
78401 41
78409 36
78418 35
78426 36
78434 40
78443 37
78451 39
78459 39
78467 46
78475 48
78483 47
78491 49
78499 50
78507 46
78515 41
78524 42
78532 48
78540 59
78548 50
78556 46
78565 43
78573 46
78582 42
78590 50
78598 47
78606 48
78614 47
78622 50
78630 48
78638 39
78647 40
78655 41
78663 35
78671 41
78679 40
78687 38
78696 43
78704 45
78713 46
78721 48
78729 56
78737 59
78745 62
78753 57
78761 51
78770 45
78778 42
78786 45
78795 47
78803 51
78812 49
78820 65
78829 54
78837 46
78845 49
78853 47
78861 44
78870 38
78878 41
78886 46
78894 49
78902 45
78911 47
78919 50
78927 48
78935 45
78944 42
78952 43
78960 49
78968 53
78976 52
78984 50
78992 45
79001 40
79009 49
79017 48
79025 51
79033 54
79041 51
79049 48
79058 41
79066 41
79074 41
79082 45
79090 42
79099 36
79107 43
79115 44
79123 44
79131 42
79139 37
79147 36
79156 34
79164 41
79172 44
79180 47
79188 43
79196 39
79204 41
79213 38
79221 40
79229 44
79237 45
79245 45
79253 46
79261 48
79269 45
79277 39
79286 36
79294 40
79302 46
79310 47
79318 45
79326 41
79335 45
79343 53
79351 53
79359 51
79367 49
79375 44
79383 41
79391 42
79400 36
79408 37
79416 37
79425 39
79433 41
79441 41
79449 47
79457 43
79465 45
79474 38
79482 38
79490 38
79498 36
79506 38
79514 37
79523 37
79531 36
79539 36
79547 41
79555 42
79563 41
79571 35
79579 34
79588 41
79596 47
79604 46
79612 49
79620 43
79628 39
79636 38
79644 36
79653 39
79661 43
79669 40
79677 40
79685 40
79693 43
79701 34
79709 33
79718 36
79726 34
79734 36
79742 40
79750 39
79758 40
79766 40
79775 36
79783 35
79791 34
79799 36
79807 37
79815 39
79823 40
79831 42
79839 42
79847 39
79856 44
79864 43
79872 44
79881 38
79889 36
79897 39
79905 39
79913 40
79921 36
79930 32
79938 32
79946 32
79954 32
79962 32
79970 34
79978 36
79986 37
79994 38
80002 37
80010 37
80018 34
80027 35
80035 45
80043 46
80051 43
80059 45
80067 40
80075 41
80083 42
80091 36
80100 38
80108 41
80116 46
80124 46
80132 46
80140 38
80149 36
80157 41
80165 43
80173 44
80181 41
80189 42
80197 42
80205 37
80214 43
80222 43
80230 50
80238 53
80247 41
80255 45
80263 48
80271 50
80279 47
80287 37
80296 40
80304 37
80312 37
80320 37
80329 38
80337 42
80345 41
80353 39
80361 41
80369 39
80377 31
80386 36
80394 34
80402 36
80410 36
80418 39
80426 41
80434 43
80443 36
80451 41
80459 37
80467 36
80475 37
80483 38
80491 37
80499 37
80508 36
80516 37
80524 40
80532 43
80540 41
80548 38
80556 37
80564 35
80573 37
80581 41
80589 44
80597 38
80605 36
80613 37
80621 33
80629 30
80637 30
80646 33
80654 33
80663 33
80671 36
80679 41
80687 45
80695 46
80703 49
80711 45
80719 49
80727 44
80735 42
80744 38
80752 40
80760 42
80768 43
80776 41
80784 36
80792 35
80801 38
80809 39
80817 41
80825 39
80833 39
80841 40
80849 41
80857 39
80866 37
80874 41
80882 45
80890 41
80898 42
80906 47
80914 46
80922 39
80931 41
80939 43
80947 48
80955 43
80963 49
80971 45
80979 40
80988 38
80996 40
81004 40
81012 48
81020 48
81028 45
81036 45
81045 44
81053 51
81061 50
81069 42
81078 37
81086 39
81094 40
81102 46
81110 47
81118 47
81126 42
81134 42
81142 37
81150 37
81158 37
81167 39
81175 41
81183 40
81191 41
81199 38
81207 37
81215 34
81223 34
81232 36
81240 37
81248 41
81256 37
81264 41
81273 33
81281 36
81289 35
81297 40
81305 40
81313 41
81321 43
81329 40
81337 41
81345 41
81354 38
81362 37
81370 37
81378 39
81386 33
81394 34
81402 33
81410 31
81419 32
81427 32
81435 32
81443 34
81451 35
81459 38
81467 42
81475 39
81483 38
81492 36
81500 40
81508 42
81516 50
81524 48
81532 47
81540 52
81548 51
81556 48
81564 45
81572 41
81580 37
81589 44
81597 53
81605 50
81613 48
81621 46
81629 46
81637 41
81646 42
81654 49
81662 46
81670 41
81679 38
81687 47
81695 48
81703 45
81711 43
81719 39
81727 37
81736 36
81744 39
81752 39
81760 40
81768 31
81776 37
81784 33
81792 30
81801 36
81809 35
81817 34
81825 35
81833 35
81841 35
81849 35
81857 34
81865 34
81874 40
81882 40
81890 37
81898 40
81907 35
81915 35
81923 36
81931 37
81939 36
81947 34
81955 36
81963 34
81971 32
81979 33
81987 32
81996 35
82004 34
82012 32
82020 34
82029 38
82037 43
82045 45
82053 47
82061 47
82069 45
82077 47
82085 43
82093 46
82101 39
82110 41
82118 42
82126 42
82134 41
82142 38
82150 34
82158 31
82167 32
82175 33
82183 39
82191 39
82199 44
82207 41
82215 36
82223 36
82231 34
82239 35
82248 37
82256 41
82264 48
82272 47
82280 42
82288 36
82297 38
82305 43
82313 49
82321 52
82329 50
82337 50
82345 43
82353 40
82361 37
82370 36
82378 39
82386 38
82394 33
82402 32
82411 36
82419 38
82427 42
82435 44
82443 46
82451 46
82459 42
82467 37
82476 39
82484 44
82492 47
82500 50
82508 47
82516 48
82524 47
82532 44
82540 43
82549 49
82557 56
82565 53
82573 46
82581 41
82590 39
82598 42
82606 47
82614 46
82622 41
82630 37
82639 40
82647 41
82655 39
82663 40
82671 40
82679 35
82688 37
82696 39
82704 46
82712 44
82720 43
82728 46
82736 49
82744 47
82752 37
82761 34
82769 39
82777 37
82785 35
82793 34
82801 35
82809 35
82818 33
82826 36
82834 41
82842 41
82850 43
82858 43
82866 37
82875 38
82883 41
82891 42
82899 46
82907 41
82915 40
82923 35
82932 36
82940 39
82948 43
82956 46
82964 39
82973 38
82981 44
82989 45
82997 48
83005 50
83013 49
83021 42
83029 38
83038 47
83046 44
83054 39
83062 39
83070 42
83079 42
83087 44
83095 44
83103 45
83111 47
83119 42
83127 37
83136 36
83144 45
83152 46
83160 47
83168 47
83176 36
83185 38
83193 41
83201 45
83209 38
83217 34
83226 31
83234 33
83242 36
83250 40
83258 40
83266 37
83274 39
83282 42
83290 40
83299 38
83307 38
83315 35
83323 37
83331 35
83339 35
83347 32
83356 38
83364 38
83372 39
83380 35
83388 35
83396 37
83404 38
83412 36
83421 35
83429 34
83437 33
83445 35
83453 35
83461 32
83469 37
83477 39
83485 39
83493 39
83502 36
83510 38
83518 39
83526 45
83534 37
83542 34
83550 33
83558 33
83566 32
83574 37
83582 35
83590 35
83599 38
83607 40
83615 41
83623 48
83631 45
83639 43
83647 42
83655 42
83663 37
83671 35
83680 33
83688 36
83696 38
83704 39
83712 39
83720 44
83728 43
83736 38
83744 35
83753 39
83761 37
83769 38
83777 40
83785 39
83793 42
83801 42
83809 46
83817 44
83825 42
83833 41
83841 41
83849 39
83857 37
83866 38
83874 42
83882 43
83890 42
83898 41
83906 40
83914 36
83922 32
83931 37
83939 38
83947 44
83955 41
83963 45
83971 39
83979 34
83988 34
83996 33
84004 34
84012 32
84021 34
84029 42
84037 42
84045 46
84053 45
84061 46
84069 39
84078 42
84086 49
84094 37
84103 40
84111 45
84119 45
84127 44
84135 42
84143 43
84152 36
84160 38
84168 38
84176 41
84184 42
84192 42
84200 40
84208 41
84216 37
84225 35
84233 36
84241 47
84249 48
84257 49
84265 40
84274 45
84282 48
84290 48
84298 41
84307 42
84315 45
84323 46
84331 46
84339 47
84347 44
84355 44
84363 40
84372 37
84380 37
84388 43
84396 43
84404 39
84412 41
84420 44
84429 39
84437 43
84445 52
84453 49
84461 45
84469 40
84478 39
84486 47
84494 52
84502 51
84510 44
84518 45
84527 44
84535 44
84543 48
84551 39
84560 40
84568 44
84576 45
84584 48
84592 45
84600 40
84609 36
84617 39
84625 39
84633 37
84641 40
84649 39
84657 41
84665 35
84674 42
84682 42
84690 41
84698 39
84706 36
84715 35
84723 38
84731 38
84739 43
84747 44
84755 45
84763 43
84771 41
84779 36
84788 43
84796 45
84804 53
84812 53
84820 48
84828 46
84836 41
84844 36
84853 42
84861 44
84869 45
84877 42
84885 40
84893 35
84902 38
84910 42
84918 58
84927 41
84935 45
84943 41
84951 43
84959 37
84967 39
84975 36
84983 38
84992 37
85000 40
85008 36
85017 32
85025 36
85033 42
85041 43
85049 42
85057 41
85065 42
85073 42
85081 44
85089 42
85097 39
85105 39
85114 40
85122 48
85130 49
85138 48
85146 46
85154 42
85162 43
85170 40
85178 38
85186 35
85194 33
85203 33
85211 33
85219 31
85228 28
85236 30
85244 34
85252 33
85260 37
85268 40
85276 39
85284 39
85292 39
85300 38
85308 35
85316 31
85325 33
85333 35
85341 36
85349 33
85357 32
85365 30
85374 33
85382 35
85390 39
85398 39
85406 40
85414 41
85422 43
85430 45
85438 43
85446 39
85454 38
85462 39
85470 39
85478 41
85486 33
85494 33
85503 34
85511 34
85519 36
85527 34
85535 33
85543 34
85551 33
85559 33
85567 36
85575 31
85584 35
85592 37
85600 34
85608 34
85616 34
85624 34
85632 30
85640 32
85648 31
85657 35
85665 35
85673 36
85681 37
85689 36
85697 37
85705 37
85713 36
85722 38
85730 43
85738 46
85746 46
85754 50
85762 44
85770 43
85778 37
85786 34
85795 37
85803 42
85811 39
85819 33
85828 34
85836 33
85844 35
85852 34
85860 33
85868 35
85876 32
85884 33
85892 34
85900 33
85909 30
85917 32
85925 34
85933 38
85941 38
85949 38
85957 36
85965 36
85973 38
85981 35
85989 36
85998 40
86006 42
86014 49
86022 46
86030 45
86038 39
86046 39
86054 40
86062 37
86070 30
86079 33
86087 32
86095 36
86103 37
86111 37
86119 37
86127 37
86135 36
86143 33
86152 39
86160 40
86168 38
86176 35
86184 36
86192 34
86201 31
86209 33
86217 33
86225 34
86233 40
86241 41
86249 43
86257 40
86265 34
86273 33
86281 32
86290 34
86298 38
86306 38
86314 42
86322 48
86330 47
86338 45
86346 44
86354 38
86363 40
86371 41
86379 44
86387 45
86395 41
86403 38
86411 35
86420 36
86428 42
86436 46
86444 48
86452 49
86460 47
86468 47
86476 44
86484 40
86492 40
86501 35
86509 36
86517 39
86525 42
86534 42
86542 50
86550 48
86558 53
86566 52
86574 47
86582 43
86590 41
86598 32
86606 32
86614 32
86623 35
86631 33
86639 36
86647 34
86655 35
86663 35
86671 32
86680 35
86688 37
86696 37
86704 38
86712 38
86720 41
86728 40
86736 39
86744 37
86753 35
86761 40
86769 41
86777 42
86785 44
86793 41
86801 42
86809 44
86817 38
86825 38
86833 36
86842 38
86850 35
86858 44
86866 49
86874 45
86882 37
86891 38
86899 40
86907 39
86915 42
86923 37
86931 38
86939 34
86947 32
86956 37
86964 40
86972 40
86980 38
86988 43
86996 45
87004 44
87012 45
87020 42
87028 36
87037 38
87045 42
87053 49
87061 41
87070 42
87078 46
87086 47
87094 46
87102 46
87110 49
87118 45
87127 50
87135 52
87143 49
87151 41
87160 39
87168 42
87176 40
87184 38
87192 36
87201 39
87209 44
87217 47
87225 48
87233 44
87242 41
87250 44
87258 46
87266 45
87274 47
87282 44
87290 41
87299 44
87307 52
87315 49
87323 43
87331 39
87340 41
87348 42
87356 46
87364 46
87372 46
87380 46
87388 49
87396 47
87404 46
87413 39
87421 43
87429 38
87437 44
87445 40
87453 39
87461 38
87469 35
87477 39
87486 41
87494 42
87502 41
87510 39
87519 46
87527 58
87535 54
87543 52
87551 52
87559 54
87567 48
87576 40
87584 46
87592 46
87600 48
87608 44
87617 39
87625 44
87633 55
87641 43
87649 40
87658 43
87666 44
87674 39
87682 38
87691 39
87699 38
87707 41
87715 42
87723 37
87731 40
87739 43
87747 46
87755 39
87764 38
87772 36
87780 37
87788 38
87796 33
87804 36
87812 37
87820 34
87828 30
87836 33
87844 34
87852 32
87860 32
87869 33
87877 34
87885 33
87893 33
87901 33
87909 32
87918 34
87926 31
87934 32
87942 33
87950 33
87959 34
87967 38
87975 41
87983 40
87991 45
87999 42
88007 47
88015 50
88023 46
88032 42
88040 43
88048 49
88056 52
88064 51
88073 49
88081 58
88089 45
88097 36
88106 39
88114 43
88122 45
88130 43
88138 46
88146 41
88155 40
88163 39
88171 42
88179 38
88187 37
88195 37
88204 38
88212 37
88220 42
88228 41
88236 46
88244 47
88252 40
88260 34
88269 32
88277 38
88285 39
88293 41
88301 40
88310 42
88318 43
88326 47
88334 45
88342 43
88350 44
88358 43
88366 40
88374 35
88382 36
88391 36
88399 33
88407 33
88415 34
88423 35
88431 35
88439 39
88447 39
88455 37
88464 37
88472 41
88480 39
88488 37
88496 38
88504 41
88512 39
88520 39
88529 41
88537 49
88545 48
88553 48
88561 48
88569 48
88577 43
88585 45
88593 39
88602 44
88610 47
88618 48
88626 47
88634 45
88642 37
88651 39
88659 44
88667 44
88675 43
88684 46
88692 54
88700 50
88708 45
88716 47
88724 45
88732 43
88741 41
88749 42
88757 44
88766 39
88774 42
88782 48
88790 46
88798 45
88806 51
88814 43
88822 40
88831 37
88839 41
88847 45
88855 42
88863 43
88871 41
88879 38
88888 39
88896 46
88904 48
88912 53
88920 51
88928 44
88937 40
88945 43
88953 52
88961 48
88969 46
88977 39
88986 51
88994 46
89002 51
89010 50
89018 42
89026 39
89034 38
89043 37
89051 40
89059 39
89067 42
89075 43
89083 44
89091 41
89099 44
89107 39
89115 37
89123 37
89132 39
89140 42
89148 42
89156 41
89164 41
89172 37
89180 36
89188 32
89196 32
89205 29
89213 30
89221 31
89229 33
89238 33
89246 37
89254 36
89262 44
89270 47
89278 47
89286 48
89294 38
89303 39
89311 46
89319 45
89327 41
89335 42
89343 42
89351 42
89360 37
89368 41
89376 36
89384 36
89393 36
89401 38
89409 44
89417 44
89425 49
89433 42
89442 36
89450 37
89458 42
89466 35
89475 40
89483 39
89491 42
89499 45
89507 44
89515 41
89523 43
89531 43
89539 35
89548 37
89556 41
89564 45
89572 46
89580 41
89588 40
89596 38
89604 39
89613 42
89621 43
89629 47
89637 42
89645 47
89653 48
89661 40
89670 41
89678 40
89686 42
89694 41
89702 42
89710 41
89718 41
89727 45
89735 43
89743 45
89751 45
89759 48
89767 50
89775 46
89783 40
89791 38
89800 41
89808 44
89816 47
89824 49
89832 45
89841 45
89849 47
89857 45
89865 44
89873 42
89881 40
89889 41
89897 36
89906 39
89914 39
89922 39
89930 42
89938 42
89946 37
89955 40
89963 40
89971 44
89979 43
89987 45
89995 43
90003 39
90011 40
90019 35
90028 36
90036 41
90044 42
90052 46
90060 47
90068 45
90076 46
90084 47
90092 41
90100 38
90108 33
90117 30
90125 32
90133 30
90141 28
90150 28
90158 25
90166 24
90174 26
90182 30
90191 30
90199 31
90207 32
90215 31
90223 37
90231 38
90239 41
90247 42
90255 43
90263 42
90271 44
90279 42
90287 38
90296 41
90304 44
90312 50
90320 54
90328 47
90336 45
90344 42
90352 40
90361 39
90369 37
90377 36
90385 34
90394 37
90402 47
90410 42
90418 42
90426 43
90434 42
90442 36
90451 40
90459 40
90467 41
90475 42
90484 40
90492 42
90500 43
90508 43
90516 46
90524 50
90532 47
90540 51
90548 48
90556 41
90565 40
90573 40
90581 39
90589 42
90597 43
90605 46
90613 44
90622 40
90630 38
90638 42
90646 35
90655 36
90663 40
90671 39
90679 50
90687 45
90695 42
90703 40
90711 39
90720 40
90728 39
90736 38
90744 40
90752 43
90760 46
90768 50
90777 45
90785 46
90793 51
90801 52
90809 47
90818 43
90826 48
90834 53
90842 51
90850 51
90858 43
90867 48
90875 53
90883 53
90891 54
90899 49
90907 50
90915 42
90924 45
90932 43
90940 44
90948 45
90956 40
90965 41
90973 40
90981 43
90989 48
90997 46
91005 42
91013 41
91022 38
91030 39
91038 43
91046 45
91054 42
91062 41
91070 41
91079 39
91087 41
91095 42
91103 44
91111 46
91119 51
91127 43
91136 43
91144 52
91152 54
91160 52
91168 48
91176 39
91185 41
91193 41
91201 46
91210 36
91218 39
91226 44
91234 46
91242 46
91250 42
91258 42
91267 46
91275 50
91283 56
91291 53
91299 47
91307 41
91316 42
91324 48
91332 50
91340 52
91348 45
91356 42
91365 40
91373 39
91381 41
91389 40
91397 40
91405 42
91413 38
91421 34
91430 36
91438 41
91446 46
91454 46
91462 49
91470 48
91478 46
91487 42
91495 44
91503 54
91511 50
91519 39
91528 46
91536 52
91544 50
91552 48
91560 45
91568 40
91577 48
91585 44
91593 43
91601 41
91609 38
91617 33
91626 38
91634 36
91642 36
91650 39
91658 42
91666 38
91675 37
91683 40
91691 42
91699 43
91707 44
91715 43
91723 48
91731 43
91739 41
91747 42
91756 41
91764 47
91772 48
91780 41
91788 38
91796 37
91805 39
91813 41
91821 49
91829 48
91837 44
91845 46
91853 40
91862 42
91870 44
91878 46
91886 44
91895 39
91903 42
91911 41
91919 46
91927 43
91935 43
91944 34
91952 42
91960 42
91969 37
91977 37
91985 40
91993 42
92001 47
92009 39
92017 41
92026 38
92034 43
92042 44
92050 40
92058 40
92066 39
92075 34
92083 37
92091 34
92099 35
92107 34
92115 29
92123 29
92131 31
92140 33
92148 33
92156 37
92164 37
92172 35
92180 36
92188 38
92196 39
92204 37
92212 36
92220 33
92228 35
92237 33
92245 34
92253 34
92261 37
92269 41
92277 33
92286 33
92294 34
92302 34
92310 37
92318 39
92326 39
92334 37
92342 35
92350 39
92358 36
92366 33
92375 33
92383 33
92391 36
92399 35
92407 36
92415 35
92423 36
92431 36
92439 37
92447 38
92455 42
92463 42
92471 40
92479 38
92488 34
92496 36
92504 39
92512 38
92520 36
92529 38
92537 46
92545 49
92553 47
92561 41
92570 45
92578 48
92586 48
92594 50
92602 57
92610 54
92618 51
92626 42
92635 43
92643 43
92651 44
92659 42
92667 44
92675 41
92683 39
92691 38
92700 38
92708 40
92716 45
92724 43
92732 44
92740 42
92748 41
92757 41
92765 38
92773 40
92781 38
92789 40
92797 41
92805 40
92814 37
92822 41
92830 41
92838 39
92847 39
92855 42
92863 54
92871 58
92879 50
92887 46
92896 49
92904 49
92912 47
92920 38
92929 43
92937 49
92945 58
92953 61
92961 49
92969 49
92977 46
92986 43
92994 45
93002 50
93010 57
93018 53
93026 42
93035 42
93043 50
93051 44
93059 44
93067 40
93076 38
93083 35
93092 37
93100 37
93108 40
93116 37
93124 41
93132 39
93140 34
93149 37
93157 49
93165 40
93174 36
93182 38
93190 42
93198 43
93206 46
93214 49
93222 49
93230 48
93239 48
93247 52
93255 54
93263 52
93271 51
93279 42
93287 40
93296 45
93304 43
93312 48
93320 47
93329 36
93337 46
93345 51
93353 48
93361 44
93369 39
93378 49
93386 58
93394 61
93402 48
93411 40
93419 44
93427 48
93435 47
93443 40
93451 40
93460 45
93468 43
93476 41
93484 42
93492 37
93500 36
93509 40
93517 41
93525 47
93533 47
93541 45
93549 45
93557 42
93566 39
93574 43
93582 44
93590 48
93598 44
93606 40
93615 39
93623 45
93631 50
93639 45
93647 37
93656 39
93664 46
93672 39
93680 41
93688 42
93696 41
93704 47
93712 40
93720 35
93729 39
93737 40
93745 43
93753 48
93761 45
93769 45
93777 46
93785 43
93793 39
93801 41
93809 38
93818 36
93826 41
93834 42
93842 45
93850 43
93858 42
93866 43
93874 39
93882 39
93891 35
93899 39
93907 37
93915 41
93923 39
93931 36
93940 41
93948 39
93956 37
93964 36
93972 32
93981 32
93989 34
93997 35
94005 38
94013 41
94021 39
94029 37
94037 38
94046 41
94054 45
94062 43
94070 44
94078 42
94086 40
94094 39
94102 38
94110 35
94119 38
94127 41
94135 39
94143 42
94151 45
94159 45
94167 40
94175 34
94184 37
94192 37
94200 37
94208 37
94216 39
94224 40
94232 43
94240 46
94248 44
94256 41
94264 34
94272 34
94281 33
94289 39
94297 36
94306 38
94314 42
94322 44
94330 43
94338 47
94346 46
94354 47
94363 37
94371 43
94379 41
94387 36
94396 38
94404 39
94412 42
94420 40
94428 41
94436 42
94444 40
94453 40
94461 46
94469 44
94477 45
94485 45
94493 46
94501 44
94510 44
94518 43
94526 43
94534 40
94542 39
94551 36
94558 37
94567 41
94575 49
94583 52
94591 46
94599 40
94608 45
94616 49
94624 48
94632 52
94640 51
94648 47
94656 40
94665 38
94673 40
94681 44
94689 41
94697 42
94705 41
94713 39
94721 36
94730 42
94738 39
94746 39
94754 45
94762 42
94770 38
94779 39
94787 44
94795 46
94803 54
94811 49
94819 43
94828 40
94836 43
94844 48
94852 45
94860 48
94868 47
94876 41
94884 41
94892 39
94901 39
94909 34
94917 40
94925 38
94933 36
94941 31
94950 30
94958 33
94966 31
94974 31
94982 33
94990 33
94998 35
95006 39
95014 35
95022 37
95030 38
95038 35
95046 34
95054 33
95062 33
95071 33
95079 34
95087 38
95095 40
95103 41
95111 38
95119 38
95127 36
95136 36
95144 35
95152 33
95161 39
95169 39
95177 37
95185 36
95193 36
95201 41
95209 40
95217 38
95225 34
95234 37
95242 39
95250 39
95258 37
95266 40
95274 36
95282 36
95291 38
95299 42
95307 42
95315 45
95323 45
95331 49
95339 48
95347 47
95355 44
95363 45
95371 38
95379 32
95387 32
95396 34
95404 36
95412 38
95420 40
95428 38
95436 35
95444 34
95452 34
95461 30
95469 32
95477 33
95485 37
95493 33
95501 36
95509 31
95517 30
95525 29
95533 29
95541 32
95550 29
95558 28
95567 28
95575 31
95583 34
95591 36
95599 37
95607 37
95615 39
95623 42
95631 47
95639 49
95647 40
95655 34
95664 32
95672 37
95680 38
95688 43
95696 43
95704 46
95712 42
95720 43
95728 42
95736 41
95744 38
95753 36
95761 39
95769 40
95777 41
95785 38
95794 34
95802 34
95810 36
95818 38
95826 37
95834 40
95842 41
95850 43
95858 42
95866 44
95874 37
95883 41
95891 45
95899 45
95907 43
95915 39
95924 36
95932 40
95940 38
95948 39
95956 34
95964 33
95973 33
95981 34
95989 39
95997 41
96005 39
96013 39
96021 37
96029 36
96037 37
96045 39
96053 37
96061 36
96070 42
96078 48
96086 49
96094 46
96102 42
96110 39
96119 37
96127 38
96135 38
96143 43
96151 39
96159 39
96168 36
96176 38
96184 40
96192 38
96201 37
96209 44
96217 38
96225 37
96233 44
96241 40
96249 42
96258 43
96266 39
96274 43
96282 50
96290 43
96299 44
96307 48
96315 47
96323 41
96331 37
96340 40
96348 39
96356 40
96364 46
96372 41
96381 38
96389 35
96397 34
96405 41
96414 40
96422 40
96430 44
96438 42
96446 42
96454 42
96462 41
96470 36
96479 40
96487 42
96495 43
96503 45
96511 44
96519 40
96528 34
96536 36
96544 34
96552 35
96560 36
96568 36
96576 35
96584 35
96593 36
96601 36
96609 41
96617 45
96625 48
96633 47
96641 52
96649 50
96657 49
96665 47
96673 45
96681 39
96689 33
96697 30
96706 30
96714 30
96722 30
96730 34
96738 37
96746 35
96755 40
96763 43
96771 48
96779 46
96787 47
96795 45
96804 39
96812 42
96820 45
96828 44
96836 40
96845 40
96853 46
96861 53
96869 50
96877 44
96885 39
96894 44
96902 50
96910 46
96918 39
96927 38
96935 41
96943 41
96951 43
96959 48
96967 41
96976 40
96984 48
96992 45
97000 50
97008 52
97016 44
97025 40
97033 41
97041 41
97049 41
97057 41
97065 45
97073 43
97081 42
97090 44
97098 48
97106 51
97115 39
97123 45
97131 53
97139 48
97147 42
97156 39
97164 44
97172 49
97180 48
97188 46
97196 40
97205 36
97213 40
97221 45
97229 40
97237 44
97245 37
97253 33
97262 36
97270 42
97278 41
97286 37
97294 34
97302 37
97311 33
97319 36
97327 36
97335 37
97343 41
97351 37
97359 36
97368 35
97376 33
97384 37
97392 39
97400 39
97408 37
97417 31
97425 35
97433 36
97441 42
97449 41
97457 40
97465 39
97473 41
97481 38
97489 40
97497 38
97505 35
97514 35
97522 36
97530 36
97538 35
97546 34
97554 39
97562 37
97570 41
97578 43
97586 35
97594 34
97603 33
97611 37
97619 37
97627 37
97635 38
97643 41
97651 36
97659 35
97667 37
97676 34
97684 35
97692 34
97700 35
97708 40
97716 39
97724 39
97732 37
97740 37
97748 35
97756 37
97764 34
97772 29
97781 30
97789 31
97797 33
97805 36
97813 37
97821 40
97829 35
97838 38
97846 36
97854 37
97862 35
97870 36
97879 38
97887 40
97895 41
97903 42
97911 45
97919 49
97927 53
97935 45
97943 40
97951 35
97960 35
97968 35
97976 33
97984 35
97992 38
98000 36
98009 31
98017 35
98025 38
98033 39
98041 40
98049 36
98058 39
98066 40
98074 45
98082 44
98090 45
98098 48
98106 51
98114 51
98122 48
98130 37
98139 40
98147 39
98155 44
98163 44
98171 39
98179 38
98187 38
98195 35
98204 35
98212 35
98220 37
98228 36
98236 32
98244 34
98252 35
98260 36
98268 37
98276 37
98285 40
98293 39
98301 39
98309 41
98317 43
98325 42
98333 43
98341 41
98349 42
98357 33
98365 35
98373 31
98382 29
98390 30
98398 32
98407 38
98415 38
98423 40
98431 39
98439 47
98447 45
98455 45
98463 44
98471 40
98479 41
98488 37
98496 41
98504 44
98512 43
98520 46
98528 45
98536 43
98545 38
98553 44
98561 44
98569 47
98577 48
98585 44
98594 45
98602 51
98610 50
98618 42
98627 43
98635 42
98643 41
98651 43
98659 41
98667 46
98676 44
98684 49
98692 50
98700 52
98709 41
98717 44
98725 42
98733 41
98741 39
98749 38
98758 40
98766 43
98774 42
98782 41
98790 40
98798 39
98807 40
98815 42
98823 52
98831 57
98839 55
98847 49
98856 40
98864 50
98872 53
98880 45
98889 44
98897 44
98905 49
98913 51
98921 45
98929 42
98938 41
98946 41
98954 44
98962 47
98970 40
98979 42
98987 50
98995 55
99003 61
99011 53
99019 42
99028 48
99036 57
99044 54
99052 52
99060 54
99068 48
99077 39
99085 43
99093 45
99101 46
99109 39
99117 37
99126 44
99134 50
99142 45
99150 47
99158 44
99166 37
99174 36
99183 44
99191 45
99199 47
99208 44
99216 48
99224 50
99232 53
99240 43
99248 37
99257 38
99265 45
99273 45
99281 45
99289 40
99297 38
99306 40
99314 45
99322 52
99330 54
99338 50
99347 49
99355 52
99363 50
99371 47
99380 36
99388 45
99396 49
99404 46
99413 48
99421 59
99429 51
99437 42
99446 44
99454 46
99462 47
99470 46
99478 39
99486 43
99495 40
99503 46
99511 55
99519 56
99528 47
99536 41
99544 41
99553 41
99561 45
99569 51
99577 45
99585 49
99594 53
99602 59
99610 58
99618 45
99626 39
99635 45
99643 43
99651 44
99659 41
99668 41
99676 42
99684 45
99692 51
99700 51
99708 47
99716 46
99725 42
99733 41
99741 45
99749 40
99757 37
99765 35
99774 36
99782 38
99790 45
99798 45
99806 44
99814 43
99822 43
99830 40
99839 46
99847 55
99855 43
99864 38
99872 40
99880 48
99888 49
99896 53
99904 53
99912 42
99920 35
99929 34
99936 34
99945 38
99953 44
99961 42
99969 39
99977 37
99986 37
99994 40
