4 924
9293 1349740080
9297 1349740224
9300 32767
9305 1349740080
9309 12944010
9313 1349740272
9319 1349740988
9328 1069692676
9331 1
9337 1349740272
9341 1349740872
9347 1349740808
9351 1349742476
9352 32767
9359 1349742476
9365 1349740936
9371 1349740904
9375 1349742475
9385 1349741440
9389 1349741824
9394 524288
9397 1
9401 1349742476
9402 32767
9413 1349741912
9418 8
9421 1
9425 1349742475
9426 32767
9434 1
9447 1349740772
9455 2026584188
9461 2026584184
9465 2026584160
9471 2026587512
9477 1349740800
9481 2061214480
9487 25190500
9493 1349740912
9496 32767
9499 100
9503 25190400
9507 1349740840
9521 1349741424
9527 1349740920
9533 1349744984
9539 256724182
9551 1680867080
9555 1680875504
9563 1680695434
9567 1680867080
9571 1680872232
9579 1680695434
9583 1680875504
9587 1680875504
9589 1680838832
9595 1680867080
9603 1680867080
9611 1349741472
9615 1680720483
9621 2026584160
9625 256748568
9631 1680867080
9635 1680726553
9641 1680794288
9647 1680867080
9653 1680838832
9657 256748297
9661 1680875504
9669 1940
9675 1680641445
9681 1349741888
9685 2026587512
9691 2026587512
9703 1680867080
9707 1680872080
9715 1680695434
9719 1680872080
9723 1680872080
9735 1680867080
9739 1680872080
9743 256747264
9755 1680867080
9759 1680872080
9767 1680695434
9771 1680872080
9775 1680872080
9777 1680838832
9783 1680867080
9791 1680867080
9799 1349742224
9803 1680720483
9809 1680794288
9813 256748568
9819 1680867080
9823 1680726553
9829 1680794288
9835 1680867080
9841 1680838832
9845 256747886
9849 1680872080
9857 1529
9863 1680641445
9869 1349742640
9873 1349745392
9875 256730712
9885 1349745392
9889 1769234802
9901 1349742528
9905 1349742544
9909 1349743112
9915 1349743080
9919 1349744651
9929 1349743616
9932 32767
9939 1349745392
9953 1349744072
9957 1349744088
9961 1
9965 1
9969 1349744651
9970 32767
9978 1
9979 1
9987 4
9993 1349744648
