13 1000
16 1000
19 1000
22 1000
9261 1349740080
9265 1349740224
9268 32767
9273 1349740080
9277 12944010
9281 1349740272
9287 1349740988
9296 1069692676
9299 1
9305 1349740272
9309 1349740872
9315 1349740808
9319 1349742476
9320 32767
9327 1349742476
9333 1349740936
9339 1349740904
9343 1349742475
9353 1349741440
9357 1349741824
9362 524288
9365 1
9369 1349742476
9370 32767
9381 1349741912
9386 8
9389 1
9393 1349742475
9394 32767
9402 1
9415 1349740772
9423 2026584188
9429 2026584184
9433 2026584160
9439 2026587512
9445 1349740800
9449 2061214480
9455 25190500
9461 1349740912
9464 32767
9467 100
9471 25190400
9475 1349740840
9489 1349741424
9495 1349740920
9501 1349744984
9507 256724182
9519 1680867080
9523 1680875504
9531 1680695434
9535 1680867080
9539 1680872232
9547 1680695434
9551 1680875504
9555 1680875504
9557 1680838832
9563 1680867080
9571 1680867080
9579 1349741472
9583 1680720483
9589 2026584160
9593 256748568
9599 1680867080
9603 1680726553
9609 1680794288
9615 1680867080
9621 1680838832
9625 256748297
9629 1680875504
9637 1940
9643 1680641445
9649 1349741888
9653 2026587512
9659 2026587512
9671 1680867080
9675 1680872080
9683 1680695434
9687 1680872080
9691 1680872080
9703 1680867080
9707 1680872080
9711 256747264
9723 1680867080
9727 1680872080
9735 1680695434
9739 1680872080
9743 1680872080
9745 1680838832
9751 1680867080
9759 1680867080
9767 1349742224
9771 1680720483
9777 1680794288
9781 256748568
9787 1680867080
9791 1680726553
9801 1349742240
9805 1349742384
9808 32767
9813 1349742240
9816 32767
9821 1349742432
9827 1349743148
9831 1680641445
9836 1079224787
9841 1349745392
9845 1349742432
9849 1349743032
9855 1349742968
9859 1349744636
9860 32767
9867 1349744636
9873 1349742544
9877 1349743112
9883 1349743080
9887 1349744651
9897 1349743616
9901 1349742656
9905 1349742672
9909 1349743240
9915 1349743208
9919 1349744779
9929 1349743744
9932 32767
9937 1349744651
9938 32767
9946 1
9953 1349744200
9957 1349744216
9961 1
9965 1
9969 1349744779
9970 32767
9978 1
9979 1
9987 4
9993 1349744776
