1 4 10 0 0 0.04
2 25 22 0 0 0.25
3 27 33 2 0.02 0.27
4 26 40 10 0.1 0.26
5 35 34 15 0.15 0.35
6 32 34 20 0.2 0.32
7 43 42 21 0.21 0.43
8 34 45 21 0.21 0.34
9 37 41 22 0.22 0.37
10 36 40 22 0.22 0.36
11 48 43 22 0.22 0.48
12 44 34 22 0.22 0.44
13 47 39 22 0.22 0.47
14 41 46 22 0.22 0.41
15 38 41 22 0.22 0.38
16 38 47 23 0.23 0.38
17 52 42 23 0.23 0.52
18 46 38 24 0.24 0.46
19 56 43 24 0.24 0.56
20 45 45 24 0.24 0.45
21 41 53 25 0.25 0.41
22 42 57 25 0.25 0.42
23 44 54 25 0.25 0.44
24 47 42 25 0.25 0.47
25 63 41 25 0.25 0.63
26 53 42 25 0.25 0.53
27 48 50 25 0.25 0.48
28 47 57 25 0.25 0.47
29 46 53 25 0.25 0.46
30 55 41 26 0.26 0.55
31 52 54 26 0.26 0.52
32 51 49 26 0.26 0.51
33 52 46 26 0.26 0.52
34 53 59 26 0.26 0.53
35 45 63 27 0.27 0.45
36 40 71 27 0.27 0.4
37 47 73 27 0.27 0.47
38 50 64 27 0.27 0.5
39 51 51 27 0.27 0.51
40 73 40 27 0.27 0.73
41 75 40 27 0.27 0.75
42 67 46 27 0.27 0.67
43 58 50 27 0.27 0.58
44 46 67 28 0.28 0.46
45 40 79 28 0.28 0.4
46 40 87 28 0.28 0.4
47 41 85 28 0.28 0.41
48 45 82 28 0.28 0.45
49 46 81 28 0.28 0.46
50 47 80 28 0.28 0.47
51 47 78 28 0.28 0.47
52 51 73 28 0.28 0.51
53 55 70 28 0.28 0.55
54 56 70 28 0.28 0.56
55 58 67 28 0.28 0.58
56 60 67 28 0.28 0.6
57 62 66 28 0.28 0.62
58 62 66 28 0.28 0.62
59 62 66 28 0.28 0.62
60 62 66 28 0.28 0.62
61 62 66 28 0.28 0.62
62 62 66 28 0.28 0.62
63 62 66 28 0.28 0.62
64 62 66 28 0.28 0.62
65 62 66 28 0.28 0.62
66 62 66 28 0.28 0.62
67 62 66 28 0.28 0.62
