1 59 54 29 0.29 0.59
2 56 57 34 0.34 0.56
3 51 51 13 0.13 0.51
4 54 45 16 0.16 0.54
5 50 41 16 0.16 0.5
6 45 43 20 0.2 0.45
7 35 40 12 0.12 0.35
8 36 37 12 0.12 0.36
9 39 35 15 0.15 0.39
10 41 32 15 0.15 0.41
11 33 27 9 0.09 0.33
12 30 32 11 0.11 0.3
13 28 35 16 0.16 0.28
14 27 34 7 0.07 0.27
15 31 33 10 0.1 0.31
16 32 29 12 0.12 0.32
17 31 23 7 0.07 0.31
18 28 24 7 0.07 0.28
19 20 27 5 0.05 0.2
20 18 27 5 0.05 0.18
21 18 29 10 0.1 0.18
22 20 23 4 0.04 0.2
23 27 14 2 0.02 0.27
24 33 17 8 0.08 0.33
25 20 18 4 0.04 0.2
26 14 26 3 0.03 0.14
27 14 25 7 0.07 0.14
28 17 16 4 0.04 0.17
29 24 12 1 0.01 0.24
30 22 22 9 0.09 0.22
31 16 21 3 0.03 0.16
32 17 20 1 0.01 0.17
33 14 21 2 0.02 0.14
34 9 19 2 0.02 0.09
35 9 14 0 0 0.09
36 10 11 2 0.02 0.1
37 9 6 2 0.02 0.09
38 11 4 0 0 0.11
39 23 5 2 0.02 0.23
40 15 3 1 0.01 0.15
41 6 9 0 0 0.06
42 5 16 1 0.01 0.05
43 4 17 0 0 0.04
44 1 16 1 0.01 0.01
45 1 9 0 0 0.01
46 1 0 0 0 0.01
47 2 0 0 0 0.02
48 1 0 0 0 0.01
49 1 0 0 0 0.01
50 1 0 0 0 0.01
51 3 0 0 0 0.03
52 4 0 0 0 0.04
53 3 0 0 0 0.03
54 2 0 0 0 0.02
55 3 0 0 0 0.03
56 1 0 0 0 0.01
57 0 0 0 0 0
58 0 0 0 0 0
59 0 0 0 0 0
60 0 0 0 0 0
61 0 0 0 0 0
62 0 0 0 0 0
63 0 0 0 0 0
64 0 0 0 0 0
65 0 0 0 0 0
66 0 0 0 0 0
67 0 0 0 0 0
