1 210 29 31 0.285714
2 265 20 19 0.14717
3 270 12 15 0.1
4 299 17 11 0.0936455
5 276 14 9 0.0833333
6 235 8 16 0.102128
7 185 10 14 0.12973
8 208 12 13 0.120192
9 195 18 10 0.14359
10 212 13 11 0.113208
11 201 12 13 0.124378
12 155 9 11 0.129032
13 163 12 15 0.165644
14 152 10 16 0.171053
15 157 17 10 0.171975
16 204 14 15 0.142157
17 174 16 8 0.137931
18 145 7 10 0.117241
19 137 12 16 0.20438
20 128 5 12 0.132812
21 130 9 13 0.169231
22 119 14 11 0.210084
23 131 18 7 0.19084
24 113 15 8 0.20354
25 128 9 9 0.140625
26 120 5 16 0.175
27 146 10 14 0.164384
28 85 9 8 0.2
29 97 13 7 0.206186
30 150 14 14 0.186667
31 111 6 15 0.189189
32 102 13 7 0.196078
33 103 7 8 0.145631
34 115 8 16 0.208696
35 74 5 8 0.175676
36 79 7 11 0.227848
37 51 7 2 0.176471
38 42 7 0 0.166667
39 67 15 2 0.253731
40 86 14 1 0.174419
41 55 2 9 0.2
42 46 3 14 0.369565
43 61 1 9 0.163934
44 63 2 17 0.301587
45 48 0 5 0.104167
46 27 0 0 0
47 4 2 0 0.5
48 6 3 0 0.5
49 4 1 0 0.25
50 3 1 0 0.333333
51 4 2 0 0.5
52 9 5 0 0.555556
53 8 3 0 0.375
54 7 0 0 0
55 6 3 0 0.5
56 5 0 0 0
57 5 1 0 0.2
58 0 0 0 0
59 0 0 0 0
60 0 0 0 0
61 0 0 0 0
62 0 0 0 0
63 0 0 0 0
64 0 0 0 0
65 0 0 0 0
66 0 0 0 0
67 0 0 0 0
