7 43
11 48
19 56
25 63
30 55
34 53
41 75
57 62
60 62
63 62
66 62
99261 1579790896
99265 1579791040
99268 32767
99273 1579790896
99276 32767
99281 1579791088
99287 1579791804
99296 1067498616
99299 2
99305 1579791088
99309 1579791704
99315 1579791624
99319 1579793292
99320 32767
99327 1579793292
99333 1579791752
99339 1579791720
99343 1579793291
99353 1579792256
99357 1579792640
99362 524288
99365 1
99369 1579793292
99370 32767
99377 117440513
99381 1579792728
99386 9
99389 1
99393 1579793291
99394 32767
99402 1
99415 1579791588
99423 2026584188
99429 2026584184
99433 2026584160
99439 2026587512
99445 1579791616
99449 2061214480
99455 1660952676
99461 1579791728
99464 32767
99467 100
99471 1660952576
99475 1579791656
99489 1579792240
99495 1579791736
99501 1579795800
99505 1648409050
99519 1859227400
99523 1859235824
99531 1859055754
99535 1859227400
99539 1859232552
99547 1859055754
99551 1859235824
99555 1859235824
99557 1859199152
99563 1859227400
99571 1859227400
99579 1579792288
99583 1859080803
99589 2026584160
99593 26774552
99599 1859227400
99603 1859086873
99609 1859154608
99615 1859227400
99621 1859199152
99625 26774281
99629 1859235824
99637 1940
99643 1859001765
99649 1579792704
99653 2026587512
99659 2026587512
99671 1859227400
99675 1859232400
99683 1859055754
99687 1859232400
99691 1859232400
99703 1859227400
99707 1859232400
99711 26773248
99723 1859227400
99727 1859232400
99735 1859055754
99739 1859232400
99743 1859232400
99745 1859199152
99751 1859227400
99759 1859227400
99767 1579793040
99771 1859080803
99777 1859154608
99781 26774552
99787 1859227400
99791 1859086873
99801 1579793056
99805 1579793200
99808 32767
99813 1579793056
99817 1648409050
99821 1579793248
99827 1579793964
99831 1859001765
99836 1082598635
99841 1579796208
99845 1579793248
99849 1579793848
99855 1579793784
99859 1579795452
99860 32767
99867 1579795452
99873 1579793360
99877 1579793928
99883 1579793896
99887 1579795467
99897 1579794432
99901 1579793472
99905 1579793488
99909 1579794056
99915 1579794024
99919 1579795595
99929 1579794560
99932 32767
99937 1579795467
99938 32767
99946 1
99953 1579795016
99957 1579795032
99961 1
99965 1
99969 1579795595
99970 32767
99978 1
99979 1
99987 4
99993 1579795592
