10 41
16 32
24 33
29 24
39 23
47 2
52 4
55 3
99293 1579790896
99297 1579791040
99300 32767
99305 1579790896
99308 32767
99313 1579791088
99319 1579791804
99328 1067498616
99331 2
99337 1579791088
99341 1579791704
99347 1579791624
99351 1579793292
99352 32767
99359 1579793292
99365 1579791752
99371 1579791720
99375 1579793291
99385 1579792256
99389 1579792640
99394 524288
99397 1
99401 1579793292
99402 32767
99409 117440513
99413 1579792728
99418 9
99421 1
99425 1579793291
99426 32767
99434 1
99447 1579791588
99455 2026584188
99461 2026584184
99465 2026584160
99471 2026587512
99477 1579791616
99481 2061214480
99487 1660952676
99493 1579791728
99496 32767
99499 100
99503 1660952576
99507 1579791656
99521 1579792240
99527 1579791736
99533 1579795800
99537 1648409050
99551 1859227400
99555 1859235824
99563 1859055754
99567 1859227400
99571 1859232552
99579 1859055754
99583 1859235824
99587 1859235824
99589 1859199152
99595 1859227400
99603 1859227400
99611 1579792288
99615 1859080803
99621 2026584160
99625 26774552
99631 1859227400
99635 1859086873
99641 1859154608
99647 1859227400
99653 1859199152
99657 26774281
99661 1859235824
99669 1940
99675 1859001765
99681 1579792704
99685 2026587512
99691 2026587512
99703 1859227400
99707 1859232400
99715 1859055754
99719 1859232400
99723 1859232400
99735 1859227400
99739 1859232400
99743 26773248
99755 1859227400
99759 1859232400
99767 1859055754
99771 1859232400
99775 1859232400
99777 1859199152
99783 1859227400
99791 1859227400
99799 1579793040
99803 1859080803
99809 1859154608
99813 26774552
99819 1859227400
99823 1859086873
99829 1859154608
99835 1859227400
99841 1859199152
99845 26773870
99849 1859232400
99857 1529
99863 1859001765
99869 1579793456
99873 1579796208
99875 26756696
99885 1579796208
99889 1769234802
99901 1579793344
99905 1579793360
99909 1579793928
99915 1579793896
99919 1579795467
99929 1579794432
99932 32767
99939 1579796208
99953 1579794888
99957 1579794904
99961 1
99965 1
99969 1579795467
99970 32767
99978 1
99979 1
99987 4
99993 1579795464
