1 0 0 0 0 0
2 1 1 0 0 0.001
3 3 11 0 0 0.003
4 24 22 0 0 0.024
5 76 83 0 0 0.076
6 151 180 0 0 0.151
7 233 284 0 0 0.233
8 237 302 0 0 0.237
9 173 232 0 0 0.173
10 126 178 0 0 0.126
11 115 143 0 0 0.115
12 138 133 0 0 0.138
13 166 177 0 0 0.166
14 174 194 0 0 0.174
15 186 196 0 0 0.186
16 188 196 0 0 0.188
17 207 199 0 0 0.207
18 202 187 0 0 0.202
19 175 190 0 0 0.175
20 170 212 0 0 0.17
21 186 185 0 0 0.186
22 182 187 0 0 0.182
23 186 175 0 0 0.186
24 211 166 0 0 0.211
25 210 187 0 0 0.21
26 215 174 0 0 0.215
27 218 182 0 0 0.218
28 188 200 0 0 0.188
29 183 222 0 0 0.183
30 158 241 0 0 0.158
31 151 241 0 0 0.151
32 175 228 0 0 0.175
33 191 200 0 0 0.191
34 208 178 0 0 0.208
35 235 151 0 0 0.235
36 274 142 0 0 0.274
37 244 163 0 0 0.244
38 217 174 0 0 0.217
39 169 196 0 0 0.169
40 137 239 0 0 0.137
41 141 254 0 0 0.141
42 156 267 0 0 0.156
43 168 226 0 0 0.168
44 212 184 0 0 0.212
45 279 142 0 0 0.279
46 313 116 0 0 0.313
47 303 125 0 0 0.303
48 265 139 0 0 0.265
49 213 178 0 0 0.213
50 155 241 0 0 0.155
51 121 315 0 0 0.121
52 115 339 0 0 0.115
53 124 285 0 0 0.124
54 145 226 0 0 0.145
55 221 146 0 0 0.221
56 320 99 0 0 0.32
57 371 90 0 0 0.371
58 369 88 0 0 0.369
59 266 137 0 0 0.266
60 158 203 0 0 0.158
61 104 289 0 0 0.104
62 70 394 0 0 0.07
63 82 427 0 0 0.082
64 115 320 0 0 0.115
65 176 184 0 0 0.176
66 283 96 0 0 0.283
67 411 68 0 0 0.411
68 491 69 0 0 0.491
69 430 70 0 0 0.43
70 245 118 0 0 0.245
71 103 206 0 0 0.103
72 62 363 0 0 0.062
73 47 523 0 0 0.047
74 42 558 0 0 0.042
75 67 378 0 0 0.067
76 142 145 0 0 0.142
77 271 48 0 0 0.271
78 483 33 0 0 0.483
79 650 39 0 0 0.65
80 601 51 0 0 0.601
81 335 80 0 0 0.335
82 97 155 0 0 0.097
83 39 316 0 0 0.039
84 20 602 0 0 0.02
85 19 786 0 0 0.019
86 28 694 0 0 0.028
87 50 422 0 0 0.05
88 114 136 0 0 0.114
89 280 30 0 0 0.28
90 561 14 0 0 0.561
91 803 13 0 0 0.803
92 839 13 0 0 0.839
93 682 23 0 0 0.682
94 358 63 0 0 0.358
95 81 132 0 0 0.081
96 16 314 0 0 0.016
97 5 635 0 0 0.005
98 3 885 0 0 0.003
99 3 933 0 0 0.003
100 5 932 0 0 0.005
101 10 822 0 0 0.01
102 34 534 0 0 0.034
103 83 176 0 0 0.083
104 197 27 0 0 0.197
105 465 4 0 0 0.465
106 797 1 0 0 0.797
107 947 3 0 0 0.947
108 970 3 0 0 0.97
109 946 5 0 0 0.946
110 850 10 0 0 0.85
111 592 24 0 0 0.592
112 224 73 0 0 0.224
113 35 181 0 0 0.035
114 3 415 0 0 0.003
115 1 757 0 0 0.001
116 1 949 0 0 0.001
117 1 988 0 0 0.001
118 1 996 0 0 0.001
119 1 999 0 0 0.001
120 1 999 0 0 0.001
121 1 999 0 0 0.001
122 1 999 0 0 0.001
123 1 999 0 0 0.001
124 1 999 0 0 0.001
125 1 999 0 0 0.001
126 1 999 0 0 0.001
127 1 999 0 0 0.001
128 1 999 0 0 0.001
129 1 999 0 0 0.001
