1 450 455 0 0 0.45
2 490 504 0 0 0.49
3 490 496 0 0 0.49
4 473 485 0 0 0.473
5 418 435 0 0 0.418
6 342 362 0 0 0.342
7 275 291 0 0 0.275
8 292 297 0 0 0.292
9 356 375 0 0 0.356
10 406 404 0 0 0.406
11 409 409 0 0 0.409
12 381 386 0 0 0.381
13 339 341 0 0 0.339
14 320 324 0 0 0.32
15 318 312 0 0 0.318
16 326 304 0 0 0.326
17 301 302 0 0 0.301
18 298 318 0 0 0.298
19 306 339 0 0 0.306
20 311 312 0 0 0.311
21 329 304 0 0 0.329
22 323 309 0 0 0.323
23 336 305 0 0 0.336
24 327 299 0 0 0.327
25 315 291 0 0 0.315
26 305 308 0 0 0.305
27 279 323 0 0 0.279
28 268 346 0 0 0.268
29 256 341 0 0 0.256
30 275 329 0 0 0.275
31 309 300 0 0 0.309
32 325 272 0 0 0.325
33 365 247 0 0 0.365
34 369 248 0 0 0.369
35 355 259 0 0 0.355
36 302 282 0 0 0.302
37 263 330 0 0 0.263
38 246 363 0 0 0.246
39 232 403 0 0 0.232
40 246 378 0 0 0.246
41 282 323 0 0 0.282
42 330 247 0 0 0.33
43 386 223 0 0 0.386
44 394 213 0 0 0.394
45 371 208 0 0 0.371
46 326 245 0 0 0.326
47 271 301 0 0 0.271
48 215 381 0 0 0.215
49 186 424 0 0 0.186
50 188 417 0 0 0.188
51 205 359 0 0 0.205
52 263 283 0 0 0.263
53 369 223 0 0 0.369
54 446 184 0 0 0.446
55 477 156 0 0 0.477
56 402 179 0 0 0.402
57 310 229 0 0 0.31
58 217 327 0 0 0.217
59 157 441 0 0 0.157
60 133 506 0 0 0.133
61 136 471 0 0 0.136
62 182 354 0 0 0.182
63 281 210 0 0 0.281
64 431 134 0 0 0.431
65 534 106 0 0 0.534
66 516 105 0 0 0.516
67 385 137 0 0 0.385
68 240 201 0 0 0.24
69 138 362 0 0 0.138
70 95 542 0 0 0.095
71 85 606 0 0 0.085
72 84 491 0 0 0.084
73 136 294 0 0 0.136
74 253 147 0 0 0.253
75 473 83 0 0 0.473
76 652 62 0 0 0.652
77 625 56 0 0 0.625
78 411 73 0 0 0.411
79 181 130 0 0 0.181
80 76 272 0 0 0.076
81 35 550 0 0 0.035
82 29 719 0 0 0.029
83 26 619 0 0 0.026
84 38 340 0 0 0.038
85 83 112 0 0 0.083
86 229 49 0 0 0.229
87 506 22 0 0 0.506
88 738 12 0 0 0.738
89 679 11 0 0 0.679
90 411 14 0 0 0.411
91 147 37 0 0 0.147
92 54 94 0 0 0.054
93 24 271 0 0 0.024
94 8 571 0 0 0.008
95 4 783 0 0 0.004
96 2 668 0 0 0.002
97 3 357 0 0 0.003
98 5 107 0 0 0.005
99 21 43 0 0 0.021
100 54 9 0 0 0.054
101 164 4 0 0 0.164
102 429 3 0 0 0.429
103 739 2 0 0 0.739
104 776 1 0 0 0.776
105 531 1 0 0 0.531
106 199 3 0 0 0.199
107 44 6 0 0 0.044
108 9 18 0 0 0.009
109 1 48 0 0 0.001
110 1 139 0 0 0.001
111 0 384 0 0 0
112 0 703 0 0 0
113 0 784 0 0 0
114 0 582 0 0 0
115 0 242 0 0 0
116 0 50 0 0 0
117 0 11 0 0 0
118 0 3 0 0 0
119 0 0 0 0 0
120 0 0 0 0 0
121 0 0 0 0 0
122 0 0 0 0 0
123 0 0 0 0 0
124 0 0 0 0 0
125 0 0 0 0 0
126 0 0 0 0 0
127 0 0 0 0 0
128 0 0 0 0 0
129 0 0 0 0 0
