1 2063 149 154 0.146873
2 3227 41 50 0.0281996
3 3399 3 2 0.00147102
4 3439 6 3 0.00261704
5 3257 11 15 0.00798281
6 2914 47 53 0.0343171
7 2437 83 87 0.0697579
8 1969 109 106 0.109192
9 2026 106 114 0.108588
10 2478 82 70 0.0613398
11 2930 63 54 0.0399317
12 2807 63 56 0.042394
13 2742 65 73 0.0503282
14 2393 86 94 0.0752194
15 2381 109 97 0.0865183
16 2172 99 88 0.0860958
17 2159 90 96 0.086151
18 2172 102 109 0.0971455
19 2160 96 116 0.0981481
20 2230 92 91 0.0820628
21 2137 129 95 0.10482
22 2296 103 113 0.0940767
23 2334 113 96 0.0895458
24 2277 111 95 0.0904699
25 2260 91 104 0.0862832
26 2136 104 109 0.0997191
27 2178 86 109 0.0895317
28 2138 86 127 0.0996258
29 2149 95 112 0.0963239
30 2181 99 106 0.0939936
31 2131 113 85 0.0929141
32 2180 119 79 0.0908257
33 2104 144 88 0.110266
34 2042 110 89 0.0974535
35 2136 109 96 0.0959738
36 2125 92 106 0.0931765
37 2062 68 137 0.099418
38 2069 88 132 0.106332
39 2093 82 144 0.107979
40 2319 86 104 0.0819319
41 2184 117 77 0.0888278
42 2089 140 77 0.103877
43 2053 144 76 0.10716
44 2003 121 69 0.0948577
45 2130 119 75 0.0910798
46 2030 91 102 0.0950739
47 1939 63 128 0.0985044
48 1968 65 159 0.113821
49 2125 66 148 0.100706
50 2182 65 121 0.0852429
51 2057 84 100 0.0894507
52 1951 122 70 0.0984111
53 1873 173 58 0.123332
54 2069 161 63 0.108265
55 2145 156 49 0.0955711
56 2202 100 76 0.0799273
57 2065 66 107 0.0837772
58 1913 54 149 0.106116
59 1817 34 197 0.127133
60 2056 48 180 0.110895
61 2187 60 111 0.0781893
62 2178 83 71 0.0707071
63 1920 145 34 0.0932292
64 1717 212 29 0.140361
65 1972 201 37 0.12069
66 2255 124 35 0.07051
67 2136 67 70 0.0641386
68 1755 44 109 0.0871795
69 1516 34 197 0.152375
70 1802 23 251 0.152053
71 2370 24 176 0.0843882
72 2433 36 78 0.0468557
73 2003 78 41 0.0594109
74 1458 142 30 0.11797
75 1386 262 17 0.201299
76 1962 267 13 0.142712
77 2431 123 21 0.0592349
78 2438 39 41 0.0328138
79 1693 14 77 0.0537507
80 1040 14 168 0.175
81 1253 10 317 0.260974
82 2036 8 252 0.127701
83 2628 12 73 0.032344
84 2226 21 28 0.0220126
85 1363 52 8 0.0440205
86 701 158 3 0.229672
87 998 302 3 0.305611
88 1844 298 2 0.16269
89 2513 111 4 0.045762
90 2406 22 9 0.0128845
91 1502 7 29 0.023968
92 666 3 60 0.0945946
93 539 1 188 0.350649
94 1088 1 341 0.314338
95 2084 1 282 0.135797
96 2693 1 68 0.025622
97 2319 2 12 0.00603708
98 1243 2 2 0.00321802
99 405 17 1 0.0444444
100 203 35 0 0.172414
101 216 115 0 0.532407
102 601 289 0 0.480865
103 1556 360 1 0.232005
104 2630 152 1 0.0581749
105 2811 23 0 0.00818214
106 1967 2 2 0.00203355
107 686 0 5 0.00728863
108 160 0 12 0.075
109 79 0 32 0.405063
110 147 0 96 0.653061
111 500 0 259 0.518
112 1347 0 368 0.2732
113 2481 0 189 0.076179
114 2689 0 32 0.0119003
115 2073 0 2 0.000964785
116 770 0 0 0
117 157 0 0 0
118 39 0 0 0
119 15 0 0 0
120 0 0 0 0
121 0 0 0 0
122 0 0 0 0
123 0 0 0 0
124 0 0 0 0
125 0 0 0 0
126 0 0 0 0
127 0 0 0 0
128 0 0 0 0
129 0 0 0 0
