8 237
17 207
27 218
36 274
46 313
57 371
68 491
79 650
92 839
108 970
115 1
121 1
124 1
127 1
9261 1479067184
9265 1479067328
9268 32767
9273 1479067184
9276 32767
9281 1479067376
9287 1479068092
9296 1072317606
9299 1
9305 1479067376
9309 1479067976
9315 1479067912
9319 1479069580
9320 32767
9327 1479069580
9333 1479068040
9339 1479068008
9343 1479069579
9353 1479068544
9357 1479068928
9362 524288
9365 1
9369 1479069580
9370 32767
9381 1479069016
9386 7
9389 1
9393 1479069579
9394 32767
9402 1
9415 1479067876
9423 2026584188
9429 2026584184
9433 2026584160
9439 2026587512
9445 1479067904
9449 2061214480
9456 32733
9461 1479068016
9464 32767
9467 100
9475 1479067944
9489 1479068528
9495 1479068024
9501 1479072088
9507 127397078
9519 1859206920
9523 1859215344
9531 1859035274
9535 1859206920
9539 1859212072
9547 1859035274
9551 1859215344
9555 1859215344
9557 1859178672
9563 1859206920
9571 1859206920
9579 1479068576
9583 1859060323
9589 2026584160
9593 127421464
9599 1859206920
9603 1859066393
9609 1859134128
9615 1859206920
9621 1859178672
9625 127421193
9629 1859215344
9637 1940
9643 1858981285
9649 1479068992
9653 2026587512
9659 2026587512
9671 1859206920
9675 1859211920
9683 1859035274
9687 1859211920
9691 1859211920
9703 1859206920
9707 1859211920
9711 127420160
9723 1859206920
9727 1859211920
9735 1859035274
9739 1859211920
9743 1859211920
9745 1859178672
9751 1859206920
9759 1859206920
9767 1479069328
9771 1859060323
9777 1859134128
9781 127421464
9787 1859206920
9791 1859066393
9801 1479069344
9805 1479069488
9808 32767
9813 1479069344
9816 32767
9821 1479069536
9827 1479070252
9831 1858981285
9836 1079156613
9841 1479072496
9845 1479069536
9849 1479070136
9855 1479070072
9859 1479071740
9860 32767
9867 1479071740
9873 1479069648
9877 1479070216
9883 1479070184
9887 1479071755
9897 1479070720
9901 1479069760
9905 1479069776
9909 1479070344
9915 1479070312
9919 1479071883
9929 1479070848
9932 32767
9937 1479071755
9938 32767
9946 1
9953 1479071304
9957 1479071320
9961 1
9965 1
9969 1479071883
9970 32767
9978 1
9979 1
9987 4
9993 1479071880
