11 409
23 336
34 369
44 394
55 477
65 534
76 652
88 738
104 776
9293 1479067184
9297 1479067328
9300 32767
9305 1479067184
9308 32767
9313 1479067376
9319 1479068092
9328 1072317606
9331 1
9337 1479067376
9341 1479067976
9347 1479067912
9351 1479069580
9352 32767
9359 1479069580
9365 1479068040
9371 1479068008
9375 1479069579
9385 1479068544
9389 1479068928
9394 524288
9397 1
9401 1479069580
9402 32767
9413 1479069016
9418 7
9421 1
9425 1479069579
9426 32767
9434 1
9447 1479067876
9455 2026584188
9461 2026584184
9465 2026584160
9471 2026587512
9477 1479067904
9481 2061214480
9488 32733
9493 1479068016
9496 32767
9499 100
9507 1479067944
9521 1479068528
9527 1479068024
9533 1479072088
9539 127397078
9551 1859206920
9555 1859215344
9563 1859035274
9567 1859206920
9571 1859212072
9579 1859035274
9583 1859215344
9587 1859215344
9589 1859178672
9595 1859206920
9603 1859206920
9611 1479068576
9615 1859060323
9621 2026584160
9625 127421464
9631 1859206920
9635 1859066393
9641 1859134128
9647 1859206920
9653 1859178672
9657 127421193
9661 1859215344
9669 1940
9675 1858981285
9681 1479068992
9685 2026587512
9691 2026587512
9703 1859206920
9707 1859211920
9715 1859035274
9719 1859211920
9723 1859211920
9735 1859206920
9739 1859211920
9743 127420160
9755 1859206920
9759 1859211920
9767 1859035274
9771 1859211920
9775 1859211920
9777 1859178672
9783 1859206920
9791 1859206920
9799 1479069328
9803 1859060323
9809 1859134128
9813 127421464
9819 1859206920
9823 1859066393
9829 1859134128
9835 1859206920
9841 1859178672
9845 127420782
9849 1859211920
9857 1529
9863 1858981285
9869 1479069744
9873 1479072496
9875 127403608
9885 1479072496
9889 1769234802
9901 1479069632
9905 1479069648
9909 1479070216
9915 1479070184
9919 1479071755
9929 1479070720
9932 32767
9939 1479072496
9953 1479071176
9957 1479071192
9961 1
9965 1
9969 1479071755
9970 32767
9978 1
9979 1
9987 4
9993 1479071752
