9804 37
9813 43
9821 45
9829 46
9837 50
9845 42
9853 40
9861 35
9870 37
9878 41
9886 47
9894 41
9902 37
9911 37
9919 42
9927 44
9935 45
9943 42
9951 36
9959 37
9968 41
9976 42
9984 39
9992 38
10000 35
10008 39
10017 43
10025 47
10033 48
10041 49
10049 47
10057 43
10066 42
10074 49
10082 48
10090 50
10098 46
10107 50
10115 52
10123 53
10131 53
10139 55
10147 52
10155 47
10163 42
10171 41
10180 44
10188 43
10196 45
10204 43
10212 49
10220 42
10229 39
10237 40
10245 43
10253 40
10261 42
10270 38
10278 41
10286 44
10294 39
10302 42
10311 48
10319 48
10327 45
10335 42
10344 45
10352 56
10360 56
10368 50
10377 47
10385 52
10393 42
10401 40
10409 38
10418 44
10426 46
10434 45
10442 41
10450 40
10459 41
10467 44
10475 48
10483 47
10491 40
10500 40
10508 42
10516 44
10524 47
10532 46
10540 44
10548 42
10556 37
10564 36
10572 34
10581 42
10589 42
10597 42
10605 41
10613 40
10621 44
10629 45
10637 39
10646 39
10654 39
10662 43
10670 48
10678 50
10686 49
10694 38
10703 38
10711 43
10719 43
10727 47
10735 48
10743 48
10752 43
10760 53
10768 50
10776 46
10784 40
10792 40
10800 39
10808 37
10817 38
10825 43
10833 45
10841 45
10849 41
10857 41
10865 43
10873 40
10882 38
10890 44
10898 44
10906 47
10914 44
10922 38
10930 35
10939 42
10947 49
10955 49
10963 49
10971 42
10980 42
10988 41
10996 45
11004 39
11012 36
11021 40
11029 46
11037 42
11045 42
11053 43
11061 42
11069 37
11078 38
11086 43
11094 47
11102 46
11110 49
11118 46
11126 47
11134 41
11142 35
11151 35
11159 41
11167 42
11175 43
11183 41
11192 33
11200 35
11208 37
11216 36
11224 42
11232 43
11240 35
11248 37
11257 36
11265 38
11273 34
11281 41
11290 36
11298 47
11306 52
11314 54
11322 49
11330 51
11338 48
11346 45
11354 44
11363 38
11371 46
11379 46
11387 45
11395 43
11404 40
11412 44
11420 47
11428 41
11436 41
11444 46
11453 41
11461 43
11469 42
11477 41
11485 47
11493 39
11502 40
11510 41
11518 42
11526 45
11534 42
11542 41
11550 37
11558 37
11566 36
11575 39
11583 40
11591 43
11599 43
11607 42
11615 36
11623 35
11632 37
11640 44
11648 39
11656 38
11665 36
11673 40
11681 43
11689 42
11697 46
11706 40
11714 46
11722 54
11730 52
11738 49
11746 49
11754 40
11763 40
11771 47
11779 50
11787 47
11795 45
11803 44
11811 43
11819 42
11827 38
11836 36
11844 38
11852 38
11860 37
11868 39
11876 38
11885 40
11893 41
11901 42
11909 49
11917 48
11925 44
11933 41
11941 39
11950 42
11958 43
11967 38
11975 43
11983 43
11991 50
11999 42
12007 39
12015 35
12024 34
12032 38
12040 37
12048 37
12056 41
12064 42
12073 37
12081 40
12089 43
12097 44
12105 43
12113 46
12121 45
12130 43
12138 41
12146 36
12154 35
12162 35
12170 33
12179 34
12187 39
12195 40
12203 44
12211 42
12219 46
12227 42
12235 42
12243 40
12251 39
12259 39
12267 39
12276 36
12284 42
12292 46
12300 47
12308 44
12317 39
12325 45
12333 48
12341 50
12349 51
12358 35
12366 38
12374 36
12382 36
12390 36
12399 38
12407 44
12415 41
12423 42
12431 40
12439 39
12447 41
12455 37
12463 39
12471 37
12480 40
12488 42
12496 44
12504 45
12512 46
12520 42
12529 43
12537 48
12545 57
12553 53
12561 52
12569 42
12578 41
12586 45
12594 52
12602 49
12610 46
12619 55
12627 57
12635 51
12643 50
12651 44
12660 43
12668 48
12676 49
12684 50
12692 50
12700 46
12709 40
12717 44
12725 54
12733 52
12742 48
12750 57
12758 48
12766 41
12775 36
12783 39
12791 39
12799 39
12808 36
12816 39
12824 48
12832 53
12840 50
12848 45
12857 50
12865 44
12873 50
12882 40
12890 55
12898 55
12906 49
12914 46
12923 48
12931 49
12939 51
12947 46
12955 45
12963 44
12972 42
12980 45
12988 46
12996 50
13004 53
13012 47
13020 43
13029 48
13037 50
13045 53
13053 49
13062 51
13070 48
13078 49
13086 44
13095 43
13103 51
13111 53
13119 56
13127 43
13136 42
13144 39
13152 49
13160 45
13168 45
13176 39
13184 35
13193 37
13201 48
13209 44
13217 41
13226 36
13234 41
13242 42
13250 52
13258 40
13267 44
13275 57
13283 58
13291 58
13299 51
13307 48
13315 36
13324 47
13332 54
13340 47
13348 38
13357 38
13365 45
13373 48
13381 40
13389 37
13398 37
13406 47
13414 48
13422 47
13430 45
13438 48
13446 43
13455 41
13463 46
13471 45
13479 45
13487 40
13496 42
13504 46
13512 50
13520 47
13528 41
13536 44
13544 39
13552 35
13561 33
13569 32
13577 32
13585 36
13593 36
13602 36
13610 43
13618 45
13626 48
13634 50
13642 50
13650 52
13658 45
13666 39
13675 40
13683 39
13691 47
13699 42
13707 43
13715 43
13724 41
13732 41
13740 45
13748 45
13756 48
13764 45
13772 39
13781 38
13789 44
13797 42
13805 42
13813 42
13821 40
13830 39
13838 44
13846 43
13854 42
13862 43
13870 38
13879 36
13887 36
13895 39
13903 44
13911 35
13919 34
13927 34
13935 34
13943 37
13952 37
13960 35
13968 38
13976 35
13984 35
13993 39
14001 44
14009 46
14017 51
14025 44
14033 42
14041 41
14049 39
14057 35
14066 41
14074 44
14082 41
14090 44
14098 45
14106 41
14114 39
14122 40
14131 38
14139 46
14147 45
14155 48
14163 49
14171 47
14179 52
14187 49
14195 49
14203 46
14212 42
14220 48
14228 52
14236 52
14244 45
14253 60
14261 60
14269 60
14277 59
14285 57
14294 54
14302 44
14310 42
14319 45
14327 54
14335 60
14343 57
14352 47
14360 49
14368 54
14376 50
14384 51
14393 39
14401 45
14409 52
14417 48
14425 46
14433 45
14442 50
14450 54
14458 54
14466 51
14474 50
14483 40
14491 46
14499 41
14507 37
14516 39
14524 42
14532 50
14540 46
14548 48
14556 45
14565 39
14573 42
14581 45
14589 47
14597 47
14605 46
14613 47
14621 46
14629 44
14637 42
14645 40
14654 40
14662 43
14670 41
14678 40
14686 42
14694 40
14702 38
14710 40
14718 37
14727 44
14735 41
14743 38
14751 37
14759 34
14768 38
14776 47
14784 47
14792 42
14800 43
14808 38
14817 36
14825 39
14833 37
14841 40
14849 35
14857 33
14865 35
14874 36
14882 36
14890 41
14898 48
14906 44
14914 36
14923 39
14931 43
14939 42
14947 45
14955 49
14963 52
14971 56
14979 57
14987 55
14995 50
15003 45
15011 45
15019 42
15027 34
15036 31
15044 32
15052 33
15060 32
15068 31
15076 37
15084 32
15092 34
15100 36
15109 37
15117 42
15125 44
15133 45
15141 46
15149 43
15157 45
15165 41
15173 36
15181 35
15190 35
15198 39
15206 40
15214 37
15222 35
15230 34
15238 36
15247 39
15255 34
15263 33
15271 39
15279 38
15287 34
15296 38
15304 42
15312 47
15320 54
15328 48
15336 49
15344 46
15352 38
15361 38
15369 43
15377 49
15385 52
15393 49
15401 38
15409 33
15418 33
15426 33
15434 36
15442 39
15450 39
15458 32
15466 33
15474 33
15482 33
15490 31
15499 32
15507 34
15515 38
15523 40
15532 39
15540 40
15548 40
15556 42
15564 42
15572 44
15580 40
15588 38
15597 39
15605 41
15613 48
15621 44
15629 41
15637 44
15645 43
15654 39
15662 42
15670 48
15678 40
15686 42
15694 35
15703 37
15711 42
15719 43
15727 46
15735 45
15743 46
15751 43
15760 45
15768 43
15776 47
15784 49
15792 47
15800 43
15808 42
15816 41
15824 36
15832 35
15841 39
15849 42
15857 46
15865 50
15873 47
15881 39
15890 42
15898 40
15906 40
15914 44
15922 40
15931 35
15939 36
15947 42
15955 46
15963 45
15971 45
15979 41
15988 41
15996 43
16004 42
16012 44
16020 43
16028 36
16036 36
16045 38
16053 38
16061 43
16069 41
16077 36
16085 41
16093 39
16101 41
16109 36
16118 31
16126 37
16134 42
16142 40
16150 39
16159 49
16167 48
16175 44
16183 44
16191 41
16200 42
16208 46
16216 45
16224 41
16232 38
16241 39
16249 40
16257 45
16265 47
16273 50
16281 44
16289 40
16297 36
16305 35
16314 47
16322 43
16330 45
16338 48
16346 41
16355 36
16363 40
16371 46
16379 46
16387 45
16395 44
16404 52
16412 48
16420 47
16428 39
16437 40
16445 46
16453 46
16461 39
16469 42
16477 40
16486 45
16494 48
16502 48
16510 53
16518 52
16526 53
16534 52
16542 54
16550 51
16558 44
16567 35
16575 35
16583 36
16591 37
16599 35
16607 37
16615 34
16623 35
16631 34
16640 36
16648 40
16656 47
16664 48
16672 46
16680 45
16689 40
16697 42
16705 47
16713 48
16721 45
16729 41
16738 40
16746 47
16754 46
16762 45
16770 45
16778 42
16787 47
16795 48
16803 57
16811 49
16819 46
16827 46
16835 38
16844 34
16852 37
16860 36
16868 37
16876 39
16884 37
16893 39
16901 42
16909 42
16917 39
16925 38
16934 38
16942 41
16950 42
16958 48
16966 51
16974 47
16982 45
16990 45
16998 39
17007 37
17015 42
17023 49
17031 45
17039 46
17048 43
17056 47
17064 49
17072 48
17080 49
17088 42
17096 40
17105 36
17113 39
17121 39
17129 37
17137 39
17145 37
17153 35
17161 35
17169 35
17177 33
17185 33
17194 36
17202 38
17210 35
17218 34
17227 34
17235 39
17243 41
17251 40
17259 40
17267 39
17275 38
17284 38
17292 38
17300 38
17308 44
17316 43
17324 44
17332 46
17340 45
17348 47
17356 46
17364 42
17372 35
17381 33
17389 36
17397 37
17405 40
17413 42
17421 45
17429 43
17437 43
17445 36
17453 34
17462 36
17470 38
17478 42
17486 42
17494 40
17502 43
17510 37
17519 39
17527 39
17535 41
17543 40
17551 39
17559 46
17567 37
17575 30
17584 32
17592 33
17600 36
17608 38
17616 34
17625 31
17633 33
17641 33
17649 36
17657 40
17665 45
17673 45
17681 45
17689 38
17698 39
17706 44
17714 45
17722 46
17731 40
17739 44
17747 49
17755 44
17763 38
17772 40
17780 43
17788 45
17796 45
17804 44
17812 47
17820 43
17828 43
17836 41
17844 37
17853 40
17861 36
17869 39
17877 38
17886 40
17894 41
17902 42
17910 44
17918 41
17926 40
17934 38
17942 41
17951 34
17959 35
17967 43
17975 52
17983 49
17991 43
18000 48
18008 52
18016 52
18024 44
18033 41
18042 35
18050 40
18058 42
18066 44
18074 43
18082 43
18090 46
18098 44
18106 44
18114 40
18123 39
18131 38
18139 47
18147 43
18155 43
18164 39
18172 42
18180 52
18188 58
18196 53
18204 53
18212 49
18220 45
18228 45
18236 39
18245 54
18253 48
18261 50
18269 41
18277 38
18286 40
18294 44
18302 48
18310 53
18318 50
18326 49
18334 45
18342 39
18351 49
18359 48
18367 46
18375 46
18383 39
18392 41
18400 46
18408 47
18416 50
18424 53
18432 51
18440 42
18448 41
18457 42
18465 47
18473 45
18481 44
18490 42
18498 53
18506 48
18514 47
18522 42
18531 45
18539 48
18547 51
18555 51
18563 50
18572 41
18580 42
18588 49
18596 47
18604 53
18612 41
18621 38
18629 41
18637 39
18645 40
18654 44
18662 50
18670 54
18678 51
18686 48
18694 42
18703 41
18711 43
18719 50
18727 44
18735 41
18743 35
18752 41
18760 45
18768 41
18776 45
18784 40
18792 40
18800 42
18809 37
18817 42
18825 50
18833 45
18841 45
18850 39
18858 43
18866 46
18874 55
18882 56
18890 56
18898 45
18906 43
18915 49
18923 49
18932 47
18940 46
18948 47
18956 51
18964 47
18972 48
18980 45
18988 46
18997 43
19005 50
19013 47
19021 45
19029 41
19038 43
19046 48
19054 52
19062 43
19070 45
19078 42
19087 38
19095 46
19103 41
19111 40
19120 39
19128 41
19136 45
19144 46
19152 43
19160 44
19168 41
19176 35
19185 39
19193 47
19201 43
19209 40
19217 40
19226 44
19234 47
19242 52
19250 50
19258 48
19266 41
19275 36
19283 43
19291 47
19299 53
19307 42
19316 57
19324 52
19332 51
19341 40
19349 46
19357 46
19365 50
19373 55
19381 59
19390 39
19398 40
19406 42
19414 48
19422 48
19430 42
19438 41
19446 38
19455 44
19463 51
19471 47
19479 46
19487 39
19496 43
19504 45
19512 51
19520 44
19528 36
19537 38
19545 35
19553 40
19561 41
19569 39
19578 38
19586 48
19594 50
19602 52
19610 51
19618 48
19626 49
19635 41
19643 41
19651 42
19659 42
19668 38
19676 43
19684 43
19692 37
19700 41
19708 35
19716 36
19725 37
19733 42
19741 45
19749 49
19757 40
19765 37
19774 43
19782 43
19790 46
19798 44
19806 43
19814 42
19823 48
19831 48
19839 48
19847 47
19855 45
19863 40
19872 41
19880 49
19888 53
19896 44
19904 40
19912 39
19921 37
19929 34
19937 39
19945 42
19953 40
19961 38
19970 37
19978 38
19986 43
19994 48
20002 46
20010 42
20018 42
20027 41
20035 43
20043 47
20051 45
20059 45
20067 41
20076 38
20084 44
20092 50
20100 50
20108 44
20117 45
20125 50
20133 54
20141 54
20149 50
20157 44
20166 48
20174 53
20182 53
20190 51
20198 39
20207 43
20215 45
20223 46
20231 42
20239 42
20248 36
20256 47
20264 44
20272 46
20280 40
20288 38
20297 43
20305 46
20313 43
20321 40
20329 35
20338 38
20346 45
20354 51
20362 52
20370 43
20378 39
20386 38
20395 41
20403 42
20411 44
20419 44
20428 41
20436 45
20444 54
20452 56
20460 44
20469 51
20477 56
20485 63
20493 48
20501 41
20510 40
20518 48
20526 52
20534 50
20542 44
20551 47
20559 43
20567 42
20575 49
20584 41
20592 47
20600 47
20608 48
20616 50
20624 40
20633 41
20641 42
20649 54
20657 53
20665 55
20673 52
20681 50
20690 37
20698 42
20706 42
20714 47
20722 40
20730 37
20739 34
20746 31
20755 34
20763 37
20772 37
20780 39
20788 41
20796 47
20804 42
20812 41
20820 38
20829 37
20837 44
20845 48
20853 48
20861 45
20869 37
20878 34
20886 36
20894 40
20902 43
20910 39
20918 37
20926 40
20934 37
20942 35
20951 35
20959 41
20967 44
20975 40
20983 42
20991 41
20999 40
21007 34
21016 32
21024 38
21032 39
21040 39
21048 42
21056 40
21064 40
21072 42
21081 44
21089 48
21097 44
21105 43
21113 39
21122 40
21130 47
21138 47
21146 42
21154 40
21163 46
21171 50
21179 52
21187 52
21195 43
21204 42
21212 44
21220 44
21228 39
21236 41
21245 40
21253 42
21261 46
21269 46
21277 47
21285 46
21293 54
21301 44
21310 36
21318 40
21326 43
21334 46
21342 48
21351 46
21359 52
21367 54
21376 41
21384 48
21392 49
21400 45
21408 42
21417 44
21425 49
21433 53
21441 52
21449 54
21457 53
21465 50
21473 43
21482 46
21490 54
21498 50
21506 48
21514 43
21523 41
21531 40
21539 43
21547 43
21555 43
21563 43
21571 44
21579 45
21587 39
21596 41
21604 44
21612 45
21620 48
21628 48
21636 40
21645 39
21653 42
21661 41
21669 43
21677 41
21685 40
21693 39
21702 40
21710 42
21718 44
21726 42
21734 40
21742 41
21751 44
21759 49
21767 54
21775 55
21783 49
21791 42
21799 38
21808 40
21816 43
21824 43
21832 42
21841 46
21849 49
21857 53
21865 56
21873 48
21882 42
21890 47
21898 54
21906 53
21914 49
21922 43
21931 40
21939 44
21947 51
21955 49
21963 48
21971 47
21979 43
21988 38
21996 48
22004 46
22012 45
22020 44
22028 43
22037 43
22045 41
22053 41
22061 44
22069 44
22077 41
22085 38
22094 39
22102 40
22110 47
22118 44
22126 42
22134 46
22142 40
22151 36
22159 37
22167 42
22175 49
22183 40
22191 37
22200 39
22208 43
22216 47
22224 41
22233 38
22241 51
22249 53
22258 56
22266 63
22274 62
22282 60
22290 43
22299 47
22307 49
22315 48
22323 51
22331 40
22340 42
22348 41
22356 40
22364 39
22372 39
22381 37
22389 45
22397 40
22405 42
22413 39
22422 42
22430 51
22438 58
22446 61
22454 55
22462 53
22470 49
22478 41
22487 43
22495 52
22503 49
22511 44
22519 35
22528 37
22536 44
22544 46
22552 46
22560 45
22568 45
22577 39
22585 48
22593 44
22601 42
22610 36
22618 38
22626 42
22634 46
22642 47
22650 46
22658 46
22666 45
22674 44
22683 42
22691 47
22699 43
22707 42
22716 44
22724 45
22732 49
22740 47
22749 58
22757 60
22766 56
22774 54
22782 53
22790 43
22799 47
22807 49
22815 47
22823 43
22831 40
22839 42
22847 37
22856 40
22864 48
22872 46
22880 41
22889 43
22897 53
22905 58
22913 52
22921 54
22929 51
22937 44
22945 40
22954 51
22962 47
22970 52
22978 48
22986 46
22995 43
23003 46
23011 46
23019 50
23027 46
23035 42
23043 47
23052 45
23060 49
23068 50
23076 48
23084 49
23092 50
23100 42
23108 39
23117 43
23125 41
23133 42
23141 47
23149 45
23158 46
23166 51
23174 47
23182 53
23190 50
23198 43
23207 44
23215 49
23223 47
23231 51
23239 54
23247 39
23256 37
23264 41
23272 45
23280 44
23288 41
23296 42
23304 41
23312 39
23321 37
23329 39
23337 43
23345 48
23353 49
23361 48
23369 43
23378 37
23386 41
23394 38
23402 33
23410 30
23418 33
23427 36
23435 36
23443 38
23451 46
23459 41
23468 37
23476 38
23484 37
23492 40
23500 40
23508 45
23516 42
23524 39
23532 37
23541 37
23549 40
23557 44
23565 48
23573 47
23581 44
23589 35
23597 34
23606 36
23614 42
23622 41
23630 42
23638 35
23647 35
23655 35
23663 37
23671 41
23679 46
23687 43
23695 44
23703 44
23711 42
23719 37
23728 39
23736 41
23744 44
23752 55
23760 47
23769 45
23777 42
23785 43
23793 50
23801 50
23809 47
23817 43
23826 42
23834 50
23842 54
23850 53
23858 50
23866 41
23875 41
23883 47
23891 52
23899 54
23907 48
23915 44
23924 40
23932 43
23940 51
23948 58
23956 52
23964 51
23972 47
23980 45
23989 53
23997 47
24006 49
24014 58
24022 51
24030 48
24038 42
24046 39
24055 42
24063 42
24071 41
24079 40
24087 45
24095 49
24103 45
24112 50
24120 47
24128 53
24136 52
24144 53
24152 46
24160 44
24169 46
24177 46
24185 44
24193 47
24202 45
24210 50
24218 48
24226 45
24235 43
24243 45
24251 45
24259 43
24268 47
24276 48
24284 49
24292 44
24300 37
24309 38
24317 38
24325 42
24333 44
24341 42
24349 37
24358 42
24366 44
24374 45
24382 48
24391 44
24399 48
24407 46
24415 50
24423 49
24432 40
24440 44
24448 43
24456 44
24464 44
24472 42
24481 41
24489 42
24497 47
24505 45
24513 42
24521 44
24529 39
24537 39
24545 39
24554 42
24562 43
24570 46
24578 41
24587 38
24595 44
24603 38
24611 38
24620 33
24628 33
24636 38
24644 43
24652 44
24660 48
24668 47
24677 39
24685 41
24693 40
24701 44
24709 40
24717 41
24725 39
24733 34
24741 34
24750 34
24758 35
24766 42
24774 39
24782 42
24790 46
24798 46
24806 42
24815 41
24823 42
24831 48
24839 46
24847 43
24855 44
24863 38
24872 38
24880 44
24888 42
24896 40
24904 39
24912 35
24921 39
24929 33
24937 35
24945 35
24953 38
24961 39
24969 36
24978 40
24986 44
24994 49
25002 44
25010 40
25018 36
25027 35
25035 41
25043 41
25051 39
25059 41
25067 43
25075 41
25083 35
25092 32
25099 31
25108 36
25116 42
25124 40
25132 41
25140 38
25148 40
25157 47
25165 48
25173 56
25181 57
25189 49
25197 45
25205 36
25213 35
25222 38
25230 44
25238 43
25246 43
25255 41
25263 49
25271 43
25279 44
25287 48
25295 37
25304 37
25312 37
25320 39
25328 45
25336 47
25344 46
25352 47
25360 41
25368 40
25377 47
25385 49
25393 54
25401 58
25409 49
25417 43
25425 38
25434 42
25442 38
25450 41
25458 43
25466 41
25474 38
25483 39
25491 43
25499 46
25507 47
25515 43
25523 48
25531 40
25540 46
25548 51
25556 57
25564 48
25573 38
25581 47
25589 41
25597 41
25605 45
25614 43
25622 46
25630 45
25638 45
25646 39
25654 34
25663 38
25671 43
25679 45
25687 50
25695 54
25703 55
25711 48
25720 46
25728 48
25736 48
25744 46
25752 43
25761 37
25769 39
25777 41
25785 46
25793 39
25802 39
25810 47
25818 47
25826 52
25834 50
25842 48
25850 46
25858 41
25867 44
25875 47
25883 49
25891 49
25899 48
25907 42
25916 47
25924 48
25932 47
25940 49
25948 45
25956 45
25965 44
25973 49
25981 52
25989 48
25997 48
26005 39
26014 40
26022 39
26030 46
26038 47
26046 44
26054 40
26063 35
26071 38
26079 34
26087 36
26095 39
26103 36
26111 37
26120 41
26128 39
26136 39
26144 35
26152 38
26160 38
26168 35
26176 36
26184 32
26193 38
26201 34
26209 34
26217 32
26225 34
26233 39
26241 36
26250 36
26258 36
26266 40
26274 39
26282 44
26290 44
26298 44
26306 37
26315 34
26323 37
26331 40
26340 35
26348 36
26356 44
26364 54
26372 51
26380 51
26388 51
26396 43
26404 45
26413 46
26421 42
26429 46
26437 50
26445 43
26453 41
26462 46
26470 47
26478 46
26486 41
26495 35
26503 36
26511 38
26519 33
26527 32
26535 35
26543 34
26552 36
26560 36
26568 41
26576 46
26584 47
26592 47
26600 47
26608 44
26616 42
26624 37
26632 38
26640 38
26648 37
26656 33
26665 33
26673 36
26681 39
26689 36
26697 37
26705 36
26713 35
26721 34
26729 36
26737 35
26745 32
26754 32
26762 38
26770 40
26778 40
26786 37
26794 35
26802 36
26810 29
26819 30
26827 31
26835 30
26843 29
26852 31
26860 30
26868 31
26875 27
26884 32
26892 34
26900 34
26908 33
26916 34
26924 35
26932 35
26940 35
26948 34
26956 34
26964 34
26972 31
26980 31
26989 31
26997 30
27005 34
27013 33
27021 34
27029 38
27037 35
27045 33
27053 35
27061 33
27069 32
27077 27
27085 27
27094 29
27102 30
27110 28
27118 28
27126 29
27134 31
27142 31
27150 31
27158 31
27166 28
27174 27
27183 28
27191 28
27199 33
27207 30
27215 29
27223 31
27231 31
27239 33
27248 37
27256 39
27264 39
27272 40
27280 39
27288 35
27297 35
27305 39
27313 44
27321 44
27329 48
27337 45
27345 39
27353 39
27362 37
27370 45
27378 53
27386 46
27394 46
27402 42
27410 35
27419 36
27427 36
27435 39
27443 38
27451 36
27459 37
27467 39
27475 38
27484 37
27492 36
27500 36
27508 38
27516 43
27524 41
27533 43
27541 49
27549 50
27557 47
27565 45
27573 47
27581 43
27590 42
27598 46
27606 45
27614 44
27622 42
27630 40
27638 36
27646 35
27654 34
27663 36
27671 37
27679 35
27687 37
27695 39
27704 36
27712 37
27720 39
27728 41
27736 41
27744 41
27752 43
27760 41
27768 37
27777 34
27785 35
27793 39
27801 39
27809 43
27817 41
27825 42
27833 43
27841 43
27849 40
27857 39
27866 40
27874 40
27882 43
27890 48
27898 41
27906 41
27914 39
27922 40
27930 40
27938 38
27946 37
27954 32
27962 28
27971 32
27979 36
27987 38
27995 37
28003 37
28011 39
28020 42
28028 39
28036 36
28044 35
28052 35
28060 34
28068 35
28076 31
28085 32
28093 36
28101 36
28109 37
28117 37
28125 36
28133 38
28141 37
28149 40
28157 34
28166 33
28174 36
28182 35
28190 36
28198 34
28207 33
28215 33
28223 35
28231 37
28239 36
28247 40
28255 40
28263 39
28271 41
28279 43
28287 35
28295 38
28303 37
28312 43
28320 43
28328 47
28336 47
28344 43
28352 44
28360 40
28368 37
28376 35
28385 47
28393 43
28401 40
28410 43
28418 44
28426 42
28434 45
28442 50
28450 41
28459 47
28467 52
28475 47
28483 43
28491 42
28500 37
28508 47
28516 47
28524 47
28532 39
28540 35
28548 34
28556 34
28564 32
28573 33
28581 36
28589 33
28597 31
28606 32
28614 35
28622 35
28630 40
28638 40
28646 44
28654 50
28662 45
28671 35
28679 41
28687 39
28695 36
28704 35
28712 42
28720 43
28728 48
28736 52
28744 53
28752 48
28760 44
28768 40
28777 40
28785 39
28793 40
28801 46
28809 51
28817 49
28825 42
28833 39
28842 40
28850 44
28858 45
28866 47
28874 46
28883 39
28891 42
28899 44
28907 50
28916 39
28924 47
28932 44
28940 39
28948 43
28957 46
28965 48
28973 48
28981 48
28989 48
28997 41
29006 45
29014 47
29022 46
29030 48
29038 52
29046 44
29055 45
29063 50
29071 46
29079 47
29087 43
29095 41
29103 39
29112 41
29120 41
29128 44
29136 40
29144 38
29153 38
29161 37
29169 36
29177 42
29185 42
29193 40
29202 36
29210 33
29218 39
29226 40
29234 44
29242 48
29250 48
29258 47
29266 45
29274 39
29282 35
29291 38
29299 32
29307 36
29316 37
29324 39
29332 44
29340 47
29348 45
29356 47
29364 44
29372 41
29381 37
29389 40
29397 43
29405 43
29413 47
29421 46
29429 41
29438 35
29446 37
29454 42
29462 43
29470 46
29478 43
29486 41
29495 42
29503 48
29511 52
29519 48
29528 47
29536 53
29544 47
29552 39
29560 36
29569 37
29577 37
29585 39
29593 39
29601 38
29610 39
29618 40
29626 40
29634 43
29642 42
29650 42
29658 41
29666 44
29674 39
29683 37
29691 39
29699 40
29707 39
29715 40
29723 42
29731 37
29739 38
29747 33
29756 35
29764 39
29772 37
29780 37
29788 38
29796 37
29804 38
29812 34
29821 31
29829 31
29837 36
29845 39
29853 41
29861 35
29869 33
29878 38
29886 38
29894 41
29902 40
29910 41
29918 40
29926 41
29934 41
29942 38
29950 35
29958 34
29967 35
29975 36
29983 38
29991 41
29999 39
30007 40
30015 39
30024 45
30032 52
30040 58
30048 56
30056 50
30064 41
30073 49
30081 49
30089 43
30098 43
30106 41
30114 44
30122 44
30130 44
30139 41
30147 41
30155 44
30163 45
30171 35
30179 39
30188 41
30196 44
30204 47
30212 43
30220 41
30228 41
30236 37
30244 35
30252 32
30261 38
30269 36
30277 34
30285 35
30294 37
30302 38
30310 39
30318 44
30326 47
30334 45
30342 46
30350 44
30358 38
30366 34
30375 36
30383 37
30391 37
30399 37
30407 37
30415 38
30423 36
30431 38
30439 37
30448 35
30456 38
30464 38
30472 38
30480 37
30488 34
30497 35
30505 37
30513 41
30521 39
30529 40
30537 43
30545 41
30553 37
30561 33
30569 30
30578 33
30586 32
30594 36
30602 31
30611 32
30619 34
30627 37
30635 39
30643 35
30651 37
30659 37
30667 38
30675 38
30683 40
30691 41
30699 39
30708 38
30716 42
30724 45
30732 46
30740 44
30748 42
30756 37
30765 35
30773 37
30781 39
30789 41
30797 42
30805 39
30813 36
30822 31
30830 33
30838 37
30846 46
30854 44
30862 45
30870 41
30878 38
30887 46
30895 50
30903 45
30911 39
30919 38
30927 37
30935 37
30944 44
30952 44
30960 45
30968 46
30976 45
30984 38
30992 38
31001 36
31009 36
31017 36
31025 35
31033 37
31041 32
31050 36
31058 40
31066 41
31074 41
31082 48
31090 42
31098 46
31107 41
31115 45
31123 40
31131 41
31139 47
31147 44
31155 38
31163 40
31171 36
31180 35
31188 34
31196 31
31205 32
31213 34
31221 43
31229 47
31237 56
31245 53
31253 49
31262 46
31270 50
31278 48
31286 43
31294 40
31303 40
31311 42
31319 44
31327 39
31336 38
31344 41
31352 44
31360 40
31368 39
31376 35
31384 39
31392 39
31400 39
31409 37
31417 40
31425 42
31433 45
31441 39
31449 35
31458 33
31466 38
31474 38
31482 39
31490 39
31498 41
31506 44
31514 45
31522 36
31530 34
31539 35
31547 36
31555 40
31563 41
31571 40
31579 34
31587 34
31596 36
31604 38
31612 38
31620 38
31628 38
31636 39
31644 36
31652 36
31660 36
31668 35
31677 31
31685 32
31693 36
31701 36
31709 37
31718 37
31726 38
31734 41
31742 44
31750 40
31758 41
31766 33
31775 36
31783 36
31791 40
31799 42
31807 45
31815 47
31823 48
31831 42
31839 36
31847 34
31856 35
31865 35
31873 37
31881 40
31889 43
31897 48
31905 53
31913 54
31921 51
31929 49
31937 47
31945 44
31953 40
31962 38
31970 48
31978 48
31986 47
31995 51
32003 54
32011 60
32019 63
32027 50
32036 41
32044 47
32052 50
32060 48
32068 47
32076 40
32085 44
32093 45
32101 46
32109 45
32118 44
32126 52
32134 50
32142 49
32150 43
32159 45
32167 50
32175 49
32183 54
32191 52
32199 45
32208 43
32216 46
32224 48
32232 45
32240 45
32249 37
32257 42
32265 45
32273 47
32281 49
32289 51
32298 47
32306 56
32314 56
32322 52
32330 40
32338 39
32347 49
32355 53
32363 49
32371 41
32380 40
32388 48
32396 45
32404 45
32412 42
32420 38
32429 38
32437 46
32445 48
32453 45
32462 38
32470 43
32478 43
32486 42
32494 45
32502 45
32510 42
32518 39
32527 41
32535 43
32543 48
32551 51
32559 46
32567 41
32575 39
32584 39
32592 43
32600 45
32608 40
32616 40
32624 42
32632 39
32641 37
32649 36
32657 40
32665 41
32673 35
32681 36
32690 36
32698 36
32706 40
32714 41
32722 41
32730 44
32738 42
32747 37
32755 47
32763 49
32771 47
32779 45
32787 42
32795 41
32803 34
32812 40
32820 42
32828 41
32836 42
32844 39
32852 36
32861 39
32869 37
32877 39
32885 35
32893 37
32901 36
32909 36
32918 38
32926 40
32934 39
32942 44
32950 41
32958 39
32966 38
32974 37
32982 36
32991 35
32998 36
33006 35
33015 35
33023 36
33031 33
33039 36
33047 34
33055 32
33064 30
33072 33
33080 32
33088 34
33096 32
33104 37
33113 36
33121 35
33129 38
33137 39
33145 40
33153 38
33161 35
33169 35
33177 30
33186 31
33194 34
33202 39
33210 35
33218 38
33226 39
33234 41
33242 37
33251 34
33259 34
33267 35
33275 34
33283 36
33291 36
33299 34
33308 40
33316 43
33324 41
33332 42
33340 38
33349 42
33357 44
33365 47
33373 45
33381 49
33389 47
33397 47
33405 42
33413 39
33422 41
33430 48
33438 50
33446 47
33454 50
33462 45
33471 42
33479 51
33487 52
33495 58
33503 53
33511 47
33520 43
33528 44
33536 46
33544 51
33552 48
33561 37
33569 45
33577 51
33585 47
33593 36
33602 42
33610 44
33618 49
33626 48
33634 40
33643 36
33651 34
33659 34
33667 35
33675 37
33683 36
33692 35
33700 38
33708 43
33716 46
33724 42
33732 41
33740 36
33749 38
33757 42
33765 39
33773 40
33781 40
33789 41
33797 45
33805 45
33813 40
33821 39
33829 35
33837 34
33846 35
33854 35
33862 37
33870 37
33878 37
33886 33
33894 36
33902 34
33911 33
33919 33
33927 33
33935 36
33943 38
33951 40
33959 37
33968 42
33976 40
33984 43
33992 46
34000 46
34008 42
34017 39
34025 40
34033 46
34041 47
34049 43
34057 39
34066 39
34074 42
34082 44
34090 45
34098 47
34106 43
34114 40
34122 42
34130 38
34139 41
34147 42
34155 39
34163 38
34171 36
34179 35
34188 36
34196 38
34204 42
34212 39
34220 37
34228 35
34236 33
34245 42
34253 37
34261 42
34269 41
34277 43
34285 38
34294 42
34302 43
34310 44
34318 45
34326 41
34334 44
34342 37
34350 38
34359 35
34367 36
34375 39
34383 37
34391 38
34400 37
34408 43
34416 46
34424 47
34432 47
34440 47
34448 44
34456 40
34464 45
34473 43
34481 40
34489 37
34497 34
34505 37
34513 35
34522 37
34530 39
34538 43
34546 51
34554 53
34562 46
34570 45
34578 46
34586 36
34595 41
34603 43
34611 40
34619 38
34627 38
34636 33
34644 32
34652 32
34660 37
34668 45
34676 41
34684 36
34692 36
34701 39
34709 45
34717 51
34725 51
34733 48
34741 48
34749 46
34757 46
34765 41
34774 41
34782 44
34790 44
34798 35
34807 38
34815 45
34823 44
34831 36
34840 35
34848 36
34856 39
34864 43
34872 42
34880 47
34888 42
34896 38
34904 39
34913 38
34921 44
34929 44
34937 47
34945 39
34954 42
34962 43
34970 46
34978 44
34986 40
34995 36
35003 39
35011 45
35019 46
35027 44
35035 46
35043 42
35051 41
35059 37
35067 34
35076 31
35084 30
35092 35
35100 34
35108 35
35116 35
35125 33
35133 34
35141 33
35149 34
35157 34
35165 33
35173 33
35181 36
35189 34
35197 38
35205 35
35213 34
35221 31
35230 31
35238 37
35246 33
35254 35
35262 34
35270 36
35278 36
35286 35
35294 30
35303 30
35311 35
35319 36
35327 37
35335 41
35343 43
35351 40
35359 40
35367 39
35375 37
35383 40
35391 39
35400 35
35408 44
35416 43
35424 45
35432 42
35440 42
35449 45
35457 44
35465 44
35473 48
35481 39
35489 38
35498 38
35506 40
35514 44
35522 39
35530 40
35538 37
35547 39
35555 40
35563 41
35571 36
35579 37
35587 38
35595 40
35604 47
35612 47
35620 46
35628 51
35636 50
35644 46
35652 43
35661 40
35669 49
35677 52
35685 48
35693 42
35702 38
35710 39
35718 44
35726 45
35734 43
35743 39
35751 45
35759 49
35767 44
35776 41
35784 46
35792 52
35800 48
35808 45
35816 50
35824 39
35832 37
35841 40
35849 45
35857 47
35865 46
35873 45
35881 45
35889 49
35897 48
35905 39
35914 38
35922 39
35930 43
35938 44
35946 44
35954 42
35962 42
35970 38
35978 28
35987 31
35995 34
36003 37
36011 40
36019 38
36027 37
36036 39
36044 39
36052 41
36060 42
36068 40
36076 36
36085 35
36093 37
36101 38
36109 45
36117 43
36125 38
36133 38
36141 38
36150 42
36158 39
36166 36
36174 35
36182 40
36191 40
36199 41
36207 41
36215 39
36223 41
36231 47
36240 43
36248 57
36256 48
36264 43
36273 44
36281 46
36289 46
36297 44
36305 43
36313 39
36322 45
36330 54
36338 51
36346 50
36355 43
36363 44
36371 43
36379 43
36387 38
36396 40
36404 44
36412 44
36420 41
36428 43
36437 45
36445 47
36453 55
36461 60
36469 49
36477 44
36485 45
36493 39
36502 40
36510 46
36518 47
36526 46
36534 46
36542 45
36550 41
36559 42
36567 52
36575 52
36583 54
36591 43
36599 39
36608 37
36616 38
36624 42
36632 42
36640 42
36648 39
36657 36
36665 33
36673 34
36681 32
36689 31
36698 30
36706 34
36714 36
36722 35
36730 39
36738 37
36746 49
36754 43
36762 41
36770 37
36778 33
36787 34
36795 36
36803 36
36811 36
36819 35
36827 36
36835 36
36843 35
36851 38
36859 41
36867 37
36876 39
36884 38
36892 39
36900 42
36908 42
36916 44
36924 34
36932 31
36940 32
36948 31
36957 38
36965 41
36973 39
36981 40
36989 32
36998 34
37006 36
37014 38
37022 44
37030 42
37038 46
37046 47
37054 45
37062 39
37070 36
37079 37
37087 39
37095 36
37103 32
37112 37
37120 43
37128 34
37136 31
37145 32
37153 32
37161 38
37169 38
37177 40
37185 34
37193 33
37201 30
37210 34
37218 35
37226 35
37234 39
37242 38
37250 39
37258 37
37266 35
37274 37
37283 36
37291 39
37299 42
37307 45
37315 45
37323 45
37331 42
37339 40
37347 41
37356 45
37364 46
37372 51
37380 52
37388 51
37396 46
37404 47
37412 47
37420 44
37428 41
37436 44
37444 38
37453 34
37461 34
37469 37
37477 34
37485 39
37493 33
37502 35
37510 36
37518 37
37526 39
37534 41
37542 42
37550 45
37558 41
37566 40
37575 39
37583 39
37591 43
37599 38
37607 43
37615 37
37624 36
37632 36
37640 36
37648 40
37656 41
37664 44
37672 41
37681 40
37689 47
37697 48
37705 48
37713 51
37721 46
37730 43
37738 46
37746 43
37755 39
37763 45
37771 47
37779 42
37788 41
37796 51
37804 57
37812 50
37820 43
37829 41
37837 47
37845 53
37853 55
37861 48
37870 44
37878 54
37886 54
37894 44
37903 43
37911 48
37919 50
37927 46
37935 40
37944 42
37952 46
37960 46
37968 50
37976 43
37984 41
37993 39
38001 39
38009 40
38017 40
38025 39
38033 40
38041 33
38050 39
38058 42
38066 45
38074 48
38082 47
38090 46
38098 47
38106 39
38114 37
38123 38
38131 37
38139 41
38147 41
38155 45
38163 42
38172 38
38180 42
38188 39
38196 42
38204 45
38212 38
38220 34
38228 34
38237 34
38245 38
38253 41
38261 42
38270 37
38278 40
38286 45
38294 49
38302 47
38310 47
38318 52
38326 44
38335 42
38343 42
38351 48
38359 46
38367 45
38375 46
38383 48
38391 41
38400 46
38408 42
38416 40
38424 44
38432 38
38441 40
38449 40
38457 41
38465 36
38473 36
38482 38
38490 40
38498 43
38506 45
38514 46
38522 43
38530 41
38539 43
38547 44
38555 44
38563 41
38571 45
38579 47
38587 48
38595 43
38603 41
38612 37
38620 38
38628 37
38636 40
38645 44
38653 50
38661 47
38669 51
38677 36
38686 40
38694 42
38702 47
38710 49
38718 37
38727 37
38735 40
38743 42
38751 49
38759 39
38767 35
38776 35
38784 33
38792 33
38800 35
38808 34
38816 34
38824 36
38832 34
38840 39
38849 46
38857 45
38865 45
38873 43
38881 38
38890 40
38898 36
38906 40
38914 41
38922 47
38930 42
38939 39
38947 41
38955 38
38963 39
38971 41
38980 47
38988 54
38996 54
39004 52
39012 48
39020 48
39029 40
39037 45
39045 46
39053 48
39061 49
39069 52
39077 49
39085 41
39094 45
39102 49
39110 49
39118 49
39126 48
39134 44
39142 42
39151 35
39158 32
39167 35
39175 37
39183 31
39191 32
39200 35
39208 37
39216 36
39224 44
39232 43
39240 36
39249 35
39257 36
39265 39
39273 41
39281 44
39289 40
39297 43
39305 40
39314 46
39322 51
39330 43
39338 39
39346 37
39355 37
39363 36
39371 33
39379 37
39387 36
39395 36
39403 37
39411 37
39420 39
39428 40
39436 37
39444 40
39453 42
39461 41
39469 50
39477 53
39485 56
39493 52
39501 41
39509 39
39518 39
39526 45
39534 46
39542 44
39550 41
39558 39
39567 44
39575 52
39583 46
39591 41
39599 38
39608 39
39616 43
39624 48
39632 47
39640 41
39649 42
39657 41
39665 43
39673 45
39681 45
39689 46
39697 40
39705 36
39714 39
39722 45
39730 49
39738 47
39746 48
39754 44
39763 41
39771 41
39779 43
39787 44
39795 41
39803 38
39811 36
39820 38
39828 40
39836 45
39845 40
39853 42
39861 49
39869 47
39877 49
39885 43
39893 40
39901 38
39910 41
39918 49
39926 51
39934 52
39942 47
39950 41
39959 39
39967 45
39975 46
39983 43
39991 51
39999 47
40007 42
40015 43
40024 41
40032 37
40040 42
40048 36
40057 36
40065 40
40073 46
40081 44
40089 44
40097 41
40105 37
40114 37
40122 43
40130 46
40138 53
40146 54
40154 48
40162 43
40170 44
40178 38
40187 40
40195 45
40203 46
40211 49
40219 51
40227 45
40235 44
40243 43
40251 41
40260 41
40268 43
40276 45
40284 45
40293 39
40301 43
40309 44
40317 49
40325 46
40333 45
40341 42
40349 38
40357 36
40366 39
40374 39
40382 44
40390 49
40398 44
40406 42
40415 47
40423 47
40431 44
40439 45
40448 43
40456 48
40464 47
40472 47
40480 40
40489 45
40497 58
40505 44
40514 44
40522 46
40530 43
40538 41
40546 39
40554 37
40563 38
40571 42
40579 47
40587 48
40595 48
40603 49
40611 45
40619 43
40628 39
40636 37
40644 38
40652 42
40660 40
40668 43
40677 46
40685 48
40693 45
40701 43
40709 43
40717 42
40726 44
40734 46
40742 47
40750 46
40758 46
40766 42
40774 42
40782 37
40791 34
40799 36
40807 37
40815 38
40823 39
40831 39
40839 36
40847 39
40856 39
40864 51
40872 48
40880 41
40889 41
40897 45
40905 43
40913 44
40922 46
40930 57
40938 50
40946 50
40954 46
40963 47
40971 47
40980 42
40988 43
40996 50
41004 57
41012 55
41020 52
41028 49
41037 39
41045 44
41053 44
41061 42
41069 36
41077 36
41086 36
41094 37
41102 40
41110 40
41118 44
41126 49
41134 48
41143 50
41151 50
41159 50
41167 47
41175 40
41184 53
41192 50
41200 41
41209 39
41217 40
41225 43
41233 42
41241 45
41249 38
41258 41
41266 42
41274 46
41282 44
41290 47
41298 46
41306 41
41314 41
41322 38
41331 44
41339 52
41347 50
41355 53
41363 51
41372 44
41380 48
41388 53
41396 53
41404 51
41412 41
41421 40
41429 44
41437 44
41445 36
41453 36
41462 37
41470 42
41478 45
41486 47
41494 48
41502 48
41510 43
41518 40
41527 39
41535 40
41543 36
41552 43
41560 41
41568 38
41576 41
41584 42
41592 39
41600 43
41608 40
41616 35
41625 40
41633 43
41641 48
41649 47
41657 43
41665 43
41674 43
41682 48
41690 48
41698 49
41706 53
41714 53
41722 51
41730 51
41738 48
41746 41
41754 35
41763 40
41771 41
41779 42
41787 43
41795 40
41803 38
41811 35
41820 34
41828 36
41836 36
41844 36
41852 38
41860 37
41868 39
41876 38
41884 39
41892 36
41901 37
41909 37
41917 44
41925 40
41933 41
41941 47
41949 41
41958 45
41966 48
41974 53
41982 52
41990 45
41999 44
42007 44
42015 52
42023 54
42031 46
42039 43
42047 44
42056 51
42064 55
42072 56
42080 56
42088 48
42096 43
42105 42
42113 43
42121 38
42129 43
42137 41
42145 41
42154 40
42162 43
42170 47
42178 48
42186 40
42195 47
42203 47
42211 51
42219 42
42227 36
42236 43
42244 42
42252 46
42260 45
42268 40
42276 39
42285 50
42293 48
42301 45
42310 41
42318 42
42326 46
42334 47
42342 48
42350 44
42359 43
42367 41
42375 48
42383 48
42391 43
42399 40
42408 39
42416 41
42424 47
42432 42
42440 43
42448 39
42457 48
42465 52
42473 53
42481 55
42489 51
42497 48
42505 48
42514 42
42522 41
42530 40
42538 40
42546 41
42554 42
42562 41
42571 41
42579 38
42587 39
42595 44
42603 42
42611 46
42619 50
42627 48
42635 46
42643 42
42651 36
42659 32
42667 30
42676 30
42684 37
42692 35
42700 31
42708 31
42716 31
42725 28
42733 31
42741 36
42749 35
42757 40
42765 40
42773 42
42781 43
42789 42
42797 37
42806 43
42814 45
42822 52
42830 43
42838 36
42847 35
42855 40
42863 40
42871 37
42879 34
42888 35
42896 38
42904 40
42912 42
42920 45
42928 38
42937 39
42945 44
42953 48
42961 47
42969 46
42977 52
42985 49
42993 48
43001 40
43009 33
43018 38
43026 33
43034 32
43042 33
43050 33
43059 45
43067 47
43075 48
43083 49
43091 50
43099 47
43107 41
43115 40
43123 41
43131 38
43139 34
43147 31
43155 30
43164 25
43172 27
43181 29
43189 32
43197 33
43205 36
43213 38
43221 41
43229 42
43237 39
43245 41
43253 40
43261 40
43269 41
43277 42
43285 36
43293 30
43301 29
43309 29
43319 30
43327 35
43335 38
43343 35
43351 37
43359 35
43367 36
43375 35
43383 34
43391 34
43399 31
43408 37
43416 38
43424 39
43432 44
43440 44
43448 47
43456 48
43464 50
43472 48
43480 41
43488 40
43496 34
43505 36
43513 39
43521 41
43529 38
43538 45
43546 45
43554 42
43562 45
43570 46
43578 41
43587 43
43595 48
43603 53
43611 51
43620 40
43628 46
43636 50
43644 47
43652 44
43661 41
43669 47
43677 51
43685 51
43693 48
43702 47
43710 56
43718 48
43727 51
43735 56
43743 46
43752 43
43760 52
43768 57
43776 51
43784 43
43792 43
43800 40
43809 41
43817 43
43825 41
43833 37
43841 39
43849 41
43857 41
43866 42
43874 48
43882 51
43890 47
43898 43
43906 38
43915 47
43923 50
43931 44
43940 45
43948 47
43956 47
43964 47
43972 48
43980 49
43988 42
43997 49
44005 46
44013 42
44021 37
44029 40
44038 42
44046 45
44054 54
44062 51
44070 49
44079 43
44088 42
44096 46
44104 46
44112 45
44120 46
44128 46
44136 43
44144 42
44152 41
44161 44
44169 42
44177 39
44185 33
44194 35
44202 37
44210 39
44218 41
44226 42
44234 44
44242 40
44250 42
44258 38
44267 37
44275 41
44283 47
44291 43
44299 46
44307 42
44316 38
44324 39
44332 41
44340 48
44348 45
44356 47
44364 41
44372 39
44380 39
44388 36
44397 38
44405 42
44413 42
44421 40
44429 40
44438 42
44446 45
44454 55
44462 55
44470 54
44478 51
44486 46
44495 44
44503 44
44511 48
44519 40
44528 40
44536 47
44544 47
44552 41
44560 43
44569 42
44577 48
44585 49
44593 50
44602 49
44610 53
44618 56
44626 48
44634 52
44642 44
44651 42
44659 49
44667 47
44675 46
44683 44
44692 42
44700 49
44708 47
44716 46
44724 40
44733 39
44741 41
44749 42
44757 47
44765 51
44773 50
44781 40
44790 44
44798 47
44806 49
44814 54
44822 52
44830 47
44838 40
44846 36
44855 41
44863 43
44871 40
44879 41
44887 45
44895 46
44903 39
44911 32
44920 39
44928 40
44936 44
44944 45
44952 43
44960 41
44968 41
44976 41
44985 37
44993 46
45001 46
45009 36
45018 34
45025 33
45034 37
45042 39
45050 44
45058 41
45066 39
45074 37
45083 42
45091 46
45099 47
45107 52
45116 40
45124 42
45132 47
45140 47
45148 40
45156 39
45164 37
45173 41
45181 46
45189 46
45197 47
45205 46
45213 46
45221 44
45229 44
45238 41
45246 45
45254 44
45262 43
45270 43
45278 44
45286 40
45294 39
45303 42
45311 41
45319 44
45327 49
45335 42
45344 37
45352 44
45360 50
45368 46
45376 43
45384 36
45393 39
45401 44
45409 42
45417 44
45425 40
45433 42
45441 42
45449 41
45458 44
45466 40
45474 36
45482 37
45491 41
45499 42
45507 45
45515 45
45523 44
45531 38
45540 38
45548 39
45556 43
45564 47
45572 51
45580 48
45588 39
45597 44
45605 41
45613 42
45621 41
45629 41
45637 40
45645 35
45654 35
45662 37
45670 37
45678 40
45686 45
45694 42
45702 39
45710 33
45719 38
45727 39
45735 42
45743 42
45751 41
45759 41
45768 39
45776 40
45784 48
45792 42
45800 43
45808 37
45817 40
45825 47
45833 50
45841 52
45849 44
45857 39
45866 40
45874 41
45882 42
45890 42
45898 49
45906 46
45914 41
45922 37
45931 41
45939 43
45947 48
45955 44
45963 41
45971 32
45980 38
45988 40
45996 36
46004 35
46012 39
46020 38
46028 37
46036 39
46044 35
46053 35
46061 40
46069 42
46077 43
46085 41
46093 44
46101 37
46110 35
46118 37
46126 40
46134 46
46142 47
46150 42
46158 46
46166 45
46174 44
46182 40
46191 38
46199 38
46207 37
46215 37
46223 41
46231 35
46239 33
46248 33
46256 34
46264 36
46272 40
46280 37
46289 37
46297 41
46305 43
46313 45
46321 44
46329 44
46337 44
46345 40
46353 40
46361 41
46369 38
46378 34
46386 39
46394 37
46402 39
46410 43
46418 43
46426 44
46434 39
46442 34
46451 34
46459 38
46467 41
46475 37
46483 39
46492 39
46500 42
46508 40
46516 44
46524 42
46532 43
46540 42
46548 39
46556 38
46565 35
46573 32
46580 31
46589 37
46597 38
46605 37
46613 42
46622 40
46630 43
46638 43
46646 42
46654 45
46662 43
46670 41
46679 39
46687 48
46695 44
46703 38
46712 42
46720 46
46728 48
46736 50
46744 50
46752 43
46760 37
46769 40
46777 39
46785 43
46793 35
46802 41
46810 44
46818 41
46826 40
46834 40
46842 39
46850 46
46858 48
46867 40
46875 42
46883 46
46891 52
46899 46
46907 46
46915 40
46924 38
46932 40
46940 39
46948 35
46956 38
46965 41
46973 49
46981 55
46989 54
46997 54
47005 53
47013 46
47021 43
47029 39
47038 42
47046 45
47054 46
47062 44
47070 45
47078 39
47087 42
47095 52
47103 49
47111 47
47119 44
47128 44
47136 51
47144 55
47152 49
47160 38
47169 46
47177 47
47185 47
47193 41
47201 42
47209 46
47217 42
47225 37
47234 37
47242 41
47250 39
47258 43
47266 38
47274 38
47283 36
47291 38
47299 38
47307 43
47315 42
47323 43
47332 38
47340 48
47348 44
47356 49
47364 40
47372 36
47381 41
47389 44
47397 49
47405 52
47413 44
47421 43
47429 41
47438 44
47446 43
47454 45
47462 38
47470 42
47479 38
47487 37
47495 40
47503 42
47511 44
47519 42
47527 39
47535 39
47543 42
47551 39
47559 36
47568 37
47576 36
47584 39
47592 41
47600 39
47608 39
47617 40
47625 46
47633 50
47641 45
47649 45
47657 44
47665 43
47673 39
47681 38
47689 34
47697 33
47706 30
47714 31
47722 31
47730 32
47738 34
47746 35
47754 35
47762 35
47771 34
47779 36
47787 37
47795 34
47803 34
47811 32
47819 32
47827 32
47836 34
47844 32
47852 30
47860 32
47868 34
47876 35
47884 34
47892 34
47901 37
47909 40
47917 41
47925 38
47933 37
47941 40
47949 40
47957 34
47966 33
47974 38
47982 40
47990 40
47998 37
48006 37
48015 38
48023 42
48031 39
48039 40
48047 34
48055 37
48064 38
48072 34
48080 32
48088 31
48096 31
48105 31
48113 34
48121 34
48129 34
48137 34
48145 36
48153 39
48161 37
48169 40
48177 42
48185 44
48193 44
48201 46
48209 40
48217 37
48226 34
48234 37
48242 34
48250 31
48258 32
48266 31
48274 28
48283 30
48291 30
48299 35
48307 36
48315 35
48323 33
48331 34
48339 34
48347 36
48355 32
48363 32
48372 34
48380 36
48388 35
48396 36
48404 35
48413 32
48421 34
48429 37
48437 38
48445 37
48453 39
48461 44
48469 43
48477 39
48486 39
48494 41
48502 42
48510 36
48518 37
48527 36
48535 41
48543 42
48551 45
48559 40
48567 41
48575 42
48583 45
48591 42
48599 37
48608 40
48616 41
48624 42
48632 48
48640 46
48648 46
48657 40
48665 45
48673 43
48681 45
48689 44
48697 41
48706 39
48714 41
48722 46
48730 44
48738 43
48746 46
48754 44
48762 42
48770 40
48779 39
48787 40
48795 41
48803 48
48811 45
48819 43
48827 41
48835 44
48843 39
48852 36
48860 39
48868 38
48876 37
48884 36
48893 35
48901 38
48909 36
48917 37
48925 32
48933 33
48941 33
48949 34
48958 36
48966 37
48974 38
48982 40
48990 42
48998 42
49006 43
49014 40
49022 39
49030 36
49038 36
49047 35
49055 37
49063 41
49071 42
49079 40
49087 38
49096 39
49104 43
49112 44
49120 45
49128 39
49136 37
49145 38
49153 47
49161 48
49169 47
49177 45
49186 44
49194 48
49202 50
49210 52
49218 45
49226 42
49234 42
49242 38
49251 40
49259 40
49267 41
49275 46
49283 41
49292 43
49300 45
49308 44
49316 43
49324 46
49332 44
49340 43
49348 42
49356 42
49364 37
49373 35
49381 36
49389 36
49397 36
49405 33
49413 33
49421 32
49430 32
49438 36
49446 37
49454 35
49462 35
49470 34
49479 36
49487 35
49495 33
49503 37
49511 36
49519 42
49527 37
49535 34
49544 36
49552 40
49560 43
49568 47
49576 49
49584 48
49592 42
49600 41
49609 44
49617 46
49625 52
49633 54
49642 45
49650 44
49658 51
49666 51
49674 44
49683 42
49691 37
49699 35
49707 39
49715 30
49723 30
49731 30
49740 32
49748 33
49756 35
49764 37
49772 41
49780 40
49788 38
49796 38
49804 34
49812 33
49820 34
49829 39
49837 44
49845 47
49853 47
49861 43
49869 40
49877 39
49886 38
49894 41
49902 43
49910 45
49918 47
49926 40
49935 37
49943 37
49951 37
49959 37
49967 36
49976 41
49984 44
49992 47
50000 48
50008 45
50016 44
50024 43
50032 43
50040 38
50049 39
50057 46
50065 46
50073 48
50081 44
50090 38
50098 43
50106 47
50114 47
50122 46
50130 46
50138 38
50146 34
50155 35
50163 37
50171 47
50179 50
50187 49
50195 46
50203 42
50211 39
50220 42
50228 44
50236 45
50244 41
50252 35
50260 34
50268 34
50276 36
50285 37
50293 41
50301 43
50309 45
50317 42
50326 45
50334 39
50342 38
50350 39
50358 37
50366 33
50375 33
50383 33
50391 35
50399 34
50407 35
50415 38
50423 38
50431 38
50439 33
50447 34
50456 33
50464 39
50472 39
50480 37
50488 42
50496 38
50504 39
50512 40
50521 38
50529 44
50537 44
50545 44
50553 39
50561 36
50570 42
50578 42
50586 44
50594 47
50602 46
50610 38
50618 37
50627 36
50635 34
50643 34
50651 37
50659 45
50668 41
50676 54
50684 52
50692 49
50700 48
50709 53
50717 47
50726 39
50734 42
50742 41
50750 43
50758 44
50766 40
50775 40
50783 45
50791 52
50799 50
50808 51
50816 54
50824 51
50832 47
50841 40
50849 48
50857 50
50865 54
50873 56
50881 55
50889 53
50898 48
50906 51
50915 42
50923 52
50931 52
50939 51
50947 52
50955 41
50964 46
50972 53
50980 44
50988 39
50997 53
51005 47
51013 46
51021 46
51029 46
51038 54
51046 53
51054 50
51062 47
51070 43
51078 38
51087 43
51095 46
51103 47
51111 45
51119 45
51127 42
51136 41
51144 43
51152 49
51160 54
51168 52
51176 52
51184 43
51193 42
51201 42
51209 51
51217 48
51225 48
51233 38
51242 38
51250 42
51258 46
51266 48
51274 45
51282 43
51291 46
51299 43
51307 46
51315 45
51323 39
51331 33
51340 35
51348 38
51356 38
51364 39
51372 36
51380 39
51388 40
51396 37
51405 44
51413 47
51421 47
51429 48
51437 44
51445 41
51454 43
51462 47
51470 52
51478 52
51486 42
51494 38
51502 36
51511 39
51519 45
51527 42
51535 44
51543 41
51551 39
51559 38
51567 40
51575 38
51583 39
51591 34
51600 36
51608 38
51616 39
51624 40
51632 40
51640 33
51648 35
51657 38
51665 40
51673 43
51681 44
51689 40
51697 40
51706 32
51714 36
51722 37
51730 38
51738 42
51746 45
51754 43
51762 42
51770 38
51778 40
51786 40
51794 41
51803 39
51811 47
51819 46
51827 46
51835 45
51843 40
51851 40
51859 38
51867 33
51876 32
51884 31
51892 31
51900 33
51908 34
51917 31
51924 34
51932 34
51940 34
51949 44
51957 47
51965 47
51973 47
51981 48
51989 46
51998 43
52006 49
52014 46
52022 41
52031 42
52039 41
52047 45
52055 47
52063 52
52071 50
52079 45
52087 40
52096 48
52104 52
52112 51
52120 53
52128 48
52136 41
52145 45
52153 42
52162 42
52170 48
52178 51
52186 48
52195 48
52203 41
52211 38
52220 41
52228 45
52236 50
52244 52
52252 48
52260 46
52268 43
52276 38
52285 33
52293 42
52301 44
52309 43
52317 40
52326 34
52334 38
52342 41
52350 42
52358 39
52366 44
52374 44
52383 39
52391 46
52399 47
52407 52
52415 50
52423 47
52431 50
52439 46
52447 42
52455 41
52463 39
52472 45
52480 47
52488 47
52496 43
52504 46
52512 44
52521 42
52529 42
52537 45
52545 47
52553 40
52562 42
52570 42
52578 47
52586 51
52594 51
52602 51
52610 47
52618 36
52626 35
52635 42
52643 47
52651 45
52659 38
52667 38
52676 39
52684 36
52692 39
52700 41
52708 43
52716 41
52724 41
52732 35
52741 39
52749 40
52757 44
52765 46
52773 45
52781 45
52789 38
52797 33
52806 36
52814 37
52822 39
52830 37
52838 38
52847 37
52855 41
52863 45
52871 47
52879 53
52887 50
52895 49
52903 44
52912 41
52920 49
52928 51
52936 47
52944 43
52952 39
52961 45
52969 54
52977 54
52985 51
52993 45
53001 43
53010 44
53018 48
53026 44
53034 45
53043 51
53051 55
53059 51
53067 45
53076 44
53084 48
53092 47
53100 46
53108 42
53116 40
53124 34
53132 34
53141 37
53149 36
53157 38
53165 40
53173 45
53181 43
53190 39
53198 46
53206 43
53214 42
53222 44
53230 41
53238 42
53246 38
53255 37
53263 40
53271 44
53279 48
53287 48
53295 46
53303 47
53311 40
53319 37
53328 37
53336 37
53344 40
53352 40
53360 45
53368 43
53376 42
53384 42
53393 47
53401 41
53409 49
53417 49
53425 40
53434 34
53442 31
53450 31
53458 37
53467 39
53475 38
53483 43
53491 45
53499 47
53507 49
53515 44
53523 42
53531 44
53539 40
53548 43
53556 47
53564 39
53572 40
53581 43
53589 44
53597 44
53605 37
53613 35
53621 33
53629 37
53638 36
53646 39
53654 37
53662 36
53670 37
53678 40
53686 37
53694 36
53703 33
53711 31
53719 32
53727 37
53735 38
53743 37
53751 37
53759 32
53767 31
53776 33
53784 36
53792 40
53800 38
53808 41
53816 41
53824 43
53832 41
53840 40
53848 41
53856 39
53864 39
53872 40
53880 36
53889 33
53897 37
53905 39
53913 39
53921 36
53929 30
53937 31
53945 31
53954 33
53962 36
53970 37
53978 34
53986 34
53994 33
54003 37
54011 40
54019 43
54027 45
54035 46
54044 36
54052 36
54060 44
54068 44
54076 48
54084 45
54092 41
54100 40
54108 36
54117 39
54125 39
54133 37
54141 37
54149 40
54157 39
54165 40
54173 40
54181 39
54190 40
54198 42
54206 40
54214 43
54222 41
54230 40
54238 39
54246 38
54254 38
54262 36
54271 42
54279 46
54287 45
54295 42
54304 42
54312 47
54320 50
54328 46
54336 46
54344 41
54353 38
54361 46
54369 45
54377 48
54385 44
54393 38
54402 44
54410 47
54418 47
54426 49
54434 51
54442 45
54450 41
54459 39
54467 38
54475 43
54483 39
54491 39
54499 38
54507 42
54515 39
54523 35
54532 47
54540 48
54548 53
54556 48
54564 45
54573 34
54581 38
54589 34
54597 33
54605 35
54614 38
54622 46
54630 47
54638 47
54646 44
54654 45
54662 42
54670 37
54678 38
54686 34
54695 36
54703 39
54711 35
54719 37
54727 39
54735 34
54743 33
54752 35
54760 41
54768 47
54776 49
54784 49
54792 49
54800 45
54808 43
54816 42
54824 39
54832 39
54841 35
54849 36
54857 41
54865 40
54873 39
54881 38
54889 37
54897 41
54906 37
54914 36
54922 40
54930 43
54938 41
54947 46
54955 46
54963 49
54971 43
54979 37
54987 36
54996 38
55004 43
55012 40
55020 39
55028 37
55037 41
55045 44
55053 47
55061 49
55069 45
55077 42
55085 40
55094 41
55102 43
55110 47
55118 53
55126 51
55134 50
55142 45
55150 39
55158 36
55166 37
55175 36
55183 37
55191 37
55199 35
55207 37
55215 37
55223 38
55231 35
55240 31
55248 32
55256 38
55264 39
55272 42
55280 45
55288 42
55296 42
55304 38
55313 45
55321 48
55329 46
55337 40
55345 38
55353 36
55362 34
55370 44
55378 39
55387 39
55395 46
55403 46
55411 51
55419 43
55427 36
55436 37
55444 40
55452 43
55460 47
55468 50
55476 42
55484 41
55493 41
55501 48
55509 48
55517 39
55526 40
55534 40
55542 37
55551 33
55559 34
55566 37
55575 37
55583 39
55591 43
55599 44
55607 51
55615 50
55623 44
55631 42
55640 41
55648 44
55656 44
55664 42
55672 38
55680 35
55689 36
55697 39
55705 46
55713 48
55721 47
55729 41
55737 36
55746 38
55754 47
55762 43
55770 47
55778 42
55787 38
55795 42
55803 40
55811 39
55819 45
55827 42
55835 42
55844 46
55852 55
55860 55
55868 53
55876 48
55884 39
55892 37
55901 40
55909 41
55917 42
55925 43
55933 46
55941 42
55949 43
55957 42
55965 39
55974 39
55982 43
55990 49
55998 51
56006 50
56014 46
56022 42
56030 36
56039 39
56047 46
56055 48
56063 43
56071 42
56079 43
56087 40
56095 40
56103 36
56111 36
56120 39
56128 36
56136 41
56144 37
56153 34
56161 38
56169 41
56177 38
56185 45
56193 44
56201 40
56209 38
56218 39
56226 44
56234 45
56242 51
56250 54
56258 45
56266 41
56275 46
56283 52
56291 50
56299 52
56307 42
56316 48
56324 52
56332 51
56340 46
56348 48
56356 46
56364 39
56373 42
56381 48
56389 51
56397 51
56405 46
56413 47
56421 41
56429 35
56438 36
56446 43
56454 43
56463 45
56471 49
56479 50
56487 54
56495 44
56503 42
56511 37
56520 36
56528 44
56536 54
56544 54
56552 51
56560 41
56568 39
56577 41
56585 49
56593 50
56601 50
56609 48
56617 47
56625 43
56633 40
56641 35
56650 40
56658 42
56666 42
56674 41
56682 37
56691 36
56699 41
56707 42
56715 43
56723 42
56731 42
56740 36
56748 36
56756 42
56764 46
56772 50
56780 51
56788 48
56796 45
56804 39
56812 36
56820 32
56829 35
56837 37
56845 39
56853 38
56862 41
56870 44
56878 49
56886 49
56895 51
56903 58
56911 47
56919 43
56927 40
56936 40
56944 45
56952 45
56960 50
56968 59
56976 43
56985 40
56993 37
57001 40
57009 38
57018 39
57026 36
57034 40
57042 38
57050 40
57058 33
57066 32
57074 33
57082 33
57091 37
57099 39
57107 37
57115 37
57123 36
57131 33
57139 35
57147 35
57155 31
57164 33
57172 31
57180 31
57188 30
57196 36
57204 32
57213 34
57221 33
57229 34
57237 36
57245 42
57253 42
57261 44
57269 49
57277 46
57285 41
57293 38
57301 35
57309 30
57318 32
57326 31
57334 36
57342 37
57351 34
57359 37
57367 41
57375 43
57383 42
57391 42
57399 38
57407 34
57415 33
57424 35
57432 37
57440 39
57448 43
57456 40
57464 41
57472 41
57480 41
57488 39
57496 38
57504 38
57512 43
57520 35
57529 37
57537 37
57545 41
57553 36
57561 35
57569 34
57577 37
57585 37
57593 35
57602 36
57611 40
57619 42
57627 41
57635 37
57643 40
57651 42
57659 43
57667 42
57676 46
57684 49
57692 47
57700 53
57708 54
57716 44
57725 38
57733 43
57741 45
57749 42
57757 41
57765 43
57773 41
57782 42
57790 49
57798 49
57807 43
57815 56
57823 55
57831 50
57839 38
57848 42
57856 39
57864 41
57872 43
57880 44
57888 42
57896 40
57905 38
57913 40
57921 50
57929 45
57937 43
57945 44
57953 45
57961 46
57969 45
57977 42
57985 42
57993 36
58002 40
58010 41
58018 43
58026 41
58034 37
58043 39
58051 42
58059 42
58067 44
58075 50
58083 48
58091 48
58099 37
58108 34
58116 34
58124 39
58132 38
58140 40
58148 35
58156 37
58165 37
58173 42
58181 45
58189 41
58197 40
58205 37
58214 43
58222 46
58230 41
58238 37
58246 34
58254 31
58263 35
58271 35
58279 38
58287 40
58295 44
58303 42
58311 39
58319 34
58328 34
58336 37
58344 36
58352 35
58360 36
58368 38
58376 38
58384 36
58392 37
58400 36
58408 34
58416 35
58425 37
58433 35
58441 39
58449 45
58457 46
58465 43
58473 40
58481 35
58489 31
58497 31
58505 31
58513 31
58522 30
58530 37
58538 38
58546 41
58554 38
58562 33
58570 34
58578 33
58587 30
58595 34
58603 39
58611 40
58619 35
58627 34
58636 44
58644 51
58652 53
58660 54
58668 53
58676 52
58684 51
58692 45
58701 48
58709 50
58717 49
58725 51
58733 44
58742 36
58750 38
58758 41
58766 52
58774 50
58782 50
58790 49
58798 43
58807 38
58815 40
58823 40
58831 40
58840 39
58848 42
58856 44
58864 43
58872 44
58880 43
58888 37
58897 39
58905 43
58913 43
58921 45
58929 49
58937 51
58945 53
58953 39
58962 37
58970 35
58978 37
58986 42
58995 42
59003 46
59011 46
59019 49
59027 47
59036 40
59044 46
59052 47
59060 46
59068 53
59076 48
59084 46
59093 42
59101 48
59109 48
59117 51
59125 48
59133 42
59141 40
59149 40
59157 42
59165 37
59174 36
59182 42
59190 41
59198 45
59206 45
59214 45
59222 46
59230 45
59238 44
59246 44
59254 39
59262 38
59270 32
59279 32
59287 31
59295 32
59304 37
59312 40
59320 39
59328 38
59336 35
59344 35
59353 37
59361 39
59369 43
59377 51
59385 51
59393 48
59402 39
59410 45
59418 48
59426 49
59434 56
59442 53
59450 52
59458 50
59466 41
59475 41
59483 45
59491 45
59499 44
59507 41
59515 37
59523 34
59531 37
59540 35
59548 34
59556 32
59564 37
59572 39
59580 38
59588 36
59597 33
59605 35
59613 35
59621 35
59629 31
59637 35
59645 35
59653 37
59661 38
59670 41
59678 46
59686 48
59694 50
59702 51
59710 49
59718 45
59726 46
59735 36
59743 36
59751 38
59759 30
59767 33
59775 32
59783 31
59792 29
59800 35
59808 40
59816 41
59824 42
59832 42
59840 41
59848 35
59856 36
59864 35
59873 36
59881 39
59889 41
59897 33
59906 35
59914 37
59922 37
59930 38
59938 37
59946 36
59954 36
59963 38
59971 39
59979 45
59987 50
59995 60
60003 57
60011 46
60020 45
60028 40
60036 42
60045 42
60053 45
60061 45
60069 43
60078 55
60086 49
60094 46
60102 43
60111 45
60119 52
60127 53
60135 51
60143 43
60152 47
60160 49
60168 52
60176 46
60184 43
60193 54
60201 54
60209 51
60217 49
60225 47
60233 39
60242 50
60250 48
60258 51
60266 47
60274 43
60282 40
60291 43
60299 47
60307 50
60315 46
60324 41
60332 45
60340 54
60348 53
60357 47
60365 52
60373 49
60381 46
60389 43
60397 41
60406 43
60414 50
60422 48
60431 48
60439 49
60447 53
60455 52
60464 46
60472 53
60480 53
60488 52
60496 45
60505 46
60513 56
60521 59
60529 54
60537 52
60546 44
60554 49
60562 52
60570 48
60578 47
60586 47
60595 44
60603 48
60611 53
60619 47
60628 45
60636 47
60644 48
60652 47
60661 51
60669 57
60677 45
60685 46
60693 44
60701 41
60709 37
60718 39
60726 44
60734 45
60742 47
60751 43
60759 51
60767 45
60775 43
60783 38
60791 36
60800 39
60808 48
60816 48
60824 52
60832 51
60840 45
60849 39
60857 48
60865 51
60873 59
60881 55
60889 46
60898 51
60906 56
60914 56
60922 55
60930 56
60938 54
60947 48
60955 54
60963 54
60971 49
60979 46
60987 43
60996 42
61004 57
61012 63
61020 58
61028 55
61036 41
61044 36
61052 34
61061 33
61069 37
61077 39
61085 36
61093 38
61102 40
61110 42
61118 42
61126 43
61134 45
61142 50
61150 50
61158 49
61166 49
61174 44
61182 37
61191 40
61199 40
61207 42
61215 44
61223 39
61231 36
61239 38
61248 44
61256 54
61264 49
61272 43
61280 42
61289 40
61297 45
61305 44
61313 47
61321 49
61329 49
61337 45
61345 37
61353 36
61362 39
61370 42
61378 40
61386 43
61394 41
61402 39
61410 39
61418 37
61427 41
61435 42
61443 41
61451 41
61459 40
61467 40
61475 42
61483 43
61491 38
61500 38
61508 40
61516 41
61524 44
61532 45
61540 44
61548 40
61557 37
61565 39
61573 36
61581 33
61589 35
61597 34
61605 34
61613 38
61622 33
61630 37
61638 41
61646 51
61654 41
61662 40
61670 40
61679 41
61687 48
61695 48
61703 47
61711 48
61719 48
61728 37
61736 41
61744 43
61752 44
61760 46
61768 48
61776 48
61784 46
61792 44
61800 41
61809 41
61817 43
61825 48
61834 40
61842 48
61850 49
61858 52
61866 51
61874 48
61882 44
61890 43
61899 44
61907 46
61915 49
61923 53
61931 40
61939 41
61948 48
61956 54
61964 52
61972 47
61980 39
61989 44
61997 46
62005 46
62013 44
62021 43
62029 49
62037 40
62046 43
62054 44
62062 51
62070 52
62078 55
62086 49
62094 43
62103 51
62111 50
62119 47
62127 44
62135 41
62144 39
62152 41
62160 45
62168 42
62176 39
62185 39
62193 42
62201 45
62209 40
62217 37
62226 35
62234 40
62242 40
62250 44
62258 45
62266 39
62274 37
62283 41
62291 42
62299 43
62307 45
62315 40
62324 43
62332 48
62340 49
62348 46
62356 48
62364 43
62372 41
62381 34
62389 36
62397 40
62405 42
62413 41
62421 42
62429 44
62437 44
62445 43
62454 39
62462 39
62470 39
62478 40
62486 38
62494 38
62502 36
62510 38
62519 43
62527 46
62535 46
62543 46
62551 40
62560 38
62568 39
62576 46
62584 47
62592 51
62600 44
62608 37
62617 40
62625 45
62633 46
62641 53
62649 50
62657 45
62665 40
62674 38
62682 43
62690 42
62698 45
62706 45
62714 42
62722 45
62730 41
62739 41
62747 48
62755 41
62763 37
62772 38
62780 41
62788 46
62796 49
62804 52
62812 52
62820 49
62828 39
62837 38
62845 39
62853 39
62861 36
62869 42
62877 40
62886 42
62894 41
62902 43
62910 39
62918 39
62927 40
62935 43
62943 42
62951 46
62959 47
62968 42
62976 45
62984 53
62992 50
63000 50
63008 48
63016 48
63024 43
63032 38
63041 39
63049 40
63057 40
63065 42
63073 42
63081 38
63090 34
63098 33
63106 31
63114 33
63122 32
63130 33
63139 35
63147 36
63155 39
63163 42
63171 47
63179 46
63187 45
63195 39
63203 41
63212 41
63220 45
63228 41
63236 39
63244 34
63253 38
63261 45
63269 46
63277 50
63285 54
63293 52
63301 46
63310 48
63318 51
63326 45
63335 40
63343 45
63351 52
63359 48
63367 44
63376 37
63384 41
63392 40
63400 47
63408 45
63416 44
63424 44
63432 44
63440 45
63448 42
63456 35
63465 36
63473 38
63481 45
63489 47
63497 50
63505 48
63513 40
63522 41
63530 44
63538 50
63546 53
63554 47
63562 45
63570 37
63579 44
63587 48
63595 49
63603 51
63611 40
63619 40
63628 41
63636 41
63644 44
63652 44
63660 45
63668 40
63676 34
63685 35
63693 39
63702 43
63710 45
63718 51
63726 51
63734 47
63742 43
63751 43
63759 51
63767 50
63776 44
63784 48
63792 47
63800 44
63808 48
63816 45
63824 43
63832 41
63841 40
63849 42
63857 43
63865 39
63873 43
63881 44
63889 36
63898 39
63906 42
63914 46
63922 50
63930 50
63938 51
63946 46
63954 42
63962 40
63970 41
63978 38
63986 32
63995 33
64003 34
64011 31
64019 32
64028 32
64035 34
64044 36
64052 37
64060 44
64068 36
64077 35
64085 38
64093 44
64101 45
64109 49
64117 46
64125 43
64133 43
64141 42
64149 35
64158 38
64166 42
64174 48
64182 47
64190 51
64198 40
64207 39
64215 41
64223 40
64231 44
64239 40
64247 40
64255 43
64263 41
64272 34
64280 40
64288 41
64296 44
64304 47
64312 38
64320 36
64329 39
64337 35
64345 42
64354 38
64362 40
64370 43
64378 47
64386 50
64394 50
64402 51
64410 47
64418 43
64426 42
64435 45
64443 40
64451 38
64459 38
64467 37
64476 41
64484 38
64492 43
64500 48
64508 50
64516 40
64524 35
64533 40
64541 42
64549 44
64557 43
64566 37
64574 35
64582 41
64590 43
64598 49
64606 47
64614 42
64622 43
64630 41
64639 38
64647 45
64655 46
64663 48
64671 52
64679 49
64687 51
64695 41
64703 35
64712 41
64720 46
64728 46
64736 43
64744 39
64752 37
64760 38
64769 39
64777 39
64785 37
64793 33
64802 34
64810 34
64818 38
64826 42
64834 47
64842 54
64850 52
64858 47
64867 48
64875 54
64883 52
64891 44
64899 38
64907 39
64915 38
64923 35
64932 35
64940 38
64948 40
64956 43
64964 42
64972 41
64980 35
64988 36
64997 40
65005 44
65013 42
65021 38
65029 40
65037 36
65046 38
65054 39
65062 43
65070 44
65078 45
65086 42
65094 41
65102 37
65110 38
65118 36
65126 34
65134 31
65143 33
65151 34
65159 39
65167 36
65176 34
65184 36
65192 38
65200 41
65208 41
65216 40
65224 41
65232 42
65240 41
65248 40
65256 38
65264 32
65272 32
65280 28
65288 29
65297 29
65305 28
65313 30
65321 34
65329 31
65337 31
65345 34
65353 33
65362 38
65370 41
65378 39
65386 41
65394 41
65402 40
65410 35
65419 40
65427 43
65435 35
65443 34
65451 35
65460 36
65468 38
65476 47
65484 50
65492 48
65500 49
65508 48
65516 45
65524 40
65533 41
65541 41
65549 40
65557 43
65565 40
65573 38
65581 36
65589 36
65597 32
65605 31
65614 36
65622 36
65630 36
65638 35
65646 34
65654 35
65662 35
65670 31
65678 33
65687 33
65695 40
65703 42
65711 41
65719 39
65727 36
65735 38
65743 36
65751 34
65760 39
65768 38
65776 39
65784 42
65792 50
65800 45
65809 46
65817 44
65825 42
65833 43
65841 38
65849 37
65858 43
65866 49
65874 47
65882 43
65890 45
65898 41
65907 40
65915 48
65923 45
65931 47
65939 52
65947 44
65956 44
65964 51
65972 56
65980 54
65988 51
65996 51
66005 42
66013 50
66021 49
66029 45
66037 37
66046 43
66054 44
66062 43
66070 40
66078 40
66086 39
66095 50
66103 53
66111 45
66119 45
66127 39
66136 42
66144 47
66152 46
66160 48
66168 45
66176 45
66185 43
66193 46
66201 49
66209 52
66217 49
66226 38
66234 45
66242 49
66250 56
66258 53
66266 43
66274 41
66283 45
66291 48
66299 48
66307 51
66315 44
66323 45
66331 40
66340 40
66348 43
66356 36
66364 36
66373 40
66381 43
66389 43
66397 38
66406 47
66414 51
66422 54
66430 51
66438 49
66446 43
66455 42
66463 44
66471 41
66479 39
66487 36
66495 36
66503 37
66511 38
66519 37
66527 36
66536 33
66544 34
66552 35
66561 34
66569 36
66577 34
66585 35
66593 36
66601 37
66609 35
66617 34
66625 34
66633 32
66641 30
66649 32
66658 37
66666 38
66674 36
66682 34
66690 38
66698 42
66706 36
66714 35
66723 39
66731 45
66739 47
66747 46
66755 46
66763 42
66771 38
66779 29
66787 31
66795 32
66804 35
66812 30
66820 31
66828 35
66836 36
66844 34
66852 36
66860 32
66868 32
66876 29
66884 27
66892 26
66900 26
66909 27
66917 29
66925 25
66934 26
66942 28
66950 29
66958 31
66966 29
66974 31
66982 30
66990 31
66999 31
67007 33
67015 36
67023 41
67031 38
67039 38
67047 33
67055 31
67063 35
67072 33
67080 33
67088 35
67096 33
67104 35
67112 36
67120 33
67128 34
67136 33
67144 32
67152 35
67161 33
67169 34
67177 40
67185 42
67193 45
67201 41
67209 38
67218 37
67226 37
67234 39
67242 46
67250 41
67258 42
67266 40
67274 38
67283 34
67291 36
67299 39
67307 40
67315 40
67323 39
67331 40
67339 40
67348 42
67356 47
67364 46
67372 40
67380 37
67389 38
67397 42
67405 43
67413 47
67422 42
67430 46
67438 46
67446 46
67454 41
67463 40
67471 43
67479 48
67487 42
67495 38
67503 38
67512 38
67520 40
67528 41
67536 44
67544 42
67552 42
67560 45
67568 38
67576 37
67585 32
67593 34
67601 39
67609 38
67617 32
67625 32
67634 36
67642 36
67650 39
67658 40
67666 41
67674 41
67682 43
67690 51
67698 50
67706 49
67714 52
67722 49
67730 47
67738 45
67746 43
67754 39
67762 41
67771 38
67779 43
67787 47
67795 48
67803 45
67811 42
67820 44
67828 52
67836 48
67844 43
67852 38
67861 36
67869 41
67878 39
67886 40
67894 45
67902 48
67910 45
67918 41
67926 40
67935 45
67943 54
67951 61
67959 63
67967 51
67975 46
67984 48
67992 47
68000 47
68008 44
68016 39
68025 45
68033 46
68041 44
68049 38
68058 42
68066 49
68074 52
68082 52
68090 51
68098 46
68107 45
68115 52
68123 54
68131 46
68139 39
68148 38
68156 41
68164 42
68172 46
68180 46
68188 47
68196 41
68204 44
68212 38
68220 41
68229 50
68237 57
68245 52
68254 44
68262 46
68270 47
68278 51
68286 42
68294 39
68303 39
68311 44
68319 55
68327 51
68335 46
68344 59
68352 56
68360 49
68368 48
68376 46
68385 58
68393 56
68401 57
68409 54
68418 47
68426 55
68434 63
68442 59
68450 42
68459 40
68467 45
68475 47
68483 40
68492 38
68500 45
68508 51
68516 53
68524 47
68533 47
68541 51
68549 55
68558 55
68566 55
68574 50
68583 52
68591 46
68599 47
68607 47
68616 40
68624 46
68632 49
68640 50
68648 48
68656 43
68664 37
68672 38
68681 42
68689 46
68697 48
68705 41
68714 42
68722 45
68730 46
68738 46
68746 44
68754 45
68763 48
68771 51
68779 52
68787 48
68796 48
68804 43
68812 48
68820 42
68829 43
68837 51
68845 51
68853 50
68861 46
68869 41
68878 40
68886 44
68894 49
68902 50
68910 55
68918 54
68926 52
68934 46
68942 45
68950 38
68959 38
68967 36
68975 37
68983 31
68992 31
69000 31
69008 29
69016 32
69024 33
69032 34
69040 33
69048 36
69056 34
69065 36
69073 39
69081 42
69089 39
69097 37
69105 38
69113 41
69121 37
69129 39
69137 40
69145 38
69154 37
69162 36
69170 40
69178 40
69187 48
69195 43
69203 44
69211 43
69220 44
69228 52
69236 50
69244 41
69253 43
69261 52
69269 56
69277 54
69285 55
69293 56
69301 52
69309 49
69317 42
69326 46
69334 45
69342 45
69350 49
69358 44
69366 41
69375 39
69383 41
69391 46
69399 41
69407 37
69416 39
69424 44
69432 50
69440 48
69448 47
69456 47
69464 42
69472 40
69481 41
69489 44
69497 42
69505 46
69513 44
69521 41
69529 42
69537 38
69545 37
69553 35
69562 38
69570 40
69578 42
69586 44
69594 45
69602 46
69610 44
69618 42
69626 35
69635 37
69643 40
69651 42
69659 41
69667 40
69675 41
69683 34
69692 35
69700 37
69708 40
69716 40
69724 40
69732 41
69740 44
69748 38
69756 39
69764 37
69772 31
69781 32
69789 34
69797 38
69806 40
69814 44
69822 46
69830 49
69838 53
69846 46
69854 49
69862 45
69870 40
69878 37
69887 37
69895 38
69903 43
69911 46
69919 43
69927 43
69935 37
69943 33
69951 33
69960 35
69968 36
69976 39
69984 34
69992 33
70000 29
70009 32
70017 35
70025 36
70033 35
70041 41
70049 42
70057 43
70065 41
70073 40
70081 36
70089 36
70098 36
70106 41
70114 40
70122 41
70130 42
70138 42
70146 43
70154 40
70162 36
70170 33
70178 31
70187 39
70195 39
70203 45
70211 42
70219 41
70227 36
70236 43
70244 44
70252 44
70260 42
70268 43
70276 40
70285 43
70293 50
70302 38
70310 46
70318 46
70326 48
70334 51
70342 49
70350 45
70359 48
70367 39
70375 40
70383 44
70391 43
70400 48
70408 52
70416 48
70425 42
70433 51
70441 55
70449 54
70457 47
70465 49
70473 44
70482 38
70490 31
70498 33
70506 35
70515 35
70523 34
70531 41
70539 44
70547 42
70555 39
70564 41
70572 45
70580 44
70588 45
70596 45
70604 40
70612 41
70621 41
70629 43
70637 53
70645 53
70653 56
70661 59
70669 52
70678 48
70686 56
70694 48
70702 40
70711 45
70719 52
70727 56
70735 58
70743 48
70751 42
70760 48
70768 51
70776 45
70784 44
70792 40
70801 41
70809 48
70817 48
70825 50
70833 50
70841 44
70849 41
70858 39
70866 46
70874 54
70882 58
70890 54
70898 49
70907 53
70915 55
70923 52
70931 49
70939 40
70948 41
70956 40
70964 40
70972 37
70980 39
70989 41
70997 36
71005 39
71013 41
71022 43
71030 47
71038 52
71046 53
71054 52
71062 52
71070 56
71078 46
71086 43
71095 38
71103 36
71111 39
71119 38
71127 43
71136 40
71144 48
71152 49
71160 47
71168 45
71176 46
71184 45
71192 38
71200 36
71209 39
71217 36
71225 39
71234 43
71242 41
71250 36
71258 37
71266 40
71274 39
71283 36
71291 42
71299 47
71307 46
71315 41
71323 41
71332 38
71340 40
71348 43
71356 42
71364 39
71372 42
71381 40
71389 45
71397 48
71405 43
71413 44
71421 37
71430 39
71438 40
71446 48
71454 48
71462 48
71470 51
71478 44
71486 39
71495 40
71503 45
71511 48
71519 48
71527 45
71535 49
71544 43
71552 42
71560 41
71568 43
71576 39
71584 36
71593 45
71601 37
71609 37
71617 40
71625 39
71633 36
71641 34
71650 37
71658 43
71666 45
71674 49
71682 46
71690 42
71698 38
71706 36
71715 36
71723 39
71731 39
71739 39
71747 40
71755 38
71764 42
71772 45
71780 45
71788 46
71796 44
71804 44
71812 40
71820 37
71829 41
71837 47
71845 45
71853 39
71861 38
71869 39
71878 36
71886 40
71894 43
71902 41
71910 40
71918 37
71926 38
71934 35
71943 37
71951 37
71959 37
71967 37
71975 38
71983 41
71991 40
72000 34
72008 37
72016 39
72024 45
72032 39
72040 36
72048 36
72057 36
72065 41
72073 41
72081 44
72089 48
72097 40
72106 48
72114 50
72122 45
72130 44
72138 39
72146 44
72154 39
72162 35
72171 41
72179 46
72187 44
72195 44
72203 42
72211 38
72219 39
72227 37
72236 36
72244 33
72252 33
72260 35
72268 35
72277 36
72285 38
72293 38
72301 38
72309 41
72317 38
72325 41
72333 41
72341 43
72349 35
72357 36
72365 35
72374 39
72382 38
72390 42
72398 45
72406 44
72414 36
72423 38
72431 37
72439 38
72447 41
72455 41
72463 39
72471 43
72479 38
72487 34
72495 32
72504 33
72512 34
72520 34
72528 38
72536 35
72544 41
72552 40
72560 38
72569 35
72577 35
72585 36
72593 37
72601 37
72609 40
72617 40
72625 42
72633 34
72641 34
72650 44
72658 43
72666 42
72675 43
72683 55
72691 60
72699 50
72708 43
72716 41
72724 38
72732 42
72740 49
72748 39
72756 35
72765 40
72773 45
72781 47
72789 50
72797 42
72806 38
72814 44
72822 52
72830 52
72838 47
72846 49
72854 46
72862 44
72870 42
72879 42
72887 46
72895 53
72903 57
72911 54
72919 51
72927 49
72935 44
72943 43
72951 41
72960 41
72968 40
72976 46
72984 45
72992 39
73000 39
73009 37
73017 40
73025 38
73033 44
73041 43
73049 42
73058 39
73066 43
73074 42
73082 36
73090 37
73098 34
73106 32
73115 34
73123 33
73131 38
73139 40
73147 40
73155 46
73163 42
73171 38
73179 34
73188 34
73196 36
73204 39
73212 42
73220 43
73228 44
73236 46
73244 46
73252 47
73260 45
73268 46
73276 39
73284 38
73293 39
73301 41
73309 44
73317 43
73325 42
73333 41
73341 34
73350 34
73358 28
73367 30
73375 33
73383 35
73391 37
73399 43
73407 38
73415 42
73423 39
73431 41
73439 37
73447 38
73456 38
73464 34
73472 40
73480 40
73488 40
73496 40
73504 44
73512 44
73520 43
73528 40
73536 38
73544 36
73552 38
73561 43
73569 44
73577 44
73585 43
73593 40
73601 40
73609 33
73617 32
73626 33
73635 33
73643 37
73651 37
73659 38
73667 47
73675 50
73683 51
73691 44
73699 43
73708 39
73716 41
73724 43
73732 44
73740 42
73748 44
73756 44
73764 43
73772 35
73781 34
73789 39
73797 44
73805 45
73813 40
73821 36
73830 40
73838 39
73846 40
73854 44
73862 39
73871 43
73879 53
73887 52
73895 51
73903 52
73912 40
73920 43
73928 42
73936 42
73944 43
73952 37
73961 45
73969 48
73977 52
73985 49
73993 48
74001 45
74009 39
74017 39
74026 44
74034 45
74042 41
74050 45
74058 35
74067 38
74075 42
74083 46
74091 44
74099 46
74107 36
74115 32
74123 34
74131 32
74139 33
74148 33
74156 31
74164 36
74172 35
74180 35
74189 35
74197 38
74205 36
74213 39
74221 39
74229 45
74237 46
74245 46
74253 49
74261 51
74269 50
74277 46
74285 41
74294 39
74302 37
74310 44
74318 44
74326 42
74335 39
74343 47
74351 52
74359 48
74367 39
74375 38
74384 38
74392 44
74400 43
74408 48
74416 41
74425 40
74433 41
74441 44
74449 48
74457 46
74465 47
74473 38
74482 39
74490 42
74498 43
74506 42
74514 45
74522 45
74530 45
74538 40
74546 36
74555 34
74563 37
74571 35
74579 35
74587 38
74595 39
74603 41
74611 44
74619 39
74628 39
74636 45
74644 50
74652 47
74660 46
74668 47
74676 43
74684 35
74693 38
74701 38
74709 43
74717 49
74725 45
74734 47
74742 57
74750 62
74758 58
74766 51
74775 40
74783 45
74791 44
74799 47
74807 41
74815 40
74823 40
74832 53
74840 45
74849 45
74857 51
74865 50
74873 52
74881 50
74889 49
74897 44
74906 48
74914 51
74922 57
74930 58
74938 50
74946 44
74955 45
74963 45
74971 43
74979 36
74987 38
74996 41
75004 45
75012 54
75020 54
75028 48
75037 43
75045 42
75053 46
75061 44
75069 47
75077 40
75086 41
75094 49
75102 55
75110 59
75118 54
75127 42
75135 44
75143 44
75151 40
75160 44
75168 44
75176 44
75184 45
75192 46
75201 44
75209 42
75217 49
75225 44
75233 39
75242 39
75250 43
75258 45
75266 49
75274 47
75282 46
75291 42
75299 40
75307 45
75315 43
75323 41
75331 39
75340 39
75348 41
75356 49
75364 51
75372 46
75380 46
75388 44
75396 40
75404 34
75413 36
75421 35
75429 35
75438 32
75446 34
75454 39
75462 39
75470 37
75478 38
75486 37
75494 37
75502 37
75510 38
75518 37
75527 40
75535 42
75543 50
75551 50
75559 47
75567 40
75576 38
75584 44
75592 48
75600 39
75608 43
75616 39
75625 40
75633 45
75641 49
75649 54
75657 51
75665 47
75673 47
75681 46
75689 43
75697 40
75706 41
75714 46
75722 45
75730 43
75738 43
75746 39
75755 42
75763 52
75771 55
75779 52
75787 47
75795 44
75803 38
75812 41
75820 42
75828 51
75836 52
75844 52
75852 38
75861 46
75869 44
75877 42
75885 41
75893 42
75901 42
75910 40
75918 43
75926 50
75934 50
75942 52
75950 50
75958 45
75966 40
75974 38
75983 42
75991 46
75999 52
76007 52
76015 39
76024 41
76032 41
76040 47
76048 52
76056 49
76064 45
76073 56
76081 61
76089 59
76097 51
76105 41
76114 52
76122 51
76130 56
76138 46
76146 40
76155 39
76163 43
76171 45
76179 57
76187 46
76196 45
76204 48
76212 49
76221 40
76229 44
76237 45
76245 45
76253 45
76261 42
76270 38
76278 43
76286 38
76295 42
76303 44
76311 48
76319 40
76327 37
76335 43
76344 41
76352 45
76360 43
76368 47
76376 47
76384 50
76392 42
76401 46
76409 46
76417 47
76425 47
76433 42
76442 41
76450 44
76458 48
76466 48
76474 49
76482 44
76490 43
76498 39
76507 47
76515 50
76523 45
76531 44
76539 42
76548 44
76556 48
76564 53
76572 59
76580 57
76588 52
76596 45
76605 51
76613 53
76621 53
76629 50
76637 44
76646 39
76654 45
76662 47
76671 38
76679 40
76687 52
76695 50
76703 48
76711 50
76719 49
76728 49
76736 50
76744 55
76752 49
76760 38
76768 36
76777 39
76785 46
76793 43
76801 47
76809 41
76817 38
76826 33
76834 33
76842 33
76850 36
76858 39
76866 35
76874 37
76882 36
76891 33
76899 35
76907 38
76915 40
76923 47
76931 39
76939 33
76948 32
76956 39
76964 41
76972 39
76980 42
76988 45
76996 41
77004 36
77013 39
77021 44
77029 42
77037 43
77045 41
77053 44
77061 36
77070 51
77078 54
77086 54
77094 45
77102 42
77111 37
77119 34
77127 32
77135 37
77143 36
77152 39
77160 44
77168 42
77176 43
77185 42
77193 50
77201 53
77209 54
77217 52
77225 54
77233 53
77242 52
77250 45
77258 45
77266 40
77274 39
77283 40
77291 38
77299 42
77307 45
77315 49
77323 44
77332 39
77340 43
77348 48
77356 50
77364 51
77372 43
77380 48
77388 46
77396 39
77405 36
77413 41
77421 44
77429 41
77438 39
77446 49
77454 49
77462 50
77470 47
77478 47
77486 41
77495 42
77503 42
77511 43
77519 43
77527 45
77535 41
77544 37
77552 45
77560 51
77568 52
77576 49
77584 47
77592 43
77601 50
77609 52
77617 53
77625 57
77633 52
77641 48
77649 43
77658 50
77666 51
77674 60
77682 56
77690 45
77699 41
77707 47
77715 50
77723 37
77731 34
77740 33
77748 40
77756 37
77765 36
77773 36
77781 43
77789 41
77797 43
77805 48
77813 46
77821 50
77829 47
77837 45
77846 47
77854 47
77862 44
77870 47
77878 48
77886 47
77895 41
77903 45
77911 55
77919 46
77927 43
77935 41
77943 38
77952 44
77960 51
77968 43
77977 39
77985 41
77993 42
78001 43
78009 48
78017 44
78025 41
78034 42
78042 50
78050 54
78058 54
78066 49
78075 44
78083 56
78091 58
78099 59
78107 49
78116 44
78124 49
78132 56
78140 60
78148 49
78156 42
78165 49
78173 53
78181 50
78189 49
78197 42
78206 41
78214 46
78222 43
78230 36
78239 42
78247 47
78255 45
78263 45
78271 41
78279 44
78287 40
78295 38
78303 37
78312 38
78320 43
78328 46
78336 47
78344 52
78352 48
78360 43
78369 39
78377 40
78385 42
78393 38
78401 39
78409 38
78418 40
78426 45
78434 48
78442 46
78450 47
78458 45
78466 40
78475 40
78483 46
78491 40
78499 37
78507 37
78515 37
78524 41
78532 43
78540 52
78548 54
78556 54
78564 48
78572 43
78581 54
78589 50
78597 47
78605 44
78613 41
78622 41
78630 45
78638 48
78646 49
78654 56
78662 49
78670 49
78679 44
78687 43
78695 46
78703 50
78711 49
78719 46
78727 43
78735 42
78743 33
78752 34
78760 38
78768 33
78776 32
78784 32
78792 32
78800 37
78809 34
78817 34
78825 35
78833 42
78841 39
78849 41
78857 34
78865 35
78873 32
78882 32
78890 38
78898 41
78906 41
78915 37
78923 44
78931 45
78939 48
78947 46
78955 43
78963 39
78971 37
78979 40
78988 38
78996 41
79004 46
79012 42
79020 38
79028 34
79036 33
79045 36
79053 37
79061 47
79069 47
79077 47
79085 46
79093 38
79102 37
79110 42
79118 43
79126 42
79134 42
79142 46
79150 42
79158 42
79166 42
79175 38
79183 42
79191 43
79199 42
79207 44
79215 40
79223 34
79232 36
79240 33
79248 36
79256 39
79264 42
79272 40
79280 41
79289 40
79297 44
79305 51
79313 44
79322 42
79330 46
79338 50
79346 52
79354 56
79362 55
79370 49
79378 37
79387 38
79395 34
79403 34
79411 33
79419 34
79427 35
79435 37
79444 34
79452 37
79460 45
79468 41
79477 42
79485 48
79493 51
79501 58
79509 52
79517 46
79525 39
79534 41
79542 43
79550 43
79558 44
79566 45
79574 45
79583 45
79591 43
79599 44
79607 49
79615 45
79623 49
79631 51
79639 48
79647 46
79655 39
79664 43
79672 41
79680 40
79688 42
79696 38
79704 38
79713 37
79721 40
79729 43
79737 50
79745 44
79753 42
79762 38
79770 46
79778 47
79786 49
79794 53
79802 49
79810 45
79818 39
79827 42
79835 46
79843 50
79851 47
79860 41
79868 50
79876 54
79884 56
79892 54
79900 53
79909 50
79917 56
79925 55
79933 53
79941 43
79950 41
79958 47
79966 49
79974 38
79983 40
79991 46
79999 51
80007 49
80015 48
80023 41
80032 38
80040 44
80048 43
80056 40
80064 39
80073 43
80081 45
80089 49
80097 51
80105 51
80113 48
80121 50
80129 46
80137 44
80146 45
80154 45
80162 45
80170 45
80178 41
80187 48
80195 54
80203 57
80211 38
80220 32
80228 33
80236 37
80244 43
80252 40
80261 46
80269 45
80277 49
80285 48
80293 43
80301 45
80309 42
80317 41
80325 38
80334 34
80342 38
80350 40
80358 44
80366 45
80374 38
80383 37
80391 39
80399 40
80407 46
80415 51
80423 45
80432 41
80440 51
80448 53
80456 56
80464 58
80472 53
80481 53
80489 54
80497 54
80505 48
80514 46
80522 55
80530 52
80538 47
80546 43
80555 51
80563 49
80571 51
80579 46
80588 46
80596 46
80604 51
80612 53
80620 47
80628 40
80637 38
80645 48
80653 46
80661 45
80669 49
80677 43
80686 37
80694 41
80702 40
80710 41
80718 41
80726 39
80735 41
80743 49
80751 46
80759 43
80767 41
80775 38
80784 36
80792 36
80800 37
80808 40
80816 37
80824 42
80833 34
80841 41
80849 44
80857 49
80865 45
80873 48
80881 40
80890 39
80898 40
80906 40
80914 40
80922 39
80930 41
80938 41
80946 41
80954 41
80963 41
80971 38
80979 42
80987 35
80995 35
81004 36
81012 38
81020 42
81028 45
81036 48
81044 49
81052 49
81060 41
81068 38
81076 35
81085 39
81093 43
81101 44
81109 45
81117 47
81125 49
81133 46
81141 44
81150 43
81158 45
81166 46
81174 46
81182 46
81190 45
81198 46
81206 41
81215 42
81223 51
81231 53
81239 41
81247 35
81256 32
81264 34
81272 34
81280 33
81288 37
81296 40
81305 44
81313 44
81321 45
81329 46
81337 43
81345 39
81354 41
81362 41
81370 42
81378 42
81386 49
81394 49
81402 43
81411 42
81419 49
81427 51
81435 47
81443 44
81451 39
81460 43
81468 44
81476 50
81484 51
81492 49
81500 50
81508 45
81516 39
81524 38
81533 39
81541 43
81549 44
81557 34
81565 37
81573 37
81581 35
81590 39
81598 42
81606 44
81614 42
81622 38
81630 32
81639 36
81647 38
81655 39
81663 37
81671 36
81679 35
81688 36
81696 35
81704 36
81712 39
81720 43
81728 45
81736 45
81744 46
81752 42
81760 41
81768 38
81776 33
81785 31
81793 36
81801 38
81809 35
81817 34
81826 34
81834 40
81842 42
81850 42
81858 43
81866 46
81874 44
81882 41
81890 35
81899 39
81907 42
81915 42
81923 40
81931 36
81939 35
81948 35
81956 36
81964 38
81972 41
81980 40
81988 41
81996 37
82004 38
82012 36
82020 32
82028 32
82037 31
82045 37
82053 35
82061 34
82069 32
82078 34
82086 39
82094 41
82102 40
82110 38
82118 40
82126 41
82134 41
82142 43
82150 37
82159 41
82167 48
82175 50
82183 57
82191 51
82199 48
82208 45
82216 45
82224 46
82232 45
82241 42
82249 43
82257 42
82265 39
82274 48
82282 45
82290 46
82298 48
82306 46
82314 44
82323 43
82331 59
82339 56
82347 53
82355 45
82363 43
82372 47
82380 39
82388 37
82396 34
82405 39
82413 39
82421 43
82429 45
82437 43
82445 44
82453 38
82461 39
82469 41
82477 42
82486 41
82494 37
82502 40
82510 42
82518 41
82526 43
82534 42
82542 41
82551 45
82559 44
82567 46
82575 49
82583 41
82592 47
82600 56
82608 54
82616 62
82624 55
82633 53
82641 48
82649 49
82658 49
82666 48
82674 54
82682 47
82691 52
82699 46
82707 49
82715 47
82723 38
82731 37
82739 34
82748 35
82756 39
82764 43
82772 41
82780 39
82788 38
82796 35
82804 36
82813 36
82821 36
82829 41
82837 39
82845 36
82853 36
82861 36
82870 37
82878 37
82886 42
82894 46
82902 46
82910 44
82918 43
82926 40
82935 39
82943 42
82951 43
82959 46
82967 48
82975 45
82983 44
82991 47
82999 44
83007 45
83015 36
83023 38
83032 31
83040 30
83048 29
83056 28
83064 28
83072 27
83080 27
83089 29
83097 30
83105 29
83113 29
83121 31
83129 32
83137 32
83145 33
83153 34
83161 37
83169 33
83177 31
83185 30
83193 30
83201 30
83210 35
83218 37
83226 36
83235 35
83243 36
83251 39
83259 37
83267 41
83275 40
83283 42
83291 40
83299 41
83307 41
83316 42
83324 44
83332 45
83340 49
83348 49
83356 48
83364 44
83373 43
83381 50
83389 49
83397 40
83406 39
83414 45
83422 44
83430 48
83438 46
83446 51
83454 46
83463 43
83471 47
83479 53
83487 48
83495 46
83503 45
83511 41
83520 38
83528 39
83536 38
83544 34
83552 33
83561 38
83569 47
83577 48
83585 56
83593 46
83601 44
83609 39
83618 40
83626 46
83634 49
83642 46
83650 44
83658 41
83666 42
83674 40
83683 38
83691 44
83699 44
83707 41
83715 40
83723 41
83731 39
83740 42
83748 40
83756 43
83764 46
83772 45
83780 46
83788 44
83796 39
83805 46
83813 49
83821 50
83829 48
83837 50
83845 50
83853 45
83861 42
83869 34
83878 41
83886 40
83894 44
83902 41
83910 39
83919 36
83927 39
83935 38
83943 41
83951 37
83959 41
83967 41
83976 40
83984 38
83992 41
84000 40
84008 45
84016 45
84024 43
84032 40
84041 41
84049 47
84057 47
84065 48
84073 43
84081 35
84090 38
84098 40
84106 42
84114 50
84122 48
84130 47
84138 42
84147 42
84155 46
84163 47
84171 48
84179 52
84187 51
84195 44
84203 40
84212 42
84220 44
84228 46
84236 48
84244 48
84252 48
84260 48
84268 42
84277 48
84285 47
84293 47
84301 44
84309 39
84318 38
84326 41
84334 45
84342 49
84350 50
84358 48
84366 41
84375 40
84383 42
84391 41
84399 45
84407 44
84415 41
84424 38
84432 42
84440 42
84448 43
84456 42
84464 40
84472 41
84481 41
84489 45
84497 52
84505 54
84513 50
84521 44
84530 41
84538 50
84546 50
84554 44
84563 39
84571 40
84579 39
84587 36
84595 36
84603 36
84611 37
84619 36
84628 40
84636 40
84644 41
84652 42
84660 43
84668 41
84676 36
84684 34
84693 37
84701 35
84709 43
84717 45
84725 49
84733 48
84741 45
84749 41
84758 42
84766 41
84774 40
84782 46
84790 42
84799 53
84807 47
84815 50
84823 54
84831 51
84839 42
84848 50
84856 47
84864 48
84872 44
84880 44
84888 41
84897 40
84905 41
84913 42
84921 35
84930 38
84938 42
84946 40
84954 40
84962 41
84970 39
84978 38
84987 36
84995 37
85003 40
85011 44
85019 45
85027 43
85035 42
85043 38
85051 38
85060 43
85068 43
85076 46
85084 50
85092 48
85100 44
85109 44
85117 52
85125 48
85133 46
85142 44
85150 45
85158 49
85166 45
85174 45
85182 37
85191 35
85199 34
85207 38
85215 38
85223 38
85231 38
85239 37
85247 36
85256 41
85264 40
85272 41
85280 35
85288 33
85296 32
85304 31
85313 34
85321 35
85329 34
85337 35
85345 33
85353 32
85361 32
85369 34
85377 36
85385 34
85393 31
85402 32
85410 36
85418 36
85426 33
85434 35
85442 38
85450 39
85458 39
85466 34
85474 33
85483 34
85491 37
85499 38
85507 38
85515 38
85523 39
85531 37
85540 39
85548 42
85556 46
85564 48
85572 46
85580 44
85588 43
85596 46
85604 44
85612 40
85620 33
85628 34
85636 31
85645 28
85654 32
85662 35
85670 35
85678 35
85686 34
85694 38
85702 41
85710 40
85718 41
85726 40
85734 39
85743 39
85751 38
85759 40
85767 43
85775 43
85783 41
85791 37
85800 40
85808 39
85816 38
85824 38
85832 36
85841 38
85849 40
85857 40
85865 42
85873 42
85881 45
85889 42
85898 44
85906 48
85914 51
85922 45
85930 45
85938 44
85946 40
85955 38
85963 44
85971 47
85979 48
85987 48
85995 43
86003 43
86011 40
86019 38
86028 39
86036 39
86044 42
86052 48
86060 49
86068 45
86076 42
86085 39
86093 42
86101 50
86109 48
86117 41
86126 42
86134 41
86142 39
86150 49
86158 47
86166 46
86174 36
86183 35
86191 41
86199 46
86207 41
86215 45
86223 46
86231 37
86240 37
86248 43
86256 47
86264 54
86272 52
86280 46
86289 45
86297 44
86305 43
86313 48
86321 48
86329 47
86338 39
86346 46
86354 53
86362 49
86371 46
86379 49
86387 47
86395 49
86403 46
86411 45
86420 41
86428 45
86436 49
86444 51
86452 48
86460 50
86468 43
86477 48
86485 50
86493 52
86501 50
86509 43
86518 48
86526 57
86534 53
86542 53
86550 47
86558 38
86568 37
86576 39
86584 40
86592 40
86600 40
86608 37
86616 41
86625 42
86633 47
86641 50
86649 52
86657 39
86666 44
86674 50
86682 44
86690 44
86698 38
86707 41
86715 39
86723 36
86731 37
86739 38
86747 36
86756 37
86764 41
86772 46
86780 44
86788 48
86796 44
86805 41
86813 45
86821 59
86829 53
86837 45
86845 40
86853 32
86862 34
86870 36
86878 36
86886 36
86894 35
86903 34
86911 35
86919 36
86927 37
86935 39
86943 38
86951 34
86960 34
86968 35
86976 39
86984 41
86992 39
87000 40
87008 42
87016 42
87024 38
87032 35
87041 36
87049 42
87057 43
87065 49
87073 49
87082 40
87090 35
87098 35
87106 34
87114 35
87122 39
87130 40
87138 37
87147 42
87155 43
87163 40
87171 37
87179 37
87187 40
87195 37
87203 36
87212 37
87220 38
87228 39
87236 41
87244 40
87253 42
87261 41
87269 39
87277 41
87285 44
87293 39
87302 41
87310 43
87318 47
87326 47
87334 45
87342 43
87350 43
87358 44
87366 44
87375 39
87383 37
87391 39
87399 38
87408 35
87416 38
87424 48
87432 52
87440 49
87448 47
87457 42
87465 49
87473 53
87481 47
87489 46
87497 43
87506 39
87514 43
87522 40
87531 37
87539 41
87547 50
87555 49
87563 47
87571 45
87580 44
87588 55
87596 46
87604 40
87612 36
87620 39
87628 36
87637 41
87645 43
87653 41
87661 46
87669 48
87677 48
87685 46
87693 46
87701 38
87710 39
87718 41
87727 38
87735 42
87743 43
87751 48
87759 49
87767 49
87775 48
87783 43
87791 41
87800 39
87808 43
87816 45
87824 42
87832 42
87840 39
87848 36
87857 36
87865 40
87873 41
87881 42
87889 46
87897 51
87905 50
87913 51
87921 44
87929 34
87937 34
87945 36
87953 35
87962 31
87970 39
87978 41
87986 38
87994 36
88003 33
88011 39
88019 39
88027 43
88035 45
88043 39
88051 35
88060 34
88068 34
88076 37
88084 37
88092 36
88100 35
88109 42
88117 44
88125 44
88133 45
88141 44
88149 44
88157 43
88165 39
88173 39
88181 36
88189 36
88197 35
88205 33
88213 33
88222 32
88230 36
88238 34
88246 34
88254 33
88262 32
88270 32
88279 39
88287 44
88295 50
88303 49
88311 40
88320 43
88328 40
88336 39
88344 37
88353 46
88361 47
88369 52
88377 56
88385 46
88393 40
88401 39
88410 43
88418 45
88426 44
88434 46
88442 44
88450 43
88458 43
88466 36
88475 36
88483 41
88491 43
88499 44
88507 50
88515 50
88523 48
88531 40
88540 42
88548 53
88556 50
88564 46
88572 43
88580 40
88589 42
88597 40
88605 42
88613 41
88621 41
88629 38
88637 39
88645 38
88653 33
88662 33
88670 34
88678 35
88686 34
88695 42
88703 46
88711 49
88719 47
88727 43
88736 38
88744 41
88752 42
88760 46
88768 49
88776 49
88784 50
88792 51
88800 51
88808 47
88816 38
88825 39
88833 44
88841 43
88849 42
88857 43
88865 42
88873 41
88881 38
88890 35
88898 42
88906 40
88914 41
88922 41
88930 43
88938 40
88947 42
88955 42
88963 44
88971 47
88979 42
88987 40
88996 42
89004 47
89012 43
89020 52
89028 50
89036 43
89044 44
89052 37
89061 35
89069 40
89077 43
89085 41
89094 42
89102 52
89110 61
89118 63
89126 61
89134 52
89142 45
89151 42
89159 46
89167 47
89176 52
89184 56
89192 53
89200 43
89209 50
89217 52
89225 56
89233 57
89241 46
89250 40
89258 47
89266 49
89274 51
89282 48
89291 43
89299 51
89307 57
89315 47
89323 42
89332 45
89340 50
89348 50
89356 44
89364 38
89373 35
89381 39
89389 39
89397 36
89405 36
89413 39
89422 41
89430 44
89438 45
89446 42
89454 41
89462 38
89470 37
89478 36
89487 38
89495 41
89503 47
89511 43
89519 40
89527 36
89535 34
89544 37
89552 38
89560 40
89568 39
89576 40
89584 37
89593 43
89601 40
89609 43
89617 44
89625 43
89633 45
89641 42
89649 38
89658 42
89666 44
89674 43
89682 43
89690 41
89698 40
89706 40
89714 39
89722 37
89731 37
89739 41
89747 41
89755 37
89764 43
89772 50
89780 44
89788 42
89796 43
89804 37
89813 39
89821 42
89829 44
89837 41
89845 41
89854 40
89862 36
89870 42
89878 48
89886 48
89894 42
89902 44
89911 43
89919 45
89927 46
89935 45
89943 42
89951 46
89959 41
89968 43
89976 50
89984 43
89992 44
90000 39
90008 44
90017 38
90025 39
90033 38
90041 43
90049 44
90057 47
90065 41
90073 41
90081 37
90090 34
90098 37
90106 39
90114 39
90122 38
90130 35
90138 36
90146 37
90155 36
90163 36
90171 36
90179 36
90187 38
90195 36
90204 36
90212 38
90220 37
90228 37
90236 40
90244 44
90252 41
90260 40
90268 36
90276 36
90285 38
90293 37
90301 40
90309 39
90317 44
90325 44
90333 36
90341 41
90349 38
90357 38
90366 40
90374 46
90382 47
90390 45
90398 43
90406 42
90414 36
90423 38
90431 42
90439 43
90447 41
90455 44
90463 49
90471 39
90480 41
90488 40
90496 42
90504 45
90512 42
90521 47
90529 44
90537 46
90545 44
90554 42
90562 42
90570 47
90578 55
90586 50
90595 45
90603 50
90611 55
90619 60
90627 57
90636 48
90644 57
90652 47
90661 43
90669 48
90677 48
90685 49
90693 43
90702 44
90710 46
90718 51
90726 59
90734 55
90742 53
90751 39
90759 38
90768 42
90776 47
90784 48
90792 43
90800 40
90808 41
90817 40
90825 41
90833 39
90841 41
90849 42
90857 39
90866 48
90874 54
90882 54
90890 49
90898 41
90906 39
90915 42
90923 50
90931 55
90939 47
90948 44
90956 43
90964 48
90972 45
90980 46
90988 48
90996 42
91005 47
91013 50
91021 38
91030 43
91038 49
91046 46
91054 52
91062 42
91070 38
91079 40
91087 42
91095 45
91103 41
91112 39
91120 39
91128 45
91136 44
91144 48
91152 49
91160 48
91168 47
91176 47
91185 37
91193 40
91201 42
91209 44
91217 41
91225 41
91233 39
91241 41
91249 37
91257 36
91265 38
91273 38
91282 33
91290 33
91298 32
91306 33
91314 30
91322 33
91330 34
91339 36
91347 38
91355 38
91363 42
91371 39
91379 43
91387 38
91395 35
91403 35
91412 35
91420 36
91428 37
91436 39
91444 41
91453 39
91461 44
91469 48
91477 43
91485 40
91493 42
91501 40
91510 42
91518 49
91526 51
91534 51
91542 52
91550 41
91559 43
91567 47
91575 56
91583 51
91591 49
91599 43
91607 38
91616 36
91624 47
91632 44
91640 42
91648 40
91657 39
91665 41
91673 44
91681 41
91689 41
91697 41
91705 43
91713 42
91721 40
91730 38
91738 39
91746 42
91754 38
91762 37
91771 37
91779 38
91787 38
91795 38
91803 38
91811 39
91819 42
91827 41
91835 43
91843 38
91852 44
91860 45
91868 41
91876 39
91884 39
91892 36
91901 41
91909 43
91917 45
91925 49
91933 45
91941 42
91949 37
91957 36
91966 37
91974 41
91982 41
91990 41
91998 43
92007 43
92015 45
92023 50
92031 54
92039 52
92047 52
92056 40
92064 45
92072 44
92080 43
92088 42
92096 39
92104 36
92113 47
92121 48
92129 49
92137 43
92145 39
92154 44
92162 38
92170 42
92178 43
92186 38
92195 48
92203 50
92211 54
92219 58
92227 55
92236 40
92244 48
92252 46
92260 53
92268 49
92276 47
92284 44
92293 49
92301 45
92309 42
92317 40
92326 47
92334 54
92342 55
92350 42
92359 39
92367 47
92375 48
92383 55
92391 48
92399 45
92408 55
92416 50
92424 51
92432 44
92441 44
92449 45
92457 42
92466 48
92474 47
92482 52
92490 50
92498 51
92506 45
92514 40
92522 37
92531 37
92539 44
92547 43
92555 43
92563 43
92571 43
92579 41
92587 37
92596 39
92604 42
92612 47
92620 51
92628 46
92636 44
92645 42
92653 43
92661 45
92669 49
92677 49
92685 42
92694 43
92702 45
92710 39
92718 35
92726 33
92735 39
92743 40
92751 40
92759 42
92767 41
92775 37
92783 33
92791 33
92799 33
92807 32
92815 31
92824 34
92832 33
92840 34
92848 36
92856 37
92864 40
92872 44
92880 43
92888 42
92896 36
92905 34
92913 33
92921 35
92929 37
92937 37
92945 39
92953 36
92961 36
92970 35
92978 39
92986 42
92995 39
93003 52
93011 48
93019 44
93027 44
93035 42
93044 40
93052 42
93060 45
93068 48
93076 47
93084 43
93092 48
93100 41
93109 43
93117 42
93125 48
93133 46
93141 47
93149 44
93157 42
93165 37
93173 36
93181 34
93190 35
93198 35
93206 34
93214 36
93222 36
93230 37
93239 36
93247 38
93255 41
93263 47
93271 47
93279 44
93287 40
93295 41
93303 41
93311 39
93319 35
93327 33
93336 35
93344 37
93352 43
93360 42
93368 41
93376 41
93384 35
93393 35
93401 40
93409 43
93417 38
93425 39
93433 36
93442 36
93450 38
93458 40
93466 40
93474 42
93482 42
93490 46
93498 44
93506 43
93514 44
93522 41
93530 41
93538 37
93546 35
93555 42
93563 44
93571 40
93579 39
93588 39
93596 48
93604 51
93612 49
93620 43
93629 37
93637 41
93645 49
93653 48
93661 41
93669 43
93677 42
93685 35
93694 43
93702 39
93710 39
93718 40
93726 37
93735 36
93743 40
93751 45
93759 47
93767 47
93775 45
93783 44
93791 39
93800 45
93808 48
93816 49
93824 44
93833 40
93841 42
93849 46
93857 41
93866 43
93874 44
93882 49
93890 44
93898 41
93906 38
93915 42
93923 42
93931 37
93939 38
93947 44
93955 39
93963 39
93972 48
93980 55
93988 50
93996 45
94004 45
94012 44
94020 42
94028 39
94036 35
94045 37
94053 40
94061 42
94069 39
94077 41
94086 39
94094 42
94102 45
94110 46
94118 49
94126 46
94134 44
94142 44
94150 39
94159 40
94167 46
94175 50
94183 49
94191 47
94199 44
94207 44
94215 43
94223 38
94232 41
94240 45
94248 50
94256 46
94264 45
94273 40
94281 42
94289 47
94297 50
94305 48
94313 44
94321 44
94329 38
94338 37
94346 45
94354 36
94362 39
94371 34
94379 35
94387 37
94395 38
94403 38
94411 36
94419 36
94427 37
94436 37
94444 39
94452 41
94460 44
94468 45
94476 45
94484 45
94492 44
94500 42
94508 37
94517 41
94525 43
94533 45
94541 48
94549 44
94557 39
94566 37
94574 39
94582 45
94590 42
94598 39
94606 38
94614 33
94622 32
94631 34
94639 39
94647 44
94655 41
94663 43
94671 41
94679 43
94687 44
94695 41
94703 40
94711 36
94719 34
94728 36
94736 43
94744 42
94752 39
94761 38
94769 49
94777 48
94785 48
94793 42
94802 39
94810 41
94818 47
94826 46
94834 47
94842 50
94850 42
94859 44
94867 49
94875 56
94883 55
94891 47
94900 43
94908 46
94916 49
94924 49
94933 41
94941 45
94949 53
94957 54
94965 44
94973 40
94981 36
94990 35
94998 36
95006 44
95014 44
95022 40
95030 39
95038 38
95047 41
95055 41
95063 45
95071 32
95080 35
95088 38
95096 35
95104 36
95112 34
95120 37
95128 38
95136 38
95144 36
95152 37
95160 35
95169 37
95177 39
95185 44
95193 46
95201 40
95209 38
95217 37
95225 36
95233 32
95242 31
95250 31
95258 32
95266 37
95274 35
95283 34
95291 38
95299 41
95307 39
95315 39
95323 41
95331 39
95339 40
95347 37
95356 37
95364 40
95372 40
95380 39
95388 42
95396 37
95404 32
95412 30
95421 33
95429 37
95437 35
95446 33
95454 40
95462 42
95470 44
95478 48
95486 49
95494 43
95502 39
95511 38
95519 44
95527 49
95535 51
95543 46
95551 41
95560 36
95568 37
95576 38
95584 39
95592 42
95600 49
95608 44
95616 43
95624 41
95633 40
95641 42
95649 40
95657 42
95665 38
95673 38
95681 37
95689 34
95698 35
95706 36
95714 37
95722 38
95730 36
95738 38
95746 41
95754 38
95763 37
95771 38
95779 38
95787 39
95795 43
95803 43
95811 39
95819 38
95828 39
95836 43
95844 43
95852 42
95860 45
95868 45
95876 38
95885 38
95893 45
95901 40
95909 42
95917 39
95925 42
95933 40
95941 36
95950 46
95958 53
95966 49
95974 49
95982 49
95990 48
95998 48
96006 47
96014 45
96023 43
96031 47
96039 43
96047 43
96055 44
96063 41
96071 36
96080 38
96088 39
96096 41
96104 41
96112 39
96120 42
96128 44
96136 42
96144 42
96152 37
96161 37
96169 35
96177 39
96185 41
96193 42
96201 40
96209 40
96217 34
96225 31
96234 32
96242 31
96251 29
96258 29
96266 30
96275 33
96283 35
96291 36
96299 36
96307 37
96315 35
96323 39
96331 39
96340 42
96348 46
96356 47
96364 48
96372 52
96380 44
96388 41
96397 36
96405 36
96413 44
96421 56
96429 53
96437 47
96445 40
96454 41
96462 45
96470 47
96478 42
96486 36
96494 36
96503 44
96511 43
96519 39
96528 45
96536 53
96544 51
96552 48
96561 47
96569 41
96577 42
96585 41
96593 45
96601 44
96609 46
96618 40
96626 43
96634 44
96642 43
96650 40
96658 35
96667 34
96675 35
96683 37
96691 36
96699 39
96707 37
96715 36
96724 34
96732 38
96740 39
96748 41
96756 42
96764 46
96772 48
96780 39
96789 40
96797 43
96805 44
96813 40
96821 43
96829 42
96837 39
96845 34
96854 37
96862 42
96870 41
96878 41
96886 35
96895 38
96903 40
96911 44
96919 41
96927 44
96935 47
96943 42
96951 37
96959 31
96968 32
96976 35
96985 37
96993 43
97001 47
97009 48
97017 51
97025 51
97033 51
97041 50
97049 45
97058 43
97066 42
97074 44
97082 46
97090 45
97098 43
97106 39
97115 39
97123 40
97131 45
97139 50
97147 40
97155 37
97164 36
97172 39
97180 49
97188 48
97197 39
97205 45
97213 44
97221 45
97229 49
97237 51
97245 50
97253 44
97261 43
97269 38
97278 40
97286 41
97294 43
97302 46
97310 48
97318 47
97326 47
97334 39
97343 42
97351 43
97359 39
97367 36
97376 35
97384 37
97392 39
97400 39
97408 40
97416 40
97424 42
97432 41
97441 45
97449 48
97457 50
97465 49
97473 48
97481 43
97489 40
97498 38
97506 43
97514 46
97522 43
97530 38
97539 40
97547 47
97555 48
97563 41
97571 36
97580 35
97588 37
97596 37
97604 38
97612 39
97620 37
97628 34
97636 33
97645 36
97652 33
97661 34
97669 36
97677 36
97685 38
97693 45
97701 47
97709 44
97717 40
97725 40
97734 42
97742 50
97750 56
97758 60
97766 47
97774 41
97783 48
97791 52
97799 51
97808 38
97816 42
97824 43
97832 42
97841 42
97849 47
97857 41
97865 44
97873 43
97881 45
97889 43
97897 42
97905 37
97914 36
97922 33
97930 36
97938 37
97946 32
97955 36
97963 45
97971 46
97979 45
97987 50
97995 59
98003 51
98011 50
98020 45
98028 55
98036 54
98044 51
98052 48
98061 44
98069 46
98077 43
98085 44
98093 43
98102 39
98110 43
98118 49
98126 50
98134 50
98142 38
98151 43
98159 50
98167 49
98175 52
98183 50
98191 43
98200 43
98208 49
98216 54
98224 55
98232 50
98240 40
98249 41
98257 40
98265 38
98273 43
98281 46
98289 41
98298 45
98306 41
98314 42
98322 42
98330 41
98339 49
98347 50
98355 54
98363 55
98371 44
98379 39
98388 42
98396 43
98404 42
98412 46
98420 41
98429 40
98437 51
98445 53
98453 53
98461 46
98470 39
98478 45
98486 48
98494 51
98502 49
98510 47
98518 40
98526 38
98534 35
98543 33
98551 38
98559 43
98567 47
98576 41
98584 46
98592 48
98600 53
98608 50
98616 52
98624 40
98633 40
98641 41
98649 43
98657 39
98665 41
98673 39
98681 36
98690 37
98698 36
98706 39
98714 39
98723 37
98731 44
98739 46
98747 44
98755 42
98763 41
98771 41
98779 37
98787 37
98796 40
98804 43
98812 49
98820 47
98828 44
98836 46
98844 42
98852 37
98860 37
98869 36
98877 43
98885 45
98893 46
98901 42
98909 41
98917 38
98925 36
98934 34
98942 36
98950 34
98958 31
98967 34
98975 38
98983 37
98991 37
98999 36
99007 39
99015 36
99023 40
99031 45
99039 45
99047 40
99056 43
99064 44
99072 47
99080 52
99088 40
99097 41
99105 47
99113 47
99121 52
99129 52
99137 49
99145 41
99154 44
99162 48
99170 47
99178 45
99186 39
99195 36
99203 39
99211 34
99219 30
99227 31
99235 30
99244 31
99252 32
99260 37
99268 36
99276 40
99284 40
99292 40
99300 37
99309 39
99317 41
99325 39
99333 42
99341 49
99349 46
99357 41
99365 43
99373 44
99381 42
99390 37
99398 38
99406 37
99414 39
99422 38
99430 38
99438 37
99446 34
99455 34
99463 37
99471 44
99479 52
99487 54
99495 48
99504 42
99512 53
99520 41
99529 49
99537 47
99545 42
99553 37
99562 46
99570 46
99578 52
99586 46
99594 44
99602 41
99610 40
99619 45
99627 44
99635 40
99643 41
99652 35
99660 37
99668 41
99676 39
99684 43
99692 45
99700 40
99709 38
99717 45
99725 50
99733 51
99741 51
99749 43
99757 41
99765 39
99774 43
99782 51
99790 52
99798 42
99807 51
99815 52
99824 45
99832 49
99840 46
99848 51
99856 48
99864 44
99872 41
99880 38
99889 44
99897 45
99905 39
99913 40
99921 37
99929 38
99938 36
99946 44
99954 43
99962 47
99970 42
99978 41
99986 39
99994 34
