9803 53
9811 54
9819 55
9827 52
9836 39
9844 41
9852 46
9860 49
9868 44
9876 41
9884 40
9892 36
9901 42
9909 44
9917 47
9925 45
9933 41
9941 40
9949 39
9957 35
9966 43
9974 43
9982 46
9990 49
9999 41
10007 36
10015 42
10023 36
10031 38
10039 39
10048 41
10056 46
10064 49
10072 48
10080 40
10089 42
10097 49
10105 51
10113 58
10121 61
10129 58
10137 48
10146 45
10154 48
10162 53
10170 49
10178 48
10186 42
10195 47
10203 52
10212 37
10220 41
10228 46
10236 53
10244 50
10252 42
10260 41
10269 38
10277 36
10285 35
10293 35
10302 38
10310 39
10318 43
10326 44
10334 41
10342 41
10351 40
10359 44
10367 44
10375 51
10383 47
10392 38
10400 43
10408 44
10416 51
10424 51
10432 46
10440 44
10448 44
10456 39
10465 43
10473 47
10481 41
10489 38
10498 34
10506 35
10514 35
10522 36
10530 34
10538 33
10547 36
10555 41
10563 44
10571 50
10579 52
10587 48
10595 46
10603 40
10611 38
10619 34
10628 39
10636 41
10644 43
10652 46
10660 45
10668 40
10676 36
10684 37
10693 38
10701 41
10709 43
10717 41
10725 38
10734 41
10742 47
10750 49
10758 55
10766 55
10774 44
10782 39
10791 42
10799 47
10807 52
10815 47
10823 43
10832 53
10840 55
10848 53
10856 49
10864 45
10872 37
10881 43
10889 44
10897 42
10905 41
10913 40
10922 40
10930 40
10938 41
10946 43
10954 42
10962 38
10971 40
10979 49
10987 54
10995 47
11003 40
11011 44
11019 45
11027 44
11035 44
11043 41
11051 37
11060 36
11068 36
11076 40
11084 40
11092 39
11100 36
11108 34
11116 34
11124 34
11133 35
11141 35
11149 35
11157 37
11165 34
11173 36
11182 34
11190 36
11198 43
11206 39
11214 40
11222 40
11230 40
11238 35
11247 33
11254 29
11263 30
11271 32
11279 35
11287 31
11295 35
11304 34
11312 36
11320 34
11328 35
11336 39
11344 40
11352 42
11360 44
11368 42
11376 39
11384 39
11393 35
11401 44
11409 42
11417 41
11425 41
11433 39
11441 43
11449 43
11457 44
11465 40
11473 37
11481 34
11489 31
11498 35
11506 35
11514 38
11522 38
11530 41
11538 43
11546 42
11554 42
11562 39
11570 37
11578 34
11586 35
11595 33
11603 34
11611 34
11619 34
11627 36
11635 31
11643 32
11651 34
11659 32
11667 31
11676 33
11684 35
11692 36
11700 36
11708 34
11716 37
11725 36
11733 39
11741 43
11749 46
11757 41
11765 38
11773 36
11782 36
11790 41
11798 39
11806 39
11814 38
11822 34
11831 34
11838 31
11847 32
11855 30
11863 35
11871 33
11879 33
11887 33
11895 35
11903 34
11911 32
11919 29
11927 29
11935 28
11943 25
11952 25
11960 24
11968 24
11976 27
11984 25
11992 26
12000 27
12009 29
12017 27
12025 26
12033 26
12041 25
12049 29
12057 27
12065 28
12074 32
12082 36
12090 35
12098 35
12106 34
12114 36
12122 37
12130 36
12138 36
12146 37
12154 33
12162 34
12170 34
12178 36
12186 34
12194 33
12202 32
12211 32
12219 31
12227 36
12235 35
12243 33
12251 33
12259 31
12267 32
12275 30
12284 33
12292 34
12300 36
12308 39
12316 39
12324 38
12332 38
12340 36
12348 33
12357 45
12365 44
12373 38
12382 35
12390 36
12398 38
12406 45
12414 49
12422 48
12430 48
12438 49
12446 45
12454 45
12462 44
12470 43
12478 43
12486 39
12495 36
12503 37
12511 37
12519 42
12527 41
12535 39
12543 37
12551 37
12559 36
12567 33
12575 34
12584 33
12592 34
12600 36
12608 36
12616 39
12624 40
12632 41
12640 39
12648 36
12656 35
12664 30
12673 33
12681 36
12689 39
12697 38
12705 43
12713 43
12721 39
12730 37
12738 38
12746 40
12754 44
12762 45
12770 50
12778 50
12786 47
12795 41
12803 37
12811 37
12819 35
12827 33
12836 37
12844 43
12852 41
12860 40
12868 40
12876 39
12884 41
12892 42
12900 42
12908 42
12916 44
12924 38
12932 38
12940 37
12949 33
12957 35
12965 36
12973 34
12981 34
12989 35
12998 35
13006 38
13014 39
13022 37
13030 40
13038 41
13046 47
13054 44
13062 43
13070 39
13078 38
13086 37
13095 35
13103 39
13111 40
13119 41
13127 44
13135 40
13144 41
13152 41
13160 45
13168 48
13176 46
13184 43
13192 42
13200 44
13208 39
13216 34
13225 36
13233 34
13241 38
13249 39
13257 39
13266 42
13274 42
13282 36
13290 42
13298 39
13306 37
13315 41
13323 46
13331 51
13339 55
13347 52
13355 54
13363 56
13371 50
13379 47
13388 40
13396 45
13404 49
13412 53
13420 50
13428 44
13436 37
13445 39
13453 43
13461 43
13469 40
13477 41
13485 41
13493 37
13502 39
13510 48
13518 44
13526 39
13534 38
13543 43
13551 48
13559 38
13567 37
13575 33
13583 30
13592 31
13600 35
13608 38
13616 42
13624 43
13632 42
13640 41
13648 37
13657 47
13665 51
13673 49
13681 44
13689 41
13698 44
13706 47
13714 54
13722 54
13730 52
13738 42
13746 42
13755 46
13763 44
13771 49
13779 50
13787 47
13795 46
13804 41
13812 44
13820 41
13828 49
13836 39
13844 38
13852 35
13860 37
13868 36
13877 33
13885 34
13893 37
13902 37
13910 40
13918 40
13926 37
13934 45
13942 49
13950 50
13958 51
13966 42
13974 39
13983 35
13991 33
14000 37
14008 40
14016 45
14024 45
14032 46
14040 43
14048 41
14056 37
14064 34
14072 35
14081 42
14089 36
14097 35
14105 33
14114 33
14122 41
14130 40
14138 46
14146 42
14154 48
14162 42
14170 40
14178 41
14186 40
14195 38
14203 39
14211 39
14219 40
14227 36
14236 40
14244 40
14252 45
14260 50
14268 48
14276 46
14284 43
14292 41
14300 39
14308 34
14317 35
14325 32
14333 32
14342 38
14350 42
14358 45
14366 41
14374 41
14382 41
14391 40
14399 42
14407 41
14415 44
14423 42
14431 41
14439 36
14447 34
14456 34
14464 38
14472 38
14480 37
14488 39
14496 46
14504 44
14512 44
14520 41
14528 41
14537 34
14545 37
14553 39
14561 36
14569 38
14577 36
14585 34
14593 32
14601 32
14609 33
14617 32
14625 30
14633 31
14641 26
14650 26
14658 27
14667 27
14675 31
14683 33
14691 36
14699 35
14707 36
14715 34
14723 36
14731 35
14740 39
14748 38
14756 39
14764 41
14772 41
14780 44
14788 41
14796 41
14805 37
14813 40
14821 43
14829 50
14837 50
14845 51
14853 55
14861 56
14869 50
14877 41
14886 48
14894 53
14902 48
14910 46
14918 42
14926 42
14935 36
14943 39
14951 43
14959 47
14967 51
14975 51
14983 45
14992 39
15000 37
15008 37
15017 41
15025 45
15033 48
15041 50
15049 52
15057 53
15065 53
15073 43
15082 38
15090 37
15098 39
15106 40
15114 49
15122 48
15130 52
15138 50
15146 48
15154 43
15163 50
15171 48
15179 43
15187 42
15196 38
15204 40
15212 43
15220 46
15228 48
15236 41
15244 39
15252 36
15260 36
15269 37
15277 39
15285 43
15293 40
15301 40
15309 39
15317 41
15325 37
15333 36
15341 36
15349 35
15358 33
15366 33
15374 33
15382 32
15390 31
15399 35
15407 39
15415 40
15423 36
15431 43
15439 38
15447 40
15455 39
15463 36
15472 32
15480 37
15488 34
15496 32
15505 32
15513 33
15520 36
15529 35
15537 38
15545 43
15553 43
15561 42
15569 41
15578 38
15586 49
15594 46
15602 46
15610 46
15618 42
15626 39
15634 38
15642 36
15650 36
15659 42
15667 46
15675 44
15683 43
15691 43
15699 37
15708 43
15716 46
15724 46
15732 36
15741 41
15749 42
15757 34
15765 39
15773 38
15781 39
15790 42
15798 38
15806 40
15814 37
15822 33
15831 39
15839 40
15847 42
15855 43
15863 41
15871 39
15880 39
15888 41
15896 42
15904 51
15912 53
15920 44
15928 38
15937 36
15945 36
15953 43
15961 35
15970 41
15978 45
15986 47
15994 48
16002 49
16010 46
16018 40
16027 40
16035 42
16043 44
16051 40
16059 39
16067 41
16075 40
16083 39
16091 33
16099 37
16108 41
16116 45
16124 43
16132 40
16141 39
16149 44
16157 53
16165 48
16173 41
16182 40
16190 42
16198 38
16206 41
16214 39
16222 40
16231 37
16239 40
16247 44
16255 41
16263 38
16271 35
16279 35
16287 35
16296 34
16304 35
16312 41
16320 43
16328 44
16336 43
16344 40
16352 40
16361 46
16369 47
16377 43
16385 42
16393 41
16401 44
16409 41
16417 37
16425 33
16434 37
16442 40
16450 37
16458 36
16466 32
16474 36
16483 35
16491 40
16499 40
16507 43
16515 44
16523 42
16532 38
16540 45
16548 46
16556 46
16564 39
16573 37
16581 49
16589 51
16597 50
16605 53
16613 49
16622 47
16630 54
16638 51
16647 46
16655 52
16663 51
16672 52
16680 54
16688 51
16696 54
16704 48
16713 49
16721 55
16729 55
16737 48
16746 41
16754 41
16762 46
16770 43
16778 37
16787 43
16795 46
16803 46
16811 51
16819 45
16827 43
16836 38
16844 42
16852 47
16860 48
16868 46
16876 46
16884 45
16892 44
16900 39
16909 44
16917 47
16925 41
16933 43
16942 40
16950 37
16958 40
16966 46
16975 50
16983 48
16991 47
16999 48
17007 47
17016 46
17024 49
17032 51
17041 45
17049 52
17057 59
17065 59
17073 53
17081 44
17090 47
17098 52
17106 55
17114 48
17122 46
17131 44
17139 43
17147 41
17155 33
17164 38
17172 46
17180 51
17188 45
17196 37
17205 39
17213 41
17221 42
17229 40
17237 38
17245 37
17254 36
17262 41
17270 46
17278 52
17286 54
17294 47
17303 48
17311 48
17319 50
17327 56
17335 42
17344 42
17352 42
17360 41
17368 43
17376 42
17384 41
17393 38
17401 45
17409 45
17417 50
17425 45
17433 40
17441 40
17450 48
17458 55
17466 57
17474 48
17483 39
17491 39
17499 44
17507 45
17515 42
17523 42
17531 41
17540 39
17548 45
17556 46
17564 43
17573 46
17581 54
17589 51
17598 41
17606 54
17614 51
17622 42
17631 41
17639 41
17647 44
17655 41
17663 42
17671 40
17679 38
17688 41
17696 44
17704 42
17713 42
17721 49
17729 52
17737 51
17745 53
17753 50
17761 42
17770 47
17778 51
17786 55
17794 47
17802 46
17811 51
17819 48
17827 48
17836 47
17844 48
17852 48
17860 46
17868 44
17877 53
17885 57
17893 49
17902 44
17910 42
17918 48
17926 43
17935 50
17943 48
17951 48
17960 46
17968 56
17976 49
17984 50
17992 43
18001 45
18009 51
18017 58
18025 52
18033 51
18041 47
18049 38
18058 44
18066 50
18074 51
18082 44
18091 37
18099 45
18107 44
18115 44
18123 46
18131 44
18139 41
18147 40
18156 39
18164 44
18172 44
18180 41
18188 37
18196 40
18204 37
18212 39
18221 36
18229 41
18237 48
18245 43
18253 44
18261 40
18270 39
18278 41
18286 43
18294 41
18302 39
18310 36
18319 38
18327 39
18335 44
18343 44
18351 43
18359 47
18367 46
18375 41
18384 48
18392 39
18400 35
18408 39
18417 43
18425 43
18433 52
18441 52
18449 51
18457 45
18466 41
18474 44
18482 46
18490 43
18498 45
18506 37
18515 36
18523 36
18531 35
18539 39
18547 42
18556 39
18564 40
18572 41
18580 49
18588 55
18596 49
18604 41
18613 43
18621 45
18629 45
18637 44
18645 42
18654 45
18662 52
18670 56
18678 60
18686 59
18694 47
18703 40
18711 43
18719 48
18727 43
18735 42
18743 39
18751 38
18760 39
18768 53
18776 44
18784 45
18792 42
18800 38
18808 38
18816 37
18824 37
18833 37
18841 36
18849 37
18857 34
18865 32
18873 34
18882 39
18890 41
18898 46
18906 48
18914 49
18922 40
18930 36
18939 42
18947 47
18955 49
18963 46
18972 40
18980 36
18988 41
18996 48
19004 42
19013 38
19021 42
19029 46
19037 43
19045 43
19053 45
19061 38
19070 39
19078 40
19086 43
19094 40
19102 37
19111 42
19119 44
19127 54
19135 54
19143 48
19152 40
19160 45
19168 45
19176 49
19184 46
19192 41
19201 37
19209 41
19217 47
19225 47
19233 47
19241 43
19250 42
19258 46
19266 53
19274 56
19282 58
19291 44
19299 42
19307 46
19315 48
19323 54
19331 50
19339 47
19347 48
19356 41
19364 37
19372 40
19380 41
19388 41
19396 41
19404 38
19413 40
19421 43
19429 45
19437 44
19446 43
19454 51
19462 55
19471 47
19479 48
19487 49
19495 45
19503 40
19512 36
19520 37
19528 45
19536 47
19544 42
19552 36
19561 39
19569 38
19577 42
19585 36
19594 36
19602 38
19610 41
19618 45
19626 50
19634 50
19642 45
19650 45
19659 41
19667 45
19675 44
19683 48
19691 45
19699 45
19707 42
19716 39
19724 46
19732 46
19740 52
19748 45
19756 38
19765 43
19773 46
19781 53
19789 50
19797 47
19805 43
19813 40
19822 44
19830 42
19838 42
19846 40
19854 40
19863 38
19871 41
19879 40
19888 54
19896 58
19904 55
19913 50
19921 58
19929 61
19937 47
19946 41
19954 43
19962 43
19970 42
19979 44
19987 50
19995 47
20003 47
20011 45
20019 43
20027 41
20036 47
20044 51
20052 52
20060 47
20068 38
20077 41
20085 45
20093 35
20102 38
20110 43
20118 44
20126 41
20134 43
20142 45
20150 52
20158 37
20167 44
20175 47
20183 47
20191 47
20199 47
20207 52
20215 42
20223 38
20232 38
20240 35
20248 33
20256 40
20264 40
20272 40
20280 41
20288 38
20296 41
20305 39
20313 41
20321 44
20329 43
20337 42
20345 44
20353 43
20361 40
20370 36
20378 39
20386 41
20394 43
20402 49
20410 44
20418 44
20426 42
20434 35
20443 35
20451 37
20459 36
20467 37
20475 37
20483 36
20491 38
20499 37
20507 35
20515 33
20524 35
20532 38
20540 41
20548 41
20556 40
20564 36
20572 40
20580 41
20588 37
20596 34
20604 36
20613 33
20621 39
20629 46
20637 41
20646 44
20654 44
20662 49
20670 54
20678 45
20687 38
20695 43
20703 43
20711 47
20719 44
20727 44
20735 39
20743 38
20751 36
20760 37
20768 40
20776 47
20784 48
20793 41
20801 41
20809 41
20817 44
20825 40
20833 42
20841 44
20849 38
20858 37
20866 38
20874 42
20882 46
20890 46
20898 44
20906 40
20914 40
20922 35
20931 43
20939 38
20947 37
20955 38
20963 37
20971 37
20980 43
20988 42
20996 44
21004 43
21012 45
21020 46
21028 43
21036 41
21044 42
21052 37
21060 36
21068 33
21076 30
21085 29
21093 30
21101 33
21109 30
21117 29
21125 29
21133 30
21141 30
21149 31
21157 32
21165 30
21174 30
21182 27
21190 31
21198 33
21206 34
21214 33
21222 34
21230 33
21238 30
21246 32
21254 30
21262 30
21270 32
21279 30
21287 31
21295 33
21303 31
21311 33
21319 31
21328 38
21336 38
21344 36
21352 41
21360 38
21369 45
21377 43
21385 43
21393 44
21401 42
21409 37
21418 41
21426 43
21434 44
21442 51
21450 44
21459 47
21467 58
21475 59
21483 50
21491 45
21500 42
21508 45
21516 49
21524 45
21532 42
21540 41
21548 45
21557 40
21565 46
21573 45
21581 49
21589 44
21598 45
21606 54
21614 57
21622 43
21631 41
21639 46
21647 46
21655 39
21664 49
21672 53
21680 53
21688 48
21696 53
21704 47
21712 38
21721 43
21729 48
21737 47
21745 42
21753 39
21762 46
21770 48
21778 47
21786 48
21794 42
21803 45
21811 54
21819 55
21827 43
21835 36
21843 39
21851 36
21860 35
21868 38
21876 40
21884 42
21892 36
21901 45
21909 50
21917 52
21925 53
21933 53
21941 45
21949 45
21958 44
21966 54
21974 50
21982 45
21990 43
21999 40
22007 44
22015 43
22023 47
22031 42
22039 35
22047 37
22055 36
22064 37
22072 44
22080 49
22088 55
22096 55
22104 47
22112 41
22120 37
22128 34
22137 39
22145 40
22153 40
22161 39
22169 37
22178 42
22186 42
22194 48
22202 50
22210 46
22218 35
22227 33
22235 34
22243 33
22251 39
22259 39
22267 35
22276 36
22284 38
22292 43
22300 46
22308 37
22316 41
22324 35
22333 35
22341 37
22349 36
22357 38
22365 38
22373 37
22381 35
22389 39
22397 34
22406 35
22414 37
22422 39
22430 39
22438 37
22446 37
22454 42
22462 41
22470 39
22478 36
22486 34
22494 33
22502 32
22510 30
22519 31
22527 34
22535 35
22543 37
22551 39
22559 38
22567 35
22575 33
22583 36
22592 31
22600 31
22608 32
22616 31
22624 31
22632 30
22641 35
22649 35
22657 37
22665 41
22673 42
22681 44
22689 41
22697 33
22705 33
22714 34
22722 38
22730 37
22738 48
22746 44
22754 43
22762 42
22770 42
22779 36
22787 42
22795 44
22803 40
22811 40
22819 38
22827 38
22836 32
22844 35
22852 33
22860 35
22868 39
22876 39
22884 34
22893 38
22901 41
22909 40
22917 41
22925 43
22933 45
22941 45
22949 43
22957 46
22965 43
22973 42
22982 41
22990 43
22998 45
23006 44
23014 39
23022 35
23030 37
23038 32
23047 32
23055 29
23063 31
23071 29
23079 29
23087 30
23095 33
23103 35
23111 36
23119 33
23127 30
23136 32
23144 32
23152 35
23160 35
23168 37
23176 39
23184 35
23192 37
23200 34
23208 33
23216 33
23225 31
23233 34
23242 37
23250 38
23258 39
23266 47
23274 49
23282 50
23290 56
23298 50
23306 42
23315 42
23323 47
23331 53
23339 46
23347 45
23355 39
23364 45
23372 43
23380 49
23388 50
23396 45
23404 44
23412 40
23421 40
23429 44
23437 41
23445 42
23453 38
23462 39
23470 45
23478 50
23486 52
23494 54
23502 46
23510 44
23519 38
23527 40
23535 45
23543 43
23551 46
23559 46
23567 42
23575 35
23584 42
23592 50
23600 49
23608 44
23617 41
23625 39
23633 42
23641 44
23649 37
23657 45
23666 54
23674 65
23682 48
23690 45
23699 44
23707 45
23715 45
23723 46
23731 44
23739 49
23747 41
23755 40
23763 38
23772 37
23780 42
23788 45
23796 45
23804 45
23812 40
23820 39
23829 39
23837 48
23845 49
23853 51
23861 50
23869 52
23877 50
23885 44
23893 41
23901 38
23910 43
23918 51
23926 46
23934 43
23942 41
23950 41
23958 41
23966 35
23975 39
23983 40
23991 43
23999 40
24007 35
24016 40
24024 42
24032 41
24040 39
24048 40
24056 37
24065 34
24073 36
24081 36
24089 37
24097 43
24105 43
24113 42
24121 44
24129 39
24137 32
24146 35
24154 35
24162 37
24170 37
24178 36
24186 37
24195 37
24203 39
24211 40
24219 41
24227 40
24235 41
24243 36
24251 34
24260 38
24268 39
24276 42
24284 44
24292 44
24300 42
24308 38
24316 36
24324 34
24333 36
24341 46
24349 51
24357 49
24365 47
24373 44
24382 41
24390 49
24398 41
24406 40
24414 38
24423 42
24431 40
24439 45
24447 49
24455 42
24464 40
24472 42
24480 46
24488 48
24496 46
24505 50
24513 58
24521 55
24529 59
24537 46
24546 42
24554 44
24562 44
24570 38
24578 36
24587 45
24595 51
24603 45
24612 46
24620 51
24628 46
24636 54
24644 48
24652 44
24661 42
24669 43
24677 48
24685 48
24693 44
24702 42
24710 50
24718 54
24726 55
24734 52
24742 43
24751 42
24759 41
24767 35
24775 36
24783 35
24791 34
24800 36
24808 38
24816 35
24824 39
24833 44
24841 49
24849 55
24857 58
24865 60
24873 56
24881 52
24889 44
24898 46
24906 44
24914 43
24922 43
24930 37
24939 37
24947 44
24955 49
24963 51
24971 46
24979 47
24987 42
24996 43
25004 53
25012 49
25020 39
25029 41
25037 38
25045 47
25054 39
25062 44
25070 44
25078 40
25086 40
25094 38
25103 37
25111 43
25119 47
25127 50
25135 47
25143 46
25151 41
25159 40
25167 39
25176 33
25184 40
25192 43
25200 48
25208 46
25216 44
25224 40
25232 41
25240 39
25248 41
25257 33
25265 37
25273 39
25281 40
25289 40
25297 40
25305 40
25313 37
25321 37
25329 36
25337 32
25346 38
25354 36
25362 36
25370 33
25378 34
25387 32
25395 33
25403 32
25411 36
25419 35
25427 38
25435 35
25443 36
25451 37
25459 35
25467 36
25475 35
25483 35
25492 37
25500 37
25508 32
25516 34
25524 35
25532 36
25540 41
25548 39
25556 36
25564 37
25572 35
25580 33
25589 37
25597 34
25605 35
25613 36
25621 30
25629 26
25639 27
25647 30
25655 32
25663 35
25671 36
25679 38
25687 40
25695 42
25703 42
25711 44
25719 43
25727 44
25735 45
25743 42
25751 45
25759 37
25768 30
25776 32
25784 32
25792 30
25800 33
25808 34
25816 34
25825 36
25833 37
25841 37
25849 36
25857 33
25865 34
25873 32
25881 34
25890 34
25898 37
25906 43
25914 45
25922 39
25930 42
25938 37
25947 33
25955 36
25963 39
25971 42
25979 33
25988 35
25996 39
26004 45
26012 44
26020 41
26029 48
26037 50
26045 46
26053 47
26062 47
26070 45
26078 51
26086 48
26094 46
26102 45
26110 47
26118 44
26127 39
26135 44
26143 46
26151 41
26159 38
26168 38
26176 41
26184 46
26192 44
26200 45
26208 43
26217 43
26225 44
26233 49
26241 46
26249 46
26258 42
26266 47
26274 47
26282 43
26290 41
26298 42
26306 36
26315 35
26323 41
26331 39
26339 39
26347 35
26355 35
26364 38
26372 41
26380 40
26388 40
26396 43
26404 43
26412 41
26420 38
26429 37
26437 43
26445 42
26453 44
26461 43
26469 41
26477 41
26485 40
26493 44
26501 42
26509 41
26517 38
26525 34
26533 34
26542 38
26550 36
26558 32
26566 32
26574 31
26582 30
26590 33
26598 29
26607 30
26615 32
26623 35
26631 39
26639 40
26647 41
26655 37
26663 40
26671 37
26680 38
26688 40
26696 42
26704 45
26712 49
26720 47
26728 46
26736 40
26744 36
26752 34
26761 35
26769 35
26777 39
26785 41
26793 40
26801 41
26810 41
26818 52
26826 50
26834 47
26842 42
26850 37
26859 40
26867 42
26875 43
26883 50
26891 47
26899 50
26907 43
26915 43
26923 42
26931 35
26940 41
26948 38
26956 38
26964 38
26972 36
26981 35
26989 38
26997 44
27005 43
27013 41
27021 38
27029 38
27038 47
27046 53
27054 52
27062 51
27070 40
27079 41
27087 49
27095 52
27103 45
27112 53
27120 47
27128 43
27137 49
27145 53
27153 56
27161 55
27169 50
27177 43
27186 46
27194 53
27202 61
27210 55
27218 46
27226 49
27235 43
27243 47
27251 54
27259 49
27267 44
27276 46
27284 43
27292 46
27300 44
27309 54
27317 64
27325 64
27333 46
27342 47
27350 49
27358 50
27366 48
27374 43
27383 40
27391 42
27399 47
27407 45
27415 40
27424 36
27432 40
27440 44
27448 49
27456 49
27464 45
27473 45
27481 54
27489 51
27497 49
27505 46
27513 39
27522 38
27530 41
27538 44
27546 43
27554 42
27562 43
27570 41
27578 39
27587 39
27595 42
27603 40
27611 44
27619 44
27628 44
27636 49
27644 48
27652 49
27660 51
27668 38
27677 39
27685 42
27693 45
27701 48
27709 44
27717 45
27725 44
27734 44
27742 48
27750 46
27758 52
27766 42
27774 41
27783 44
27791 47
27799 57
27807 44
27815 40
27824 46
27832 47
27840 45
27848 41
27857 38
27865 40
27873 48
27881 52
27889 51
27897 52
27905 47
27913 46
27921 41
27930 43
27938 40
27946 40
27954 46
27962 41
27970 38
27978 36
27986 34
27995 37
28003 37
28011 39
28019 34
28028 42
28036 43
28044 43
28052 45
28060 49
28068 49
28076 44
28084 39
28093 39
28101 35
28109 35
28117 34
28125 32
28133 34
28141 32
28149 33
28157 30
28166 32
28174 35
28182 36
28190 37
28198 36
28206 35
28214 33
28222 31
28231 35
28239 33
28247 36
28255 38
28263 36
28271 34
28279 36
28287 34
28296 38
28304 39
28312 45
28320 46
28328 47
28336 44
28344 42
28353 43
28361 45
28369 41
28377 43
28385 36
28393 36
28402 38
28410 42
28419 43
28427 46
28435 53
28443 64
28451 58
28459 46
28468 65
28476 51
28484 42
28492 39
28501 45
28509 49
28517 50
28525 51
28533 47
28541 42
28550 43
28558 47
28566 57
28574 57
28582 59
28590 54
28599 47
28607 41
28615 42
28624 43
28632 50
28640 41
28648 37
28656 39
28665 43
28673 46
28681 49
28689 51
28697 42
28706 46
28714 46
28722 47
28730 48
28738 43
28747 49
28755 55
28763 43
28771 48
28779 48
28787 46
28796 37
28804 45
28812 48
28820 36
28829 37
28837 44
28845 50
28853 52
28861 52
28869 48
28877 45
28885 42
28893 38
28902 44
28910 44
28918 45
28926 48
28934 43
28942 37
28951 38
28959 41
28967 42
28975 40
28983 39
28991 42
28999 43
29007 39
29015 35
29023 30
29032 31
29040 30
29048 31
29056 30
29065 33
29073 38
29081 42
29089 44
29097 44
29105 45
29113 38
29122 38
29130 37
29138 44
29146 45
29154 46
29162 39
29170 36
29179 37
29187 40
29195 42
29203 47
29212 42
29220 44
29228 47
29236 56
29244 51
29252 43
29261 45
29269 53
29277 56
29285 47
29294 45
29302 54
29310 46
29318 46
29326 43
29334 44
29343 42
29351 36
29359 36
29368 30
29376 37
29384 42
29392 44
29400 45
29408 43
29416 43
29424 40
29432 40
29440 37
29449 41
29457 41
29465 37
29473 39
29481 41
29489 36
29498 39
29506 44
29514 46
29522 43
29530 39
29539 37
29547 41
29555 44
29563 43
29571 43
29579 41
29587 34
29595 38
29603 36
29612 37
29620 40
29628 44
29636 45
29644 46
29652 45
29660 42
29669 45
29677 48
29685 47
29693 43
29701 42
29710 41
29718 48
29726 50
29734 53
29742 49
29750 44
29759 37
29767 42
29775 53
29783 49
29791 40
29800 38
29808 43
29816 43
29825 37
29833 36
29841 42
29849 47
29857 46
29865 41
29873 39
29881 36
29890 45
29898 43
29906 42
29914 44
29922 42
29930 43
29938 40
29947 42
29955 43
29963 42
29971 43
29979 44
29987 39
29995 36
30004 40
30012 41
30020 47
30028 50
30036 56
30044 57
30052 53
30060 51
30069 42
30077 41
30085 43
30093 49
30102 48
30110 50
30118 49
30126 49
30134 40
30143 51
30151 55
30159 54
30167 50
30175 51
30183 49
30191 44
30200 43
30208 46
30216 47
30224 47
30232 46
30240 44
30248 42
30257 39
30265 42
30273 45
30281 45
30289 46
30297 46
30305 46
30313 37
30322 44
30330 47
30338 53
30346 44
30354 43
30363 52
30371 48
30379 51
30387 46
30396 42
30404 44
30412 45
30420 42
30428 39
30436 34
30445 37
30453 40
30461 42
30469 42
30477 47
30485 38
30494 49
30502 44
30510 49
30518 47
30527 43
30535 52
30543 56
30551 56
30559 49
30567 43
30576 41
30584 49
30592 52
30600 55
30608 50
30616 50
30624 38
30633 44
30641 42
30649 43
30657 41
30665 40
30674 39
30682 41
30690 43
30698 41
30706 43
30715 44
30723 46
30731 55
30739 49
30747 47
30755 47
30764 45
30772 52
30780 50
30789 43
30797 46
30805 48
30813 46
30821 44
30829 37
30838 41
30846 48
30854 43
30862 42
30870 39
30878 39
30886 39
30894 37
30902 36
30910 33
30919 37
30927 38
30935 36
30943 36
30952 36
30959 39
30968 42
30976 45
30984 42
30992 42
31000 51
31008 50
31016 46
31024 43
31032 41
31040 37
31048 34
31057 35
31065 37
31073 40
31081 44
31089 49
31097 45
31105 39
31113 36
31122 33
31130 34
31138 41
31146 42
31154 41
31162 40
31171 43
31179 42
31187 40
31195 38
31203 41
31211 41
31219 38
31228 43
31236 42
31244 42
31252 38
31260 38
31268 37
31276 37
31285 43
31293 40
31301 42
31309 38
31318 41
31326 49
31334 55
31342 58
31350 52
31358 47
31366 44
31375 37
31383 41
31391 43
31399 42
31407 47
31415 34
31423 37
31432 38
31440 45
31448 42
31456 43
31464 40
31472 41
31481 43
31489 43
31497 44
31505 50
31513 49
31521 49
31529 46
31537 39
31546 39
31554 42
31562 58
31570 44
31579 44
31587 43
31595 48
31603 50
31612 45
31620 49
31628 49
31636 49
31645 39
31653 45
31661 45
31669 45
31677 42
31685 44
31694 50
31702 51
31710 44
31718 45
31727 39
31735 44
31743 49
31751 52
31759 51
31767 48
31775 43
31784 41
31792 49
31800 43
31808 38
31817 39
31825 39
31833 39
31841 42
31849 43
31857 45
31865 41
31873 41
31882 45
31890 47
31898 46
31906 47
31914 49
31923 43
31931 41
31939 39
31947 45
31955 44
31963 39
31972 37
31980 44
31988 52
31996 43
32005 39
32013 45
32021 44
32029 52
32037 48
32045 47
32053 42
32061 38
32070 40
32078 36
32086 37
32094 37
32102 38
32110 38
32119 39
32127 43
32135 48
32143 49
32151 52
32159 50
32167 41
32175 39
32184 42
32192 49
32200 52
32208 50
32216 49
32224 43
32232 37
32241 39
32249 45
32257 40
32265 36
32273 38
32281 34
32290 36
32298 40
32306 43
32314 39
32322 33
32331 37
32339 40
32347 47
32355 43
32363 43
32371 39
32379 33
32388 35
32396 37
32404 38
32412 38
32420 36
32429 33
32437 36
32445 40
32453 42
32461 47
32469 50
32477 50
32485 47
32493 43
32502 42
32510 51
32518 57
32526 57
32534 50
32543 42
32551 50
32559 49
32567 51
32575 48
32583 39
32592 45
32600 44
32608 46
32616 42
32624 40
32633 43
32641 49
32649 49
32657 44
32666 40
32674 47
32682 42
32690 43
32698 45
32706 41
32714 39
32722 34
32731 35
32739 33
32747 39
32755 46
32763 44
32771 40
32780 40
32788 50
32796 59
32804 55
32812 50
32820 43
32829 42
32837 42
32845 44
32853 44
32861 38
32870 43
32878 47
32886 45
32894 48
32902 48
32910 46
32918 43
32927 38
32935 46
32943 42
32951 42
32959 38
32968 44
32976 48
32984 48
32992 54
33001 45
33009 52
33017 44
33026 38
33034 35
33042 39
33050 40
33058 37
33066 37
33074 40
33082 38
33091 37
33099 41
33107 36
33115 37
33123 37
33131 36
33139 34
33147 35
33155 33
33164 34
33172 36
33180 39
33188 40
33196 41
33204 38
33212 33
33221 33
33229 36
33237 40
33245 42
33253 41
33261 45
33269 48
33277 49
33285 46
33293 47
33301 47
33309 43
33317 39
33326 34
33334 40
33342 49
33350 43
33358 39
33366 37
33375 36
33383 41
33391 39
33399 38
33408 37
33416 38
33424 44
33432 39
33440 39
33448 39
33456 42
33464 44
33472 41
33481 39
33489 42
33497 38
33505 37
33513 36
33521 37
33530 38
33538 38
33546 43
33554 40
33562 39
33570 32
33579 37
33587 41
33595 44
33603 49
33611 44
33619 46
33627 41
33635 37
33644 36
33652 38
33660 37
33668 38
33676 35
33684 33
33692 35
33700 38
33709 38
33717 39
33725 41
33733 39
33741 40
33749 41
33757 44
33765 42
33773 38
33781 35
33790 33
33798 40
33806 38
33814 37
33822 35
33831 35
33839 40
33847 41
33855 37
33863 41
33871 41
33879 41
33887 38
33895 36
33904 38
33912 40
33920 40
33928 33
33936 38
33944 38
33952 36
33961 37
33969 41
33977 41
33985 45
33993 45
34001 47
34009 41
34017 39
34025 39
34034 37
34042 37
34050 42
34058 45
34066 43
34074 41
34082 36
34090 33
34098 31
34107 31
34115 32
34123 30
34131 33
34140 34
34147 35
34155 36
34164 40
34172 42
34180 43
34188 43
34196 39
34204 35
34212 34
34221 33
34229 36
34237 40
34245 39
34253 39
34261 37
34269 39
34277 37
34286 39
34294 44
34302 47
34310 46
34318 47
34326 45
34334 40
34342 37
34351 42
34359 45
34367 50
34375 49
34383 50
34391 49
34399 48
34408 48
34416 48
34424 45
34432 44
34440 38
34449 37
34457 38
34465 43
34473 48
34481 41
34490 41
34498 43
34506 44
34514 43
34522 41
34531 39
34539 39
34547 40
34555 46
34563 51
34571 58
34579 49
34587 50
34595 46
34603 38
34612 43
34620 49
34628 50
34636 46
34644 47
34652 46
34660 42
34669 42
34677 51
34685 53
34693 54
34701 49
34709 46
34718 38
34726 40
34734 42
34742 48
34750 45
34758 37
34767 38
34775 43
34783 36
34792 39
34800 40
34808 42
34816 45
34824 45
34832 50
34840 50
34848 48
34856 49
34864 47
34872 42
34880 42
34889 37
34897 45
34905 40
34913 40
34921 43
34929 40
34937 41
34945 39
34954 38
34962 40
34970 41
34978 40
34986 39
34994 37
35003 34
35011 36
35019 39
35027 43
35035 44
35043 53
35051 53
35059 49
35067 39
35076 39
35084 46
35092 42
35100 47
35108 48
35117 39
35125 43
35133 48
35141 45
35150 45
35158 53
35166 55
35174 48
35182 44
35191 48
35199 48
35207 44
35216 42
35224 54
35232 70
35240 63
35248 51
35257 60
35265 47
35273 47
35282 42
35290 46
35298 51
35306 51
35314 47
35322 44
35331 40
35339 48
35347 46
35355 42
35363 40
35371 35
35379 36
35388 41
35396 41
35404 42
35412 41
35420 41
35428 34
35437 38
35445 44
35453 43
35461 46
35469 48
35477 46
35485 46
35493 45
35501 45
35509 40
35518 41
35526 44
35534 46
35542 48
35550 50
35558 47
35566 45
35574 43
35583 39
35591 49
35599 53
35607 55
35615 43
35623 37
35632 44
35640 49
35648 53
35656 52
35664 42
35673 44
35681 43
35689 44
35697 38
35705 41
35714 39
35722 46
35730 49
35738 49
35746 46
35754 51
35762 46
35770 41
35778 39
35787 46
35795 50
35803 42
35811 36
35820 40
35828 44
35836 51
35844 51
35852 49
35860 42
35869 41
35877 42
35885 46
35893 44
35901 48
35909 39
35918 40
35926 43
35934 47
35942 61
35950 50
35959 40
35967 43
35975 41
35984 36
35992 42
36000 48
36008 54
36016 49
36024 47
36032 40
36041 40
36049 43
36057 52
36065 52
36073 48
36082 39
36090 45
36098 54
36106 55
36114 59
36122 52
36130 46
36138 38
36147 49
36155 51
36163 53
36171 54
36179 50
36187 48
36195 45
36204 43
36212 50
36220 48
36228 50
36236 40
36245 45
36253 54
36261 50
36269 41
36278 37
36286 43
36294 41
36302 41
36310 38
36318 37
36327 38
36335 36
36343 37
36351 38
36359 39
36367 41
36375 37
36383 35
36391 33
36399 33
36408 31
36416 30
36424 30
36432 34
36440 34
36448 37
36456 39
36464 37
36472 40
36480 38
36488 38
36496 36
36504 34
36512 32
36520 29
36529 33
36537 32
36545 31
36553 31
36561 32
36569 31
36577 31
36585 31
36593 30
36601 29
36609 30
36617 31
36625 30
36633 29
36641 29
36649 26
36658 30
36666 31
36674 29
36682 31
36690 33
36698 30
36706 29
36714 29
36722 26
36730 26
36738 24
36747 24
36755 25
36763 27
36771 27
36779 27
36787 27
36795 26
36803 26
36812 26
36819 23
36827 23
36836 24
36844 23
36852 23
36861 23
36869 24
36876 23
36884 24
36892 26
36900 25
36909 25
36917 26
36925 28
36933 32
36941 33
36949 31
36957 31
36965 31
36973 35
36981 32
36989 33
36997 32
37005 30
37013 30
37021 27
37029 26
37038 26
37046 30
37054 34
37062 29
37070 30
37079 28
37087 30
37095 30
37103 31
37111 35
37119 32
37127 35
37135 34
37143 32
37152 32
37160 35
37168 35
37176 37
37184 37
37192 35
37200 38
37208 34
37217 33
37225 33
37233 36
37241 37
37249 42
37257 37
37265 36
37273 37
37281 36
37289 30
37298 31
37306 30
37314 29
37322 29
37330 30
37338 30
37346 31
37354 32
37362 33
37370 32
37378 30
37387 32
37395 31
37403 36
37411 32
37419 37
37427 39
37435 38
37443 36
37451 34
37459 32
37467 30
37476 37
37484 42
37492 41
37500 41
37508 37
37516 34
37524 37
37532 32
37540 30
37548 28
37557 27
37565 26
37572 25
37582 27
37589 28
37598 29
37606 29
37614 31
37622 30
37630 30
37638 29
37646 29
37654 29
37662 30
37670 30
37678 33
37686 29
37694 28
37702 26
37710 24
37718 25
37727 25
37735 26
37743 30
37751 34
37759 33
37767 30
37776 31
37784 32
37792 30
37800 34
37808 36
37816 39
37824 38
37832 41
37840 44
37848 38
37856 36
37865 31
37873 34
37881 38
37889 35
37897 33
37905 34
37913 35
37921 33
37930 33
37938 33
37946 34
37954 37
37962 38
37970 39
37978 40
37986 40
37994 35
38003 36
38011 35
38019 42
38027 43
38035 42
38043 33
38052 32
38060 34
38068 31
38076 32
38084 34
38092 32
38100 34
38108 35
38116 34
38124 33
38133 37
38141 42
38149 43
38157 43
38165 43
38173 44
38181 41
38189 39
38197 41
38205 42
38213 36
38222 32
38230 33
38238 34
38246 37
38254 40
38262 43
38270 43
38278 44
38286 39
38294 39
38302 37
38311 38
38319 44
38327 44
38335 35
38344 34
38352 39
38360 41
38368 44
38376 42
38384 40
38392 39
38401 40
38409 40
38418 40
38426 51
38434 57
38442 56
38450 54
38459 44
38467 49
38475 55
38483 56
38492 45
38500 42
38508 56
38516 51
38524 43
38532 45
38541 38
38549 42
38557 40
38565 39
38574 47
38582 47
38590 53
38598 58
38606 57
38614 59
38622 47
38630 38
38639 41
38647 44
38655 51
38663 50
38671 40
38680 38
38688 43
38696 40
38704 43
38712 43
38720 42
38729 40
38737 47
38745 48
38753 50
38761 47
38769 40
38778 39
38786 39
38794 41
38802 40
38810 41
38818 42
38827 42
38835 44
38843 45
38851 43
38859 39
38867 38
38876 41
38884 50
38892 52
38900 50
38908 43
38916 38
38924 35
38932 35
38941 33
38949 45
38957 37
38965 35
38973 38
38981 39
38990 45
38998 47
39006 48
39014 47
39022 49
39030 46
39038 43
39046 39
39055 40
39063 49
39071 55
39079 58
39087 56
39095 52
39103 49
39111 44
39119 39
39128 37
39136 39
39144 40
39152 42
39160 39
39168 37
39176 34
39185 40
39193 37
39201 36
39209 32
39217 32
39225 37
39233 36
39242 37
39250 40
39258 42
39266 40
39274 37
39282 40
39290 37
39298 40
39306 38
39315 42
39323 43
39331 41
39339 43
39347 43
39355 39
39363 43
39371 39
39379 40
39387 38
39395 35
39403 33
39412 37
39420 42
39428 40
39436 41
39444 34
39452 28
39461 29
39469 29
39477 34
39485 36
39493 38
39501 42
39509 40
39517 36
39526 41
39534 39
39542 38
39550 34
39559 36
39567 40
39575 44
39583 50
39591 52
39599 46
39607 42
39615 45
39624 43
39632 48
39640 51
39648 51
39656 51
39664 48
39672 38
39681 47
39689 56
39697 46
39706 42
39714 45
39722 51
39730 48
39738 42
39747 48
39755 44
39763 46
39771 40
39779 38
39788 39
39796 40
39804 40
39812 36
39820 38
39828 39
39836 42
39844 40
39852 39
39860 35
39869 41
39877 39
39885 42
39893 43
39901 50
39909 46
39917 37
39926 41
39934 47
39942 44
39950 37
39959 31
39967 40
39975 41
39983 39
39991 36
39999 37
40008 38
40016 44
40024 42
40032 48
40040 38
40049 38
40057 43
40065 44
40073 47
40082 48
40090 52
40098 54
40106 51
40115 42
40123 41
40131 47
40139 48
40147 45
40155 41
40164 47
40172 44
40180 44
40188 45
40196 40
40205 40
40213 45
40221 48
40229 56
40237 61
40245 58
40253 54
40261 48
40270 43
40278 45
40286 47
40294 57
40302 41
40311 48
40319 46
40327 47
40335 52
40343 56
40351 58
40359 53
40367 40
40376 44
40384 42
40392 40
40401 45
40409 52
40417 54
40425 45
40434 50
40442 49
40450 44
40459 44
40467 50
40475 57
40483 60
40491 55
40499 50
40508 48
40516 49
40524 50
40532 43
40541 51
40549 52
40557 54
40565 56
40573 54
40581 46
40590 41
40598 45
40606 54
40614 53
40622 51
40630 45
40639 49
40647 55
40655 59
40663 55
40671 46
40680 47
40688 44
40696 44
40704 47
40712 41
40720 40
40729 38
40737 42
40745 48
40753 44
40761 40
40769 40
40777 41
40786 42
40794 50
40802 49
40810 49
40818 46
40826 48
40835 43
40843 51
40851 46
40859 45
40867 42
40875 43
40884 42
40892 47
40900 46
40908 53
40916 50
40924 49
40932 43
40941 36
40949 40
40957 41
40965 41
40973 36
40981 39
40990 45
40998 48
41006 51
41014 48
41022 42
41031 49
41039 59
41047 58
41055 56
41063 53
41071 53
41079 45
41088 41
41096 39
41104 48
41113 49
41121 58
41129 50
41138 51
41146 54
41155 53
41163 64
41171 45
41179 35
41188 39
41196 41
41204 39
41212 41
41221 41
41229 52
41237 49
41245 53
41253 50
41261 45
41270 44
41278 44
41286 45
41294 44
41302 35
41311 36
41319 40
41327 44
41335 45
41343 50
41351 50
41359 50
41367 45
41376 48
41384 50
41392 48
41400 47
41408 45
41417 43
41425 52
41433 48
41442 45
41450 58
41458 44
41466 44
41475 45
41483 51
41491 52
41499 53
41507 55
41515 52
41523 42
41532 49
41540 59
41548 54
41556 52
41564 43
41573 43
41581 49
41589 52
41597 51
41605 46
41614 41
41622 44
41630 47
41638 49
41646 55
41654 49
41663 42
41671 42
41679 40
41687 38
41696 50
41704 49
41712 48
41720 47
41728 41
41737 38
41745 47
41753 46
41761 42
41769 38
41777 38
41785 37
41794 36
41802 38
41810 37
41818 37
41826 39
41835 34
41843 34
41851 37
41859 39
41867 41
41875 45
41883 46
41891 42
41899 41
41907 41
41915 36
41924 34
41932 36
41940 40
41948 42
41956 38
41965 38
41973 43
41981 45
41989 48
41997 51
42005 38
42014 44
42022 52
42030 49
42038 45
42046 42
42054 43
42062 41
42071 37
42079 41
42087 44
42095 49
42103 53
42111 49
42119 46
42128 44
42136 42
42144 42
42152 41
42160 45
42168 43
42176 42
42184 45
42192 44
42200 42
42209 40
42217 38
42225 44
42233 50
42241 46
42249 44
42258 40
42266 52
42274 50
42282 53
42290 57
42298 49
42306 39
42314 37
42323 37
42331 39
42339 42
42347 34
42356 41
42364 48
42372 54
42380 43
42389 42
42397 50
42405 50
42413 49
42421 42
42430 41
42438 49
42446 47
42454 49
42462 50
42470 51
42478 42
42487 40
42495 47
42503 52
42511 52
42520 45
42528 55
42536 56
42544 48
42553 49
42561 52
42569 53
42577 53
42585 46
42594 52
42602 52
42610 56
42618 50
42626 48
42634 39
42643 43
42651 48
42659 42
42667 44
42675 46
42683 42
42691 40
42700 42
42708 51
42716 52
42724 51
42733 43
42741 48
42749 48
42757 52
42765 47
42773 42
42782 36
42790 35
42798 36
42806 41
42814 42
42822 44
42831 47
42839 52
42847 50
42855 48
42863 44
42871 38
42880 40
42888 41
42896 44
42904 43
42912 40
42920 40
42928 39
42936 38
42945 38
42953 39
42961 44
42969 43
42977 44
42985 39
42993 39
43002 39
43010 45
43018 48
43026 44
43034 42
43042 39
43050 37
43058 35
43067 35
43075 37
43083 41
43091 41
43100 41
43108 43
43116 51
43124 51
43132 51
43140 50
43148 49
43156 47
43164 44
43173 39
43181 49
43189 49
43197 47
43205 46
43213 42
43222 44
43230 49
43238 38
43247 43
43255 44
43263 43
43271 40
43280 38
43288 40
43296 43
43304 44
43312 44
43320 46
43328 42
43337 45
43345 44
43353 43
43361 44
43369 45
43377 40
43385 40
43393 40
43401 36
43410 36
43418 39
43427 37
43435 43
43443 49
43451 47
43459 43
43467 39
43476 45
43484 46
43492 48
43500 49
43508 48
43516 47
43525 43
43533 52
43541 52
43549 54
43557 47
43565 43
43573 39
43582 37
43590 44
43598 45
43606 45
43614 35
43623 36
43631 43
43639 41
43647 44
43655 43
43663 41
43671 38
43680 39
43688 40
43696 43
43704 44
43712 42
43720 41
43728 36
43736 33
43745 41
43753 44
43761 48
43769 49
43778 41
43786 44
43794 54
43802 48
43810 48
43819 43
43827 48
43835 47
43843 41
43851 36
43860 45
43868 45
43876 45
43884 45
43893 45
43901 46
43909 51
43917 53
43925 53
43933 55
43941 50
43949 49
43957 45
43965 46
43974 38
43982 51
43990 48
43998 44
44006 42
44014 37
44023 48
44031 39
44039 42
44047 44
44055 35
44064 38
44072 47
44080 52
44088 51
44096 49
44104 50
44112 46
44120 42
44129 43
44137 43
44145 49
44153 45
44161 38
44170 38
44178 42
44186 48
44194 41
44203 40
44211 46
44219 48
44227 46
44235 49
44243 51
44251 50
44259 51
44267 38
44276 36
44284 37
44292 43
44301 38
44309 42
44317 48
44325 52
44333 50
44341 45
44349 40
44358 37
44366 41
44374 43
44382 50
44391 38
44399 39
44407 44
44415 43
44423 39
44431 39
44439 38
44447 35
44456 38
44464 40
44472 44
44480 43
44488 43
44496 42
44504 43
44512 37
44520 36
44529 35
44537 35
44545 41
44553 39
44561 41
44569 42
44577 44
44585 42
44593 43
44601 40
44610 34
44618 33
44626 42
44634 44
44642 44
44650 43
44658 40
44666 38
44674 35
44682 33
44691 35
44699 37
44707 35
44715 37
44723 37
44732 36
44740 37
44748 42
44756 38
44764 43
44772 41
44780 39
44788 39
44796 34
44805 36
44813 38
44821 42
44829 45
44837 44
44845 47
44853 44
44862 38
44870 46
44878 46
44886 44
44894 37
44903 40
44911 39
44919 41
44927 45
44935 40
44944 48
44952 54
44960 48
44968 48
44976 44
44984 42
44993 40
45001 43
45009 46
45017 50
45025 45
45033 41
45042 37
45050 45
45058 49
45066 48
45074 48
45083 49
45091 54
45099 53
45107 53
45115 48
45124 50
45132 53
45140 53
45148 55
45156 43
45165 53
45173 53
45181 59
45189 48
45198 42
45206 50
45214 49
45222 47
45230 44
45238 36
45247 38
45255 47
45263 55
45271 52
45279 55
45287 49
45295 43
45304 40
45312 45
45320 46
45328 46
45336 42
45344 46
45353 41
45361 48
45369 48
45377 51
45385 50
45393 48
45401 44
45409 39
45418 46
45426 48
45434 43
45442 43
45450 40
45459 40
45467 39
45475 43
45483 41
45491 34
45500 33
45508 34
45516 40
45524 43
45532 41
45541 42
45549 41
45557 40
45565 42
45573 47
45581 43
45589 47
45597 43
45605 44
45613 45
45621 42
45630 42
45638 43
45646 45
45654 50
45662 48
45670 44
45678 34
45687 35
45695 38
45704 39
45712 43
45720 45
45728 53
45736 56
45744 53
45752 58
45760 42
45769 41
45777 44
45785 51
45793 49
45801 45
45810 47
45818 48
45826 54
45834 52
45842 51
45851 46
45859 52
45867 52
45875 51
45883 57
45891 52
45899 43
45908 51
45916 47
45924 41
45933 44
45941 48
45949 43
45957 44
45966 43
45974 48
45982 55
45990 56
45998 52
46006 54
46015 54
46023 51
46031 51
46039 49
46047 40
46056 40
46064 42
46072 45
46080 50
46088 47
46096 44
46104 45
46113 41
46121 43
46129 44
46137 45
46145 47
46153 38
46162 38
46170 39
46178 35
46186 36
46194 38
46202 36
46210 35
46218 35
46227 34
46235 35
46243 37
46251 38
46259 40
46267 37
46275 36
46283 39
46292 42
46300 43
46308 48
46316 46
46324 40
46332 38
46340 39
46349 40
46357 46
46365 47
46373 50
46381 46
46389 42
46397 37
46406 42
46414 45
46422 49
46430 50
46438 51
46446 50
46454 46
46463 42
46471 54
46479 53
46487 50
46496 41
46504 48
46512 52
46520 48
46528 41
46537 45
46545 49
46553 53
46561 52
46570 47
46578 45
46586 51
46594 47
46602 44
46611 40
46619 48
46627 45
46635 51
46644 39
46652 42
46660 45
46668 41
46676 42
46684 43
46692 45
46701 43
46709 43
46717 47
46725 49
46733 51
46741 50
46749 48
46758 44
46766 48
46774 50
46782 50
46790 44
46799 39
46807 42
46815 45
46823 45
46831 45
46839 41
46847 44
46856 47
46864 49
46872 53
46880 54
46888 39
46897 43
46905 42
46913 43
46922 51
46930 54
46938 48
46946 43
46955 38
46963 44
46971 45
46979 47
46987 46
46995 44
47003 44
47011 46
47020 40
47028 47
47036 45
47044 49
47052 43
47060 39
47068 38
47076 36
47085 33
47093 36
47101 41
47109 37
47117 36
47125 38
47133 40
47141 39
47149 35
47158 38
47166 43
47174 36
47182 35
47191 33
47199 35
47207 38
47215 46
47223 46
47231 49
47239 51
47247 43
47255 41
47263 43
47271 42
47280 35
47288 36
47296 41
47304 44
47312 41
47320 44
47328 44
47336 41
47344 40
47353 39
47361 35
47369 34
47377 34
47385 36
47393 41
47401 43
47410 37
47418 42
47426 41
47434 40
47442 45
47450 39
47458 38
47467 35
47475 38
47483 36
47491 41
47499 41
47507 39
47515 40
47524 40
47532 39
47540 40
47548 42
47556 43
47564 42
47572 44
47580 42
47588 40
47597 41
47605 41
47613 41
47621 40
47630 39
47638 42
47646 44
47654 40
47662 45
47670 41
47679 35
47687 37
47695 35
47703 38
47712 36
47720 43
47728 43
47736 48
47744 45
47752 42
47760 40
47769 39
47777 43
47785 39
47793 45
47801 41
47809 36
47818 39
47826 40
47834 41
47842 44
47850 37
47858 39
47866 38
47875 40
47883 42
47891 43
47899 43
47907 38
47916 35
47923 38
47932 41
47940 39
47948 41
47956 45
47964 47
47973 46
47981 47
47989 44
47997 43
48005 36
48014 35
48022 39
48030 44
48038 46
48046 47
48054 49
48062 42
48070 40
48079 43
48087 44
48095 47
48103 42
48111 42
48120 40
48128 45
48136 43
48144 41
48152 42
48161 42
48169 43
48177 47
48185 55
48193 65
48201 49
48210 42
48218 46
48226 46
48234 42
48243 41
48251 39
48259 40
48267 42
48275 41
48283 43
48291 40
48299 38
48308 35
48316 40
48324 38
48332 41
48340 34
48349 41
48357 49
48365 49
48373 48
48381 53
48389 44
48397 38
48405 36
48414 45
48422 43
48430 41
48438 41
48446 40
48454 39
48462 36
48470 32
48479 33
48487 34
48495 37
48503 33
48511 36
48520 35
48528 36
48536 36
48544 39
48552 42
48560 42
48568 44
48576 40
48585 41
48593 43
48601 44
48609 42
48617 37
48626 38
48634 40
48642 46
48650 47
48658 43
48667 39
48675 44
48683 45
48691 52
48699 45
48708 41
48716 50
48724 47
48732 50
48740 54
48748 47
48756 47
48764 48
48772 42
48781 40
48789 45
48797 45
48805 48
48813 53
48821 52
48829 49
48837 45
48845 43
48854 38
48862 41
48870 44
48878 46
48886 43
48895 37
48902 34
48911 38
48919 42
48927 45
48935 41
48944 39
48952 44
48960 49
48968 46
48976 51
48984 44
48992 43
49001 39
49009 42
49017 43
49025 43
49034 41
49042 45
49050 48
49058 46
49066 40
49074 41
49082 39
49090 40
49098 36
49107 38
49115 41
49123 44
49131 43
49139 42
49147 42
49155 41
49164 38
49172 41
49180 43
49188 46
49196 40
49205 48
49213 49
49221 52
49229 45
49237 43
49245 38
49254 41
49262 45
49271 41
49279 39
49287 36
49295 38
49303 36
49311 38
49319 42
49328 37
49336 39
49344 40
49352 46
49360 45
49368 48
49376 49
49384 50
49392 45
49400 42
49408 41
49417 42
49425 44
49433 46
49441 50
49449 44
49457 44
49466 43
49474 51
49482 47
49490 48
49499 50
49507 48
49515 44
49523 40
49532 37
49540 41
49548 45
49556 48
49564 51
49572 48
49580 44
49588 42
49597 38
49605 40
49613 40
49622 39
49630 40
49638 48
49646 50
49654 50
49662 49
49670 53
49678 47
49686 40
49695 41
49703 44
49711 43
49719 38
49727 36
49735 35
49743 36
49752 37
49760 44
49768 50
49776 50
49784 44
49792 42
49801 38
49809 36
49817 42
49825 42
49833 43
49842 45
49850 56
49858 40
49867 40
49875 48
49883 55
49891 54
49899 44
49908 46
49916 46
49924 40
49933 36
49941 48
49949 48
49957 53
49965 45
49973 45
49981 43
49989 40
49998 45
50006 50
50014 46
50022 40
50031 42
50039 44
50047 47
50055 52
50063 52
50071 52
50079 50
50087 46
50095 41
50103 40
50111 35
50119 30
50128 30
50136 36
50144 36
50152 33
50161 30
50169 33
50177 36
50185 35
50193 37
50202 36
50210 39
50218 42
50226 43
50234 49
50242 47
50250 47
50258 46
50266 45
50274 40
50283 41
50291 45
50299 48
50307 52
50315 49
50323 40
50332 44
50340 51
50348 43
50357 42
50365 45
50373 46
50381 49
50389 52
50397 47
50405 39
50414 45
50422 54
50430 50
50438 46
50446 46
50454 40
50463 42
50471 46
50479 48
50487 49
50495 42
50504 38
50512 41
50520 39
50528 39
50536 40
50544 39
50553 39
50561 44
50569 42
50577 45
50585 47
50593 50
50601 50
50609 47
50617 42
50626 39
50634 41
50642 42
50650 40
50658 41
50666 45
50674 45
50682 45
50691 47
50699 46
50707 41
50716 41
50724 41
50732 37
50740 43
50748 41
50756 40
50765 40
50773 42
50781 45
50789 44
50797 41
50806 37
50814 46
50822 44
50830 45
50838 46
50846 41
50855 38
50863 42
50871 47
50879 46
50887 45
50895 43
50903 45
50912 40
50920 40
50928 43
50936 42
50944 37
50952 34
50960 35
50969 34
50977 34
50985 35
50993 34
51001 36
51009 34
51017 33
51026 32
51034 35
51042 36
51050 40
51058 38
51066 40
51074 41
51082 42
51090 37
51098 40
51106 35
51114 36
51122 36
51131 36
51139 38
51147 39
51155 43
51163 40
51171 43
51179 37
51188 45
51196 43
51204 45
51212 47
51220 47
51228 50
51236 45
51244 38
51252 36
51260 33
51269 34
51277 33
51285 32
51293 33
51302 38
51310 34
51318 38
51326 39
51334 37
51342 38
51350 36
51359 37
51367 35
51376 34
51384 39
51392 41
51400 44
51408 40
51416 41
51424 42
51432 42
51440 42
51449 37
51457 46
51465 44
51473 46
51481 44
51489 45
51497 47
51505 44
51513 39
51522 42
51530 40
51538 43
51546 34
51555 37
51563 41
51571 46
51579 48
51587 50
51595 48
51603 47
51611 40
51619 39
51627 36
51636 41
51644 44
51652 46
51660 44
51668 48
51676 37
51685 36
51693 41
51701 41
51709 38
51717 39
51725 39
51733 40
51741 39
51750 37
51758 43
51766 37
51775 36
51783 40
51791 42
51799 49
51807 57
51815 51
51823 50
51831 45
51840 38
51848 40
51856 38
51864 40
51872 43
51880 39
51888 36
51896 34
51905 30
51913 32
51921 35
51929 36
51938 41
51946 44
51954 51
51962 49
51970 46
51978 42
51987 41
51995 39
52003 41
52011 47
52019 54
52027 50
52035 47
52044 45
52052 47
52060 52
52068 53
52076 43
52084 41
52093 49
52101 42
52109 44
52117 43
52125 43
52133 36
52142 39
52150 43
52158 43
52166 44
52174 41
52182 39
52190 41
52198 41
52207 40
52215 42
52223 45
52231 42
52239 42
52247 39
52255 39
52263 38
52271 40
52280 37
52288 45
52296 44
52304 46
52312 45
52320 44
52329 47
52337 45
52345 44
52354 44
52362 56
52370 53
52378 47
52386 41
52394 40
52403 40
52411 41
52419 44
52427 45
52435 38
52444 39
52452 38
52460 46
52468 49
52476 44
52485 43
52493 51
52501 54
52509 55
52517 49
52525 42
52534 48
52542 57
52550 58
52558 54
52566 48
52575 46
52583 48
52591 54
52599 46
52608 46
52616 50
52624 49
52632 46
52640 43
52649 44
52657 48
52665 51
52673 49
52682 42
52690 52
52698 60
52707 51
52715 61
52723 58
52731 52
52739 46
52748 43
52756 47
52764 48
52772 46
52781 44
52789 45
52797 47
52805 43
52814 50
52822 51
52830 53
52838 41
52847 37
52855 42
52863 42
52871 46
52879 42
52887 47
52896 42
52904 50
52912 52
52920 52
52928 54
52936 56
52944 55
52952 46
52961 45
52969 47
52977 51
52985 48
52993 51
53002 47
53010 49
53018 48
53026 47
53034 42
53043 45
53051 52
53059 49
53067 48
53075 42
53084 40
53092 45
53101 42
53109 50
53117 52
53125 55
53133 54
53141 48
53149 46
53158 42
53166 44
53174 41
53182 42
53190 43
53198 42
53206 40
53214 40
53222 34
53231 40
53239 41
53247 45
53255 49
53263 41
53272 45
53280 50
53288 53
53296 58
53304 53
53312 47
53320 38
53329 46
53337 47
53345 43
53354 44
53362 52
53370 55
53378 46
53386 47
53394 39
53403 40
53411 52
53419 51
53427 48
53436 48
53444 51
53452 50
53460 50
53468 44
53477 46
53485 54
53493 53
53501 53
53509 44
53517 40
53526 44
53534 46
53542 47
53550 46
53559 48
53567 46
53575 49
53583 49
53591 48
53600 44
53608 56
53616 53
53624 46
53633 37
53641 40
53649 45
53657 46
53665 43
53674 49
53682 55
53690 59
53698 58
53706 59
53714 52
53723 51
53731 45
53739 39
53747 41
53756 44
53764 50
53772 53
53780 50
53788 40
53797 43
53805 50
53813 51
53821 40
53830 47
53838 47
53846 45
53854 43
53862 43
53871 44
53879 54
53887 55
53895 53
53903 48
53911 43
53920 46
53928 51
53936 58
53944 55
53952 50
53960 44
53969 40
53977 50
53985 49
53993 44
54001 41
54010 39
54018 44
54026 43
54034 45
54042 46
54050 43
54058 38
54067 38
54075 40
54083 41
54091 37
54099 36
54107 31
54115 30
54124 29
54132 32
54140 33
54148 36
54156 37
54164 33
54172 34
54180 32
54189 32
54197 30
54205 34
54213 34
54221 36
54229 40
54237 39
54245 39
54253 39
54261 40
54269 41
54277 37
54285 34
54294 37
54302 35
54310 37
54318 36
54326 37
54334 39
54342 36
54350 37
54358 33
54366 29
54375 28
54383 31
54391 30
54400 30
54408 30
54416 32
54424 36
54432 36
54440 37
54448 45
54456 41
54464 38
54472 36
54480 34
54488 30
54496 30
54504 31
54512 29
54520 29
54529 27
54538 29
54546 30
54554 29
54562 32
54570 37
54578 42
54586 42
54594 46
54602 43
54610 42
54618 40
54626 37
54634 30
54642 30
54651 31
54659 33
54667 34
54675 35
54683 36
54691 38
54699 40
54707 38
54716 38
54724 44
54732 50
54740 55
54749 38
54757 42
54765 43
54773 45
54781 44
54789 51
54797 46
54806 42
54814 41
54822 38
54830 39
54839 38
54847 40
54855 44
54863 50
54871 50
54879 44
54887 45
54895 44
54904 42
54912 40
54920 46
54928 46
54936 38
54945 40
54953 44
54961 48
54969 54
54977 56
54985 54
54993 46
55001 41
55010 39
55018 37
55027 34
55035 36
55043 36
55051 42
55059 44
55067 41
55075 37
55084 38
55092 42
55100 46
55108 54
55116 51
55124 49
55132 45
55141 38
55149 43
55157 52
55165 39
55174 38
55182 38
55190 43
55198 49
55206 49
55214 44
55222 35
55231 40
55239 43
55247 40
55256 41
55264 43
55272 48
55280 53
55288 56
55296 50
55304 51
55312 48
55321 57
55329 54
55337 44
55346 44
55354 44
55362 49
55371 47
55379 45
55387 52
55395 52
55403 50
55412 45
55420 56
55428 56
55436 47
55445 40
55453 44
55461 46
55469 50
55477 42
55485 42
55493 41
55502 42
55510 50
55518 51
55526 49
55534 48
55542 42
55551 36
55559 42
55567 47
55575 45
55584 39
55592 47
55600 50
55608 51
55616 51
55624 42
55633 44
55641 48
55649 53
55657 47
55665 40
55673 37
55682 39
55690 41
55698 41
55706 46
55714 43
55722 37
55731 38
55739 44
55747 38
55755 36
55764 38
55772 42
55780 40
55788 44
55796 43
55804 46
55812 39
55820 38
55828 30
55836 29
55846 32
55853 34
55861 35
55870 42
55878 42
55886 44
55894 42
55902 47
55910 47
55918 46
55926 44
55934 44
55943 39
55951 47
55959 48
55967 55
55975 48
55983 45
55992 45
56000 54
56008 54
56016 55
56025 45
56033 54
56041 44
56050 43
56058 47
56066 47
56074 42
56083 41
56091 45
56099 44
56107 46
56115 47
56123 45
56131 47
56139 43
56147 42
56156 37
56164 33
56172 29
56181 34
56189 38
56197 38
56205 38
56213 38
56221 39
56229 43
56237 47
56245 41
56253 41
56261 40
56269 38
56277 34
56286 36
56294 35
56302 38
56310 37
56318 41
56326 35
56335 33
56343 42
56351 41
56359 45
56367 52
56375 55
56383 53
56391 47
56399 43
56407 41
56415 36
56424 43
56432 39
56440 39
56448 38
56456 37
56465 35
56473 47
56481 44
56489 42
56497 34
56505 36
56514 39
56522 42
56530 44
56538 50
56546 50
56554 48
56562 50
56571 49
56579 52
56587 46
56595 47
56604 41
56612 42
56620 44
56628 47
56636 45
56644 45
56652 46
56660 45
56668 42
56677 40
56685 42
56693 44
56701 39
56709 37
56718 36
56726 39
56734 46
56742 48
56750 52
56758 47
56766 47
56774 39
56782 36
56791 39
56799 41
56807 42
56815 41
56824 43
56832 41
56840 46
56848 48
56856 49
56864 49
56872 49
56880 47
56888 40
56897 40
56905 47
56913 49
56921 53
56929 54
56937 51
56946 44
56954 53
56962 52
56970 49
56978 44
56986 37
56995 45
57003 44
57011 44
57019 49
57027 47
57036 41
57044 49
57052 50
57060 53
57068 49
57076 46
57085 38
57093 37
57101 42
57109 35
57117 39
57125 43
57134 37
57142 46
57150 48
57158 50
57166 50
57174 44
57183 39
57191 54
57199 53
57207 52
57215 43
57224 43
57232 48
57240 48
57248 45
57256 47
57264 41
57273 41
57281 45
57289 48
57297 50
57305 43
57313 42
57321 41
57330 38
57338 39
57346 44
57354 49
57363 39
57371 46
57379 49
57387 56
57395 56
57403 55
57411 54
57419 42
57428 40
57436 48
57444 44
57452 44
57460 43
57468 37
57477 42
57485 45
57493 50
57501 47
57509 45
57517 42
57525 42
57533 42
57541 38
57550 35
57557 33
57566 37
57574 40
57582 41
57590 37
57598 32
57606 34
57615 36
57623 37
57631 39
57639 42
57647 43
57655 39
57663 36
57672 37
57680 43
57688 41
57696 41
57704 38
57712 38
57720 33
57728 35
57736 32
57744 31
57752 31
57761 30
57769 34
57777 35
57785 35
57793 31
57801 31
57810 32
57818 35
57826 40
57834 37
57843 32
57851 34
57859 37
57867 40
57875 45
57883 45
57891 42
57899 44
57907 43
57915 40
57924 38
57932 41
57940 41
57948 38
57956 41
57965 36
57973 36
57981 40
57989 40
57997 44
58005 38
58013 41
58021 41
58030 40
58038 43
58046 49
58054 48
58062 45
58070 46
58078 45
58086 42
58094 42
58102 40
58110 42
58119 35
58127 40
58135 45
58143 45
58151 35
58160 31
58168 31
58176 32
58184 36
58192 38
58200 37
58209 38
58217 43
58225 42
58233 38
58241 34
58249 33
58258 35
58266 36
58274 39
58282 40
58290 39
58298 36
58307 35
58315 42
58323 44
58331 46
58339 46
58347 46
58355 41
58363 40
58371 39
58379 39
58388 41
58396 44
58404 48
58412 48
58420 45
58428 42
58436 40
58445 35
58453 39
58461 41
58469 41
58477 43
58485 43
58493 41
58502 42
58510 45
58518 45
58526 47
58534 46
58542 40
58550 40
58558 38
58566 36
58575 42
58583 42
58591 41
58599 43
58608 45
58616 50
58624 54
58632 56
58640 50
58648 49
58656 47
58665 55
58673 55
58681 52
58689 48
58697 42
58706 48
58714 46
58722 48
58731 41
58739 52
58747 50
58755 50
58763 46
58771 44
58780 44
58788 45
58796 48
58804 47
58812 41
58820 40
58828 37
58836 39
58845 38
58853 39
58861 36
58869 40
58877 41
58885 41
58893 38
58902 38
58910 41
58918 43
58926 47
58934 44
58942 41
58950 37
58959 38
58967 42
58975 47
58983 52
58991 52
58999 49
59007 45
59015 38
59024 40
59032 47
59040 41
59048 39
59056 41
59065 46
59073 49
59081 47
59090 39
59097 34
59106 31
59114 39
59122 40
59130 38
59138 34
59147 38
59155 44
59163 44
59171 44
59179 40
59187 41
59195 37
59204 46
59212 47
59220 43
59228 45
59236 39
59244 34
59253 35
59261 34
59269 34
59277 32
59285 35
59293 38
59301 40
59309 38
59318 41
59326 43
59334 42
59342 45
59350 43
59358 38
59367 34
59375 36
59383 39
59391 45
59399 45
59407 38
59415 35
59424 34
59432 37
59440 41
59448 48
59456 44
59464 45
59472 42
59480 46
59489 38
59497 49
59505 46
59513 46
59521 47
59529 42
59537 37
59546 37
59554 38
59562 39
59570 38
59578 37
59586 38
59595 36
59603 40
59611 39
59619 52
59627 47
59635 43
59643 40
59652 36
59660 39
59668 41
59676 44
59684 37
59693 41
59701 48
59709 50
59717 47
59725 41
59734 37
59742 44
59750 47
59758 45
59766 43
59774 43
59782 42
59791 45
59799 46
59807 46
59815 42
59824 43
59832 43
59840 47
59848 45
59856 42
59864 42
59872 38
59880 38
59889 36
59897 44
59905 49
59913 47
59921 47
59929 43
59937 44
59945 41
59954 49
59962 47
59970 48
59978 50
59986 45
59995 40
60003 44
60011 52
60019 56
60027 57
60036 50
60044 44
60052 44
60060 43
60068 40
60077 45
60085 49
60093 55
60101 52
60109 45
60117 44
60126 39
60134 38
60142 42
60150 40
60158 37
60166 38
60175 42
60183 48
60191 46
60199 43
60207 44
60215 42
60223 39
60232 38
60240 40
60248 49
60256 35
60265 36
60273 44
60281 50
60289 54
60297 48
60305 42
60314 42
60322 42
60330 48
60338 53
60346 50
60354 54
60362 48
60370 40
60379 37
60387 44
60395 46
60403 49
60411 44
60419 42
60428 36
60436 39
60444 40
60452 40
60460 41
60468 39
60477 40
60485 40
60493 45
60501 45
60509 46
60517 47
60525 42
60534 38
60542 41
60550 42
60558 50
60566 57
60574 53
60582 56
60590 56
60598 53
60606 40
60614 37
60622 34
60631 29
60640 31
60648 30
60656 34
60664 36
60672 39
60680 41
60688 45
60696 50
60704 50
60712 50
60720 48
60728 41
60736 41
60744 39
60753 38
60761 40
60769 39
60777 36
60785 38
60793 38
60801 40
60809 38
60817 33
60826 35
60834 33
60842 35
60850 42
60858 38
60866 36
60874 36
60882 34
60890 36
60899 36
60907 39
60915 37
60923 39
60931 37
60939 32
60947 32
60955 32
60963 31
60972 32
60980 32
60988 33
60996 32
61004 33
61012 34
61020 32
61028 32
61036 32
61044 35
61052 33
61060 33
61069 32
61077 32
61085 33
61093 34
61101 34
61109 32
61118 35
61126 36
61134 39
61142 44
61150 45
61158 52
61166 51
61174 43
61182 41
61191 38
61199 41
61207 42
61215 41
61223 41
61231 41
61239 38
61247 40
61255 34
61264 34
61272 40
61280 43
61288 45
61296 40
61305 51
61313 52
61321 46
61329 40
61338 42
61346 46
61354 51
61362 52
61370 54
61379 46
61387 47
61395 47
61404 40
61412 45
61420 37
61428 39
61436 44
61444 40
61452 35
61460 34
61468 36
61477 46
61485 47
61493 45
61501 42
61509 39
61518 37
61526 37
61534 36
61542 36
61550 33
61558 35
61566 35
61574 31
61582 32
61590 34
61599 35
61607 35
61615 39
61623 44
61631 47
61639 44
61647 45
61655 41
61663 42
61671 38
61679 35
61688 37
61696 44
61704 36
61713 36
61721 40
61729 40
61737 45
61745 42
61753 42
61761 40
61770 41
61778 45
61786 46
61794 55
61802 49
61810 48
61818 47
61826 42
61835 39
61843 43
61851 47
61859 44
61867 44
61875 36
61883 33
61892 38
61900 37
61908 39
61916 40
61924 42
61932 35
61940 32
61949 36
61957 38
61965 35
61973 37
61982 41
61990 42
61998 47
62006 42
62014 42
62023 42
62031 39
62039 39
62047 37
62056 34
62064 33
62072 30
62080 32
62088 32
62096 30
62105 33
62113 39
62121 37
62129 39
62137 39
62145 42
62153 40
62161 41
62169 39
62177 39
62185 35
62193 33
62201 32
62210 33
62218 35
62226 39
62234 42
62242 40
62250 38
62258 35
62267 39
62275 43
62283 44
62291 52
62299 51
62307 50
62315 46
62323 40
62332 42
62340 41
62348 43
62356 43
62364 43
62372 37
62380 37
62389 34
62397 38
62405 42
62413 46
62421 44
62429 44
62437 43
62445 34
62454 36
62462 38
62470 41
62478 37
62486 39
62494 38
62502 41
62510 38
62518 39
62526 34
62535 35
62543 33
62551 37
62559 41
62567 37
62575 37
62583 35
62592 35
62600 39
62608 41
62616 44
62624 47
62632 40
62640 35
62648 36
62657 38
62665 39
62673 38
62681 44
62689 43
62697 42
62705 41
62713 36
62721 37
62730 43
62738 40
62746 41
62754 42
62762 46
62770 43
62778 38
62786 36
62795 34
62803 38
62811 36
62819 36
62827 36
62835 37
62843 35
62851 35
62859 34
62867 37
62875 37
62884 34
62892 39
62900 43
62908 49
62916 45
62924 43
62932 37
62940 34
62948 32
62957 36
62965 36
62973 36
62981 39
62989 35
62997 34
63006 35
63014 38
63022 34
63030 34
63038 34
63046 34
63054 36
63062 36
63070 36
63078 33
63086 32
63094 31
63103 35
63111 35
63119 35
63127 36
63135 36
63143 38
63151 35
63160 33
63168 32
63175 33
63183 34
63192 37
63200 40
63208 44
63216 40
63224 38
63232 36
63240 37
63248 34
63257 35
63265 42
63273 41
63281 43
63289 44
63298 38
63306 41
63314 44
63322 44
63330 45
63338 43
63346 41
63354 39
63363 34
63371 36
63379 35
63387 35
63395 35
63403 33
63411 35
63419 40
63428 38
63436 38
63444 38
63452 43
63460 44
63468 42
63476 37
63484 38
63493 38
63501 39
63509 44
63517 49
63525 47
63533 42
63541 45
63549 38
63558 35
63566 37
63574 38
63582 42
63590 44
63598 45
63606 41
63615 42
63623 43
63631 48
63639 49
63647 48
63655 46
63663 43
63671 43
63679 39
63687 35
63695 34
63704 34
63712 36
63720 37
63728 37
63736 38
63744 37
63752 38
63760 38
63768 34
63776 36
63784 31
63793 36
63801 35
63809 35
63817 38
63825 33
63833 33
63841 31
63850 32
63858 33
63866 34
63874 37
63882 37
63890 37
63898 35
63906 32
63915 32
63923 32
63931 37
63939 37
63947 38
63955 38
63963 37
63971 33
63979 35
63987 35
63995 34
64004 31
64012 34
64020 34
64028 31
64036 37
64044 34
64052 34
64061 36
64069 35
64077 35
64085 35
64093 40
64101 39
64109 39
64117 43
64125 38
64133 33
64142 35
64150 34
64159 39
64167 41
64175 44
64183 47
64191 46
64199 41
64207 38
64216 36
64224 32
64232 36
64240 36
64248 33
64257 39
64265 39
64273 40
64281 47
64289 47
64297 43
64306 40
64314 45
64322 49
64330 48
64338 51
64346 49
64354 46
64362 41
64371 41
64379 40
64387 49
64395 42
64403 39
64412 43
64420 48
64428 50
64436 50
64444 48
64452 43
64461 43
64469 48
64477 48
64485 50
64493 45
64501 43
64509 39
64517 34
64525 34
64534 35
64542 38
64550 44
64558 38
64566 37
64575 40
64583 45
64591 47
64599 46
64607 47
64615 48
64623 45
64631 46
64639 43
64648 38
64656 46
64664 51
64672 46
64680 40
64689 41
64697 48
64705 50
64713 50
64721 41
64730 39
64738 40
64746 40
64754 47
64762 55
64770 55
64778 49
64786 44
64795 45
64803 42
64811 44
64819 44
64827 41
64835 44
64843 40
64852 42
64860 54
64868 49
64876 43
64885 42
64893 46
64901 49
64909 55
64917 47
64925 41
64934 47
64942 50
64950 55
64958 53
64966 48
64974 43
64982 40
64990 36
64998 30
65008 31
65016 34
65024 39
65032 39
65040 39
65048 38
65056 43
65064 39
65072 39
65080 42
65088 44
65096 41
65105 39
65113 40
65121 46
65129 53
65137 48
65145 47
65153 39
65162 46
65170 49
65178 48
65186 48
65194 45
65202 45
65210 39
65219 40
65227 40
65235 44
65243 46
65251 44
65259 42
65267 43
65275 38
65283 36
65292 38
65300 43
65308 51
65316 46
65324 47
65332 44
65340 40
65349 42
65357 42
65365 41
65373 41
65381 47
65389 47
65397 43
65405 42
65413 39
65422 45
65430 50
65438 51
65446 41
65455 43
65463 41
65471 44
65479 40
65487 34
65495 33
65504 37
65512 42
65520 48
65528 46
65536 40
65544 35
65553 39
65561 41
65569 41
65577 46
65585 39
65593 39
65601 40
65609 34
65618 36
65626 39
65634 37
65642 40
65650 50
65658 46
65666 41
65674 37
65683 38
65691 50
65699 42
65707 42
65715 39
65723 39
65732 44
65740 45
65748 49
65756 49
65764 51
65772 51
65780 44
65788 44
65796 38
65805 41
65813 41
65821 42
65829 42
65838 41
65846 41
65854 40
65862 37
65871 37
65879 44
65887 41
65895 45
65903 44
65912 42
65920 46
65928 39
65936 38
65944 36
65953 35
65961 38
65969 41
65977 46
65985 46
65993 45
66001 39
66009 40
66018 33
66026 40
66034 38
66042 37
66050 40
66058 40
66067 37
66075 45
66083 47
66091 43
66099 45
66107 44
66115 40
66124 42
66132 43
66140 42
66148 42
66156 42
66164 42
66172 39
66180 39
66188 36
66197 41
66205 42
66213 46
66221 52
66229 52
66237 52
66245 48
66253 42
66262 45
66270 44
66278 49
66286 46
66294 45
66303 41
66311 43
66319 51
66327 40
66336 47
66344 50
66352 52
66360 57
66368 47
66376 41
66385 38
66393 41
66401 47
66409 47
66417 42
66425 41
66434 41
66442 39
66450 45
66458 39
66466 39
66474 40
66483 43
66491 52
66499 49
66507 41
66516 49
66524 47
66532 51
66540 52
66548 46
66556 41
66564 37
66573 43
66581 40
66589 46
66597 45
66605 40
66614 39
66622 45
66630 48
66638 52
66646 50
66655 42
66663 45
66671 51
66679 47
66687 48
66695 50
66704 47
66712 46
66720 53
66728 53
66736 44
66745 40
66753 53
66761 52
66769 46
66778 44
66786 46
66794 46
66802 45
66810 39
66818 38
66826 38
66834 34
66843 35
66851 37
66859 39
66867 42
66875 45
66883 44
66891 40
66899 33
66907 33
66916 33
66924 36
66932 38
66940 37
66948 37
66956 37
66965 35
66973 37
66981 39
66989 40
66997 39
67005 41
67013 39
67021 37
67029 32
67037 32
67046 36
67054 37
67062 41
67070 40
67078 42
67086 45
67094 40
67102 41
67111 38
67119 38
67127 41
67135 40
67143 44
67151 43
67159 43
67167 39
67176 49
67184 48
67192 51
67200 52
67208 45
67216 39
67224 34
67233 34
67241 34
67249 32
67258 34
67266 38
67274 43
67282 41
67290 41
67298 41
67306 38
67314 33
67323 37
67331 38
67339 43
67347 46
67355 46
67363 48
67371 40
67379 36
67387 34
67396 34
67404 36
67412 41
67420 42
67428 42
67436 38
67444 36
67453 30
67461 29
67469 31
67478 31
67486 32
67494 36
67502 32
67510 34
67518 42
67526 42
67534 41
67542 39
67550 39
67558 35
67567 37
67575 38
67583 37
67591 36
67599 33
67607 34
67615 35
67623 37
67631 36
67639 33
67647 32
67656 32
67664 37
67672 35
67680 37
67688 33
67696 32
67705 34
67713 36
67721 37
67729 43
67737 46
67745 46
67753 48
67761 49
67769 49
67777 47
67785 43
67794 42
67802 40
67810 40
67818 38
67826 40
67834 38
67842 38
67851 35
67859 38
67867 37
67875 39
67883 40
67891 41
67899 44
67907 42
67915 36
67923 36
67932 41
67940 45
67948 49
67956 43
67964 43
67972 43
67980 40
67988 36
67996 37
68004 34
68012 34
68021 35
68029 39
68037 34
68045 42
68053 41
68061 37
68069 36
68077 35
68086 35
68094 35
68102 38
68110 39
68118 37
68126 32
68134 31
68143 36
68151 36
68159 42
68167 44
68175 42
68183 41
68191 38
68199 36
68208 38
68216 40
68224 44
68232 44
68240 49
68248 41
68257 35
68265 38
68273 36
68281 39
68289 39
68297 39
68305 38
68313 38
68321 39
68329 39
68337 39
68345 37
68353 38
68361 35
68370 36
68378 37
68386 41
68394 39
68402 37
68411 34
68419 43
68427 41
68435 42
68443 45
68451 43
68460 39
68468 39
68476 45
68484 51
68492 50
68500 43
68508 43
68516 41
68524 42
68533 45
68541 46
68549 44
68557 40
68566 36
68574 41
68582 38
68590 42
68599 38
68607 41
68615 43
68623 45
68631 46
68639 50
68647 53
68655 53
68663 52
68672 43
68680 46
68688 43
68696 45
68704 47
68712 48
68720 45
68728 44
68736 40
68744 38
68752 34
68760 34
68769 32
68777 34
68785 39
68793 42
68801 37
68810 42
68818 46
68826 56
68834 49
68842 46
68850 41
68859 39
68867 44
68875 44
68883 47
68891 44
68899 41
68907 39
68915 40
68924 37
68932 41
68940 40
68948 38
68956 36
68965 37
68973 40
68981 39
68989 43
68997 47
69005 42
69013 41
69022 38
69030 48
69038 53
69046 59
69054 55
69062 48
69070 42
69079 39
69087 48
69095 44
69104 49
69112 55
69120 56
69128 58
69136 52
69144 51
69152 43
69161 43
69169 46
69177 47
69185 48
69193 43
69201 41
69210 39
69218 45
69226 43
69234 43
69242 43
69250 40
69258 42
69266 36
69275 38
69283 43
69291 39
69299 34
69307 36
69315 36
69324 37
69332 41
69340 44
69348 44
69356 43
69364 43
69372 40
69380 37
69388 34
69396 35
69405 36
69413 42
69421 42
69429 41
69437 40
69445 42
69453 43
69461 42
69469 44
69477 43
69485 38
69493 36
69501 36
69509 34
69518 34
69526 42
69534 42
69542 45
69550 45
69558 42
69566 37
69574 38
69582 39
69591 36
69599 43
69607 40
69615 37
69623 39
69632 37
69640 38
69648 40
69656 40
69664 41
69672 46
69680 43
69689 38
69697 50
69705 46
69713 46
69721 44
69729 41
69737 39
69746 36
69754 44
69762 48
69770 46
69778 45
69786 44
69794 37
69803 36
69811 41
69819 43
69827 44
69835 44
69843 46
69851 40
69859 39
69868 40
69876 37
69884 40
69892 42
69900 44
69908 40
69917 46
69925 45
69933 50
69941 47
69949 44
69957 45
69965 39
69974 39
69982 45
69990 49
69998 54
70006 56
70014 49
70022 46
70030 39
70038 40
70047 45
70055 41
70063 39
70071 42
70079 38
70088 37
70096 35
70104 42
70112 43
70120 42
70129 41
70137 45
70145 45
70153 45
70161 44
70169 43
70177 37
70186 37
70194 39
70202 41
70210 48
70218 48
70226 45
70234 45
70242 40
70250 41
70258 37
70267 36
70275 38
70283 43
70291 41
70299 43
70307 45
70315 43
70323 43
70331 44
70339 35
70348 33
70355 32
70364 40
70372 36
70380 41
70388 39
70396 38
70404 36
70412 33
70420 30
70430 33
70438 35
70446 39
70454 40
70462 44
70470 46
70478 47
70486 41
70494 38
70502 37
70510 38
70518 35
70527 42
70535 36
70543 41
70551 44
70560 38
70568 39
70576 45
70584 44
70592 45
70600 49
70608 55
70616 52
70624 49
70632 55
70640 54
70648 47
70656 42
70665 43
70673 36
70681 37
70690 34
70698 40
70706 43
70714 43
70722 45
70730 47
70738 45
70746 41
70755 43
70763 42
70771 45
70779 45
70787 45
70795 39
70804 45
70812 43
70820 42
70828 45
70836 37
70845 43
70853 44
70861 45
70869 44
70877 43
70885 39
70893 38
70902 36
70910 40
70918 41
70926 45
70934 42
70942 42
70950 43
70958 41
70966 38
70975 40
70983 42
70991 47
70999 48
71007 47
71015 43
71023 42
71031 39
71040 39
71048 42
71056 46
71064 47
71072 42
71080 38
71088 34
71097 35
71105 40
71113 40
71121 45
71129 50
71137 43
71145 41
71153 39
71162 40
71170 38
71178 42
71186 39
71194 39
71202 39
71210 40
71218 35
71227 34
71235 38
71243 43
71251 46
71259 39
71268 43
71276 49
71284 48
71292 44
71301 44
71309 62
71317 62
71325 48
71334 46
71342 50
71350 49
71358 47
71366 47
71374 39
71383 45
71391 45
71399 42
71407 36
71416 40
71424 42
71432 41
71440 38
71448 35
71457 37
71465 40
71473 41
71481 40
71489 42
71498 37
71506 40
71514 42
71522 44
71530 41
71538 47
71546 41
71554 36
71563 39
71571 47
71579 53
71587 48
71595 44
71603 43
71611 43
71619 38
71627 36
71636 36
71644 36
71652 38
71660 40
71668 39
71676 38
71684 39
71692 40
71700 39
71708 37
71717 33
71725 33
71733 35
71741 36
71749 40
71757 35
71766 39
71774 40
71782 39
71790 41
71798 40
71806 39
71814 38
71822 35
71830 38
71839 41
71847 44
71855 45
71863 47
71871 44
71880 38
71888 36
71896 40
71904 42
71912 39
71920 37
71929 43
71937 47
71945 42
71953 47
71961 43
71969 43
71977 42
71985 38
71993 36
72002 41
72010 40
72018 45
72026 37
72035 34
72043 35
72051 39
72059 40
72067 43
72075 43
72083 40
72091 41
72099 35
72108 35
72116 35
72124 36
72132 38
72140 34
72148 33
72156 30
72165 38
72173 37
72181 38
72189 39
72197 37
72205 33
72214 33
72221 32
72229 32
72238 36
72246 36
72254 37
72262 35
72270 32
72279 41
72287 45
72295 48
72303 47
72311 44
72319 47
72327 42
72335 43
72343 41
72351 35
72360 38
72368 41
72376 46
72384 45
72392 46
72400 44
72409 44
72417 51
72425 52
72433 55
72441 48
72450 49
72458 56
72466 45
72475 46
72483 44
72491 44
72500 48
72508 52
72516 55
72524 55
72532 51
72540 46
72548 36
72557 41
72565 44
72573 42
72581 45
72589 41
72597 42
72605 37
72614 39
72622 38
72630 40
72638 37
72647 39
72655 43
72663 45
72671 48
72679 50
72687 48
72695 42
72703 40
72712 40
72720 40
72728 44
72736 46
72744 45
72752 42
72760 36
72769 37
72777 40
72785 38
72793 41
72801 43
72809 40
72817 38
72825 37
72833 34
72841 30
72850 32
72858 31
72866 32
72874 34
72882 34
72890 37
72898 38
72907 37
72915 42
72923 43
72931 48
72939 48
72947 42
72955 41
72964 38
72972 42
72980 43
72988 44
72996 44
73004 42
73012 39
73020 38
73028 37
73037 35
73045 39
73053 37
73061 35
73069 36
73077 36
73085 35
73093 33
73101 32
73110 37
73118 40
73126 42
73134 42
73142 39
73150 37
73159 39
73167 39
73175 40
73183 45
73191 48
73199 48
73207 46
73215 41
73224 36
73232 33
73240 33
73248 35
73256 38
73264 39
73272 36
73281 38
73289 37
73297 35
73305 40
73313 41
73321 39
73329 40
73337 41
73345 41
73353 36
73361 31
73370 30
73378 32
73386 31
73394 34
73402 37
73410 32
73418 31
73427 33
73435 40
73443 40
73451 35
73459 36
73467 33
73475 33
73484 31
73492 33
73500 33
73508 34
73516 36
73524 35
73532 37
73540 38
73548 38
73556 42
73564 42
73572 41
73580 42
73588 35
73597 34
73605 36
73613 40
73621 39
73629 37
73637 37
73646 36
73654 37
73662 39
73670 39
73678 39
73686 42
73694 42
73702 42
73710 39
73718 37
73726 35
73735 38
73743 53
73751 40
73760 41
73768 49
73776 45
73784 45
73792 47
73800 49
73808 46
73816 42
73825 40
73833 42
73841 44
73849 44
73857 46
73865 43
73873 43
73881 39
73890 41
73898 39
73906 36
73914 41
73922 39
73931 39
73939 42
73947 39
73955 44
73963 38
73971 37
73979 35
73988 41
73996 39
74004 41
74012 39
74020 35
74029 39
74037 39
74045 40
74053 39
74061 39
74069 39
74077 36
74085 33
74093 32
74101 33
74110 34
74118 34
74126 37
74134 39
74142 39
74150 34
74158 34
74167 32
74175 31
74183 35
74191 37
74199 43
74207 46
74215 43
74223 40
74231 35
74239 35
74248 36
74256 40
74264 42
74272 46
74280 47
74288 46
74297 43
74305 50
74313 55
74321 49
74330 44
74338 53
74346 52
74354 41
74363 57
74371 55
74379 48
74387 48
74396 46
74404 47
74412 51
74420 52
74429 47
74437 49
74445 55
74453 48
74461 43
74470 46
74478 46
74486 44
74494 42
74502 38
74511 41
74519 42
74527 40
74535 41
74543 36
74552 38
74560 40
74568 41
74576 40
74584 40
74592 41
74600 42
74608 42
74617 37
74625 37
74633 35
74641 37
74649 38
74657 41
74665 38
74673 35
74681 35
74689 33
74698 35
74706 35
74714 33
74722 34
74730 32
74738 31
74746 31
74754 33
74762 33
74770 33
74779 34
74787 36
74795 37
74803 45
74811 45
74819 40
74827 37
74835 36
74843 36
74852 34
74859 35
74867 35
74876 36
74884 40
74892 43
74900 44
74909 38
74917 44
74925 54
74933 53
74941 48
74949 39
74958 45
74966 50
74974 44
74982 43
74990 44
74999 39
75007 44
75015 47
75023 51
75031 50
75039 46
75047 40
75056 42
75064 47
75072 49
75080 52
75088 46
75096 43
75104 36
75113 42
75121 44
75129 43
75137 41
75145 38
75153 38
75161 42
75169 38
75178 43
75186 48
75194 49
75202 40
75211 38
75219 42
75227 45
75235 43
75243 46
75251 45
75259 42
75267 37
75276 36
75284 38
75292 43
75300 44
75308 46
75316 44
75324 44
75333 41
75341 44
75349 42
75357 39
75366 33
75374 33
75382 36
75390 34
75398 36
75406 39
75414 38
75422 38
75430 36
75439 36
75447 39
75455 42
75463 38
75472 39
75480 41
75488 43
75496 45
75504 42
75512 53
75520 42
75528 38
75537 41
75545 45
75553 44
75561 39
75569 38
75577 35
75586 45
75594 40
75602 39
75610 35
75618 35
75626 38
75635 41
75643 44
75651 48
75659 47
75667 46
75675 46
75683 43
75692 47
75700 50
75708 51
75717 46
75725 45
75733 47
75741 44
75749 47
75758 51
75766 43
75774 46
75782 43
75790 42
75798 41
75807 45
75815 42
75823 47
75831 47
75839 47
75847 46
75855 43
75863 43
75871 40
75879 37
75888 39
75896 39
75904 37
75913 40
75921 46
75929 51
75937 47
75945 44
75953 42
75961 38
75970 39
75978 46
75986 46
75994 49
76002 43
76010 42
76018 36
76027 39
76035 40
76043 40
76051 41
76059 42
76067 36
76075 31
76084 35
76092 38
76100 42
76108 44
76116 37
76124 40
76133 38
76141 41
76149 35
76158 39
76166 37
76174 37
76182 37
76190 37
76198 37
76206 37
76214 37
76223 36
76231 42
76239 41
76247 46
76255 45
76263 44
76271 43
76279 40
76287 37
76295 33
76303 32
76312 34
76320 33
76328 34
76336 33
76344 36
76352 36
76361 36
76369 38
76377 42
76385 45
76393 41
76401 42
76409 38
76418 36
76426 43
76434 43
76442 39
76450 40
76458 35
76467 37
76475 42
76483 45
76491 46
76499 49
76507 50
76515 48
76523 42
76531 35
76540 33
76548 36
76556 37
76564 38
76572 36
76581 38
76589 40
76597 42
76605 41
76613 48
76621 48
76629 42
76637 37
76646 36
76654 34
76662 35
76670 33
76678 31
76686 29
76695 32
76703 32
76711 35
76719 33
76727 37
76735 36
76743 39
76751 39
76759 40
76767 42
76776 40
76784 42
76792 51
76800 55
76808 51
76816 48
76824 43
76833 37
76841 38
76849 41
76857 39
76865 40
76873 39
76881 35
76889 34
76897 36
76906 40
76914 41
76922 44
76930 45
76938 44
76946 45
76954 44
76962 47
76970 44
76978 39
76987 41
76995 50
77003 45
77011 36
77020 33
77028 36
77036 42
77044 44
77052 40
77060 39
77069 36
77077 37
77085 46
77093 45
77101 44
77109 39
77118 42
77126 43
77134 48
77142 43
77151 39
77159 43
77167 46
77175 54
77183 58
77191 58
77199 52
77207 48
77215 42
77223 40
77232 35
77240 34
77248 37
77256 38
77264 36
77273 40
77281 48
77289 51
77297 57
77305 54
77313 50
77321 48
77329 40
77338 36
77346 41
77354 45
77362 41
77370 49
77378 45
77387 48
77395 53
77403 48
77411 45
77419 43
77428 43
77436 51
77444 49
77452 47
77461 41
77469 51
77477 49
77485 47
77494 48
77502 48
77510 46
77519 44
77527 49
77535 55
77543 58
77551 61
77559 47
77568 45
77576 48
77584 57
77592 50
77600 50
77609 42
77617 43
77625 45
77633 50
77641 45
77650 43
77658 48
77666 50
77674 49
77682 39
77690 36
77699 39
77707 39
77715 42
77723 44
77731 49
77739 47
77747 42
77755 41
77764 48
77772 53
77780 55
77788 52
77796 44
77805 49
77813 50
77821 54
77829 51
77837 47
77846 48
77854 48
77862 45
77870 44
77878 45
77886 40
77895 44
77903 49
77911 39
77920 43
77928 45
77936 53
77944 49
77952 41
77961 40
77969 46
77977 50
77985 50
77993 53
78002 47
78010 53
78018 55
78026 50
78034 46
78042 41
78051 46
78059 46
78067 45
78076 35
78084 35
78092 41
78100 46
78108 47
78116 44
78125 38
78133 46
78141 45
78149 45
78157 55
78165 56
78173 56
78182 48
78190 52
78198 56
78206 58
78214 52
78222 48
78231 43
78239 44
78247 45
78255 40
78263 40
78272 43
78280 51
78288 53
78296 53
78304 58
78312 53
78320 49
78328 43
78336 39
78345 43
78353 49
78361 44
78369 44
78378 37
78386 46
78394 43
78402 43
78410 41
78418 44
78426 38
78434 38
78442 34
78451 37
78459 41
78467 38
78475 39
78483 38
78491 39
78499 33
78508 35
78516 40
78524 49
78532 47
78540 43
78548 44
78556 35
78565 40
78573 44
78581 43
78589 42
78597 42
78606 42
78614 42
78622 47
78630 46
78638 39
78646 40
78655 36
78663 41
78671 44
78679 50
78687 50
78695 43
78703 40
78712 41
78720 44
78728 43
78736 42
78745 48
78753 56
78761 60
78769 60
78777 52
78785 37
78794 40
78802 47
78810 47
78819 45
78827 53
78835 51
78843 46
78852 48
78860 56
78868 60
78876 52
78885 43
78893 48
78901 59
78909 44
78918 45
78926 49
78935 38
78943 41
78951 47
78959 41
78967 40
78975 38
78983 33
78991 35
78999 35
79008 35
79016 39
79024 39
79032 36
79040 34
79048 33
79056 32
79064 32
79073 35
79081 36
79089 35
79097 35
79105 35
79113 37
79121 35
79130 33
79138 39
79146 39
79154 41
79162 36
79170 35
79178 36
79186 35
79194 33
79203 35
79211 37
79219 39
79227 38
79235 40
79243 44
79251 43
79259 43
79267 41
79275 35
79284 41
79292 42
79300 41
79308 43
79316 45
79324 46
79332 45
79340 41
79348 41
79356 39
79365 43
79373 41
79381 40
79389 41
79397 37
79405 36
79414 36
79422 43
79430 40
79438 46
79446 45
79455 41
79463 39
79471 42
79479 39
79487 36
79495 37
79504 39
79512 41
79520 41
79528 41
79536 42
79544 41
79553 39
79561 46
79569 45
79577 44
79585 40
79593 37
79602 40
79610 46
79618 50
79626 45
79634 43
79642 46
79650 46
79658 41
79667 37
79675 37
79683 38
79691 41
79699 40
79707 43
79715 40
79723 39
79731 36
79740 43
79748 46
79756 39
79764 36
79772 37
79780 37
79789 45
79797 49
79805 37
79814 39
79822 42
79830 42
79838 50
79846 48
79854 46
79862 40
79870 37
79878 37
79887 45
79895 47
79903 53
79911 54
79919 52
79927 46
79936 49
79944 59
79952 59
79960 61
79968 59
79976 54
79984 47
79993 46
80001 48
80009 48
80018 40
80026 50
80034 40
80042 39
80051 43
80059 46
80067 45
80075 50
80083 48
80091 48
80100 46
80108 45
80116 45
80124 47
80132 49
80140 48
80148 45
80157 39
80165 39
80173 38
80181 40
80189 41
80197 40
80206 37
80214 41
80222 46
80230 47
80238 42
80246 45
80254 41
80262 40
80270 36
80278 35
80287 36
80295 37
80303 37
80311 38
80320 36
80328 32
80336 38
80344 36
80352 36
80360 39
80368 37
80377 42
80385 39
80393 40
80401 40
80409 43
80417 45
80425 44
80433 43
80441 41
80450 46
80458 53
80466 56
80474 59
80482 54
80490 48
80499 41
80507 44
80515 45
80523 42
80532 41
80540 46
80548 47
80556 46
80564 47
80572 46
80581 38
80589 42
80597 44
80605 43
80613 44
80622 42
80630 42
80638 47
80646 50
80654 53
80662 50
80670 45
80679 48
80687 52
80695 56
80704 57
80712 58
80720 44
80729 52
80737 49
80746 40
80754 42
80762 40
80770 38
80778 34
80786 37
80795 38
80803 45
80811 49
80819 56
80827 53
80835 51
80843 49
80851 47
80859 36
80867 35
80876 38
80884 42
80892 44
80900 40
80908 40
80916 39
80924 39
80932 38
80941 38
80949 41
80957 45
80965 48
80973 45
80981 43
80989 39
80997 38
81005 38
81014 37
81022 41
81030 41
81038 40
81046 34
81054 34
81062 32
81070 37
81079 42
81087 46
81095 48
81103 45
81111 45
81120 36
81128 38
81136 44
81144 47
81152 41
81161 34
81169 34
81177 36
81185 43
81193 41
81201 44
81209 40
81217 41
81225 33
81233 35
81241 34
81250 37
81258 34
81266 34
81274 37
81282 36
81290 32
81298 31
81307 35
81315 38
81323 40
81331 41
81339 43
81347 43
81355 43
81363 38
81372 36
81380 39
81388 38
81396 38
81404 36
81412 39
81420 34
81429 36
81437 40
81445 40
81453 41
81461 41
81469 43
81477 44
81485 44
81493 41
81501 38
81510 38
81518 49
81526 54
81534 49
81542 44
81550 42
81559 40
81567 42
81575 44
81583 42
81591 46
81599 40
81608 44
81616 50
81624 52
81633 41
81641 49
81649 57
81657 46
81665 43
81674 45
81682 48
81690 51
81698 50
81706 52
81714 48
81723 39
81731 45
81739 36
81747 38
81755 36
81763 36
81772 42
81780 46
81788 52
81796 60
81804 53
81812 50
81820 45
81828 40
81837 36
81845 41
81853 42
81861 42
81869 42
81877 40
81886 44
81894 44
81902 41
81910 41
81918 38
81927 39
81935 45
81943 48
81951 51
81959 51
81967 53
81976 43
81984 42
81992 36
82000 39
82008 38
82017 39
82025 40
82033 41
82041 44
82049 41
82057 39
82066 41
82074 45
82082 49
82090 42
82099 41
82107 44
82115 47
82123 45
82131 43
82139 48
82147 44
82156 46
82164 55
82172 55
82180 50
82188 46
82196 38
82205 42
82213 44
82221 46
82229 47
82238 39
82246 43
82254 42
82262 47
82270 48
82278 49
82287 46
82295 45
82303 42
82311 40
82320 43
82328 52
82336 50
82344 48
82353 48
82361 49
82369 52
82377 49
82385 45
82393 44
82401 45
82409 41
82417 34
82426 35
82434 34
82442 37
82450 38
82458 42
82466 40
82474 35
82482 38
82491 33
82499 35
82507 34
82515 36
82523 37
82531 39
82539 42
82547 41
82555 35
82563 33
82571 30
82580 30
82588 34
82596 33
82604 39
82612 38
82620 39
82628 36
82637 36
82645 38
82653 40
82661 42
82669 41
82677 42
82685 43
82693 38
82702 39
82710 39
82718 41
82726 41
82734 37
82743 39
82751 41
82759 46
82767 42
82775 45
82783 48
82791 47
82799 41
82807 40
82816 38
82824 34
82832 34
82840 37
82848 36
82856 42
82864 39
82873 43
82881 50
82889 51
82897 51
82905 50
82913 48
82921 44
82929 37
82938 37
82946 41
82954 38
82962 44
82970 37
82979 38
82987 43
82995 48
83003 50
83011 51
83019 46
83027 45
83035 45
83043 39
83051 37
83060 36
83068 37
83076 40
83084 39
83092 40
83100 36
83109 36
83117 41
83125 43
83133 45
83141 44
83149 39
83158 34
83166 36
83174 39
83182 42
83190 45
83198 45
83206 49
83214 46
83222 43
83230 41
83238 39
83247 37
83255 41
83263 43
83271 40
83279 35
83287 34
83296 33
83304 37
83312 41
83320 40
83328 40
83336 41
83344 41
83352 43
83360 43
83368 42
83376 41
83384 34
83393 33
83401 39
83409 40
83417 41
83425 41
83433 40
83441 40
83449 31
83458 31
83466 33
83474 33
83482 34
83490 34
83498 35
83506 33
83515 34
83523 37
83531 37
83539 42
83547 43
83555 43
83563 41
83571 40
83579 40
83587 41
83595 40
83604 38
83612 44
83620 37
83628 39
83636 37
83645 36
83653 37
83661 43
83669 42
83677 42
83685 40
83693 38
83701 35
83710 34
83718 35
83726 37
83734 37
83742 35
83750 39
83758 41
83766 43
83774 39
83782 34
83790 35
83799 41
83807 45
83815 50
83823 50
83831 47
83839 49
83847 41
83855 33
83864 35
83872 40
83880 41
83889 41
83897 46
83905 47
83913 53
83921 51
83929 46
83937 47
83945 43
83954 47
83962 48
83970 44
83978 42
83986 37
83995 42
84003 49
84011 47
84019 46
84027 40
84036 42
84044 45
84052 45
84060 46
84068 44
84076 45
84084 46
84092 40
84100 35
84109 40
84117 40
84125 44
84133 40
84141 37
84149 37
84157 39
84165 37
84173 37
84181 34
84190 33
84198 32
84206 31
84214 31
84222 31
84230 32
84238 33
84246 31
84254 31
84262 28
84271 29
84279 30
84287 34
84295 32
84303 30
84312 31
84320 33
84328 35
84336 41
84344 45
84352 47
84360 45
84368 46
84376 40
84385 41
84393 48
84401 52
84409 44
84417 45
84425 41
84433 38
84442 37
84450 41
84458 42
84466 41
84474 35
84483 35
84491 39
84499 43
84507 48
84515 51
84523 50
84531 49
84539 42
84548 50
84556 51
84564 48
84572 42
84580 38
84589 38
84597 42
84605 41
84613 41
84621 40
84629 43
84637 44
84645 41
84654 40
84662 45
84670 45
84678 43
84686 40
84694 38
84702 39
84710 39
84718 38
84727 40
84735 43
84743 48
84751 42
84759 40
84768 42
84776 46
84784 51
84792 50
84800 49
84808 48
84816 41
84825 48
84833 47
84841 43
84849 43
84857 35
84866 36
84874 40
84882 44
84890 40
84898 38
84906 36
84914 40
84922 38
84930 38
84939 37
84947 38
84955 40
84963 38
84971 40
84979 39
84988 37
84996 33
85004 37
85012 40
85020 42
85028 40
85037 38
85045 41
85053 44
85061 49
85069 51
85077 51
85085 51
85093 45
85101 46
85109 41
85117 34
85126 35
85134 31
85142 39
85150 36
85158 36
85166 31
85175 35
85183 42
85191 40
85199 38
85208 37
85216 39
85224 38
85232 43
85240 47
85248 48
85256 43
85264 48
85272 42
85281 39
85289 45
85297 45
85305 47
85313 44
85321 41
85330 39
85338 41
85346 42
85354 39
85362 42
85370 36
85378 35
85387 38
85395 42
85403 44
85411 47
85419 45
85427 44
85435 42
85443 41
85451 37
85460 42
85468 45
85476 45
85484 47
85492 46
85500 45
85508 36
85517 39
85525 42
85533 49
85541 49
85549 48
85557 41
85565 33
85574 32
85582 39
85590 39
85598 39
85606 38
85614 34
85622 30
85630 31
85639 32
85647 33
85655 37
85663 37
85671 39
85679 40
85687 37
85695 37
85703 37
85711 36
85719 32
85727 30
85735 29
85744 31
85752 35
85760 30
85769 31
85777 33
85785 34
85793 38
85801 40
85809 34
85817 35
85825 37
85833 38
85841 37
85849 35
85857 32
85866 37
85874 40
85882 36
85890 32
85898 34
85906 33
85914 34
85923 36
85931 39
85939 42
85947 40
85955 37
85963 38
85972 34
85980 36
85988 39
85996 40
86004 43
86012 42
86021 40
86029 43
86037 47
86045 51
86053 52
86061 56
86069 48
86077 44
86085 41
86094 41
86102 47
86110 54
86118 48
86127 43
86135 49
86143 55
86151 47
86160 47
86168 60
86176 57
86184 56
86192 49
86200 41
86209 37
86217 35
86225 34
86233 39
86241 40
86249 43
86257 39
86265 36
86273 33
86282 45
86290 43
86298 42
86306 39
86314 34
86323 37
86331 40
86339 38
86347 40
86355 39
86364 37
86372 44
86380 45
86388 46
86396 49
86404 49
86412 46
86420 37
86429 39
86437 38
86445 36
86453 35
86461 35
86469 35
86477 33
86485 31
86494 33
86502 37
86510 37
86518 40
86526 38
86534 39
86542 38
86550 41
86558 41
86566 39
86574 40
86582 35
86590 33
86599 34
86607 35
86615 36
86623 35
86631 35
86639 36
86647 36
86655 36
86663 36
86671 33
86680 35
86688 36
86696 42
86704 36
86712 35
86720 36
86728 33
86736 31
86744 30
86753 35
86761 37
86769 36
86777 36
86785 32
86794 34
86802 43
86810 43
86818 46
86826 44
86834 44
86842 49
86850 49
86858 46
86866 43
86874 38
86883 43
86891 43
86899 45
86907 40
86916 43
86924 47
86932 51
86940 52
86948 52
86956 48
86964 40
86973 38
86981 47
86989 46
86998 35
87006 37
87014 39
87022 45
87030 47
87038 43
87046 37
87055 40
87063 39
87071 43
87079 44
87087 41
87095 43
87103 43
87111 43
87119 37
87128 42
87136 46
87144 51
87152 43
87160 42
87168 40
87177 37
87185 41
87193 43
87201 42
87209 43
87217 41
87225 35
87233 34
87241 31
87249 31
87257 31
87266 32
87274 31
87282 29
87291 31
87299 40
87307 38
87315 38
87323 41
87331 44
87339 45
87347 44
87355 42
87363 37
87371 37
87379 35
87388 35
87396 37
87404 43
87412 43
87420 38
87428 38
87436 38
87445 39
87453 44
87461 47
87469 45
87477 47
87485 41
87494 43
87502 49
87510 43
87518 38
87526 42
87535 36
87543 40
87551 34
87559 36
87567 40
87575 40
87583 33
87592 34
87600 36
87608 43
87616 48
87624 43
87632 45
87640 42
87649 41
87657 46
87665 55
87673 52
87681 50
87689 40
87698 43
87706 49
87714 42
87722 38
87731 50
87739 45
87747 47
87755 44
87764 43
87772 48
87780 48
87788 51
87796 51
87804 46
87812 44
87820 40
87829 36
87837 40
87845 41
87853 45
87861 41
87869 40
87877 37
87886 37
87894 42
87902 42
87910 47
87918 49
87926 48
87934 46
87942 43
87951 45
87959 46
87967 45
87975 46
87983 39
87992 42
88000 44
88008 45
88016 46
88024 46
88032 43
88040 38
88048 35
88057 35
88065 41
88073 44
88081 48
88089 44
88097 40
88106 42
88114 49
88122 54
88130 51
88138 50
88146 50
88154 49
88163 47
88171 52
88179 46
88187 45
88196 42
88204 40
88212 46
88220 45
88228 50
88236 46
88244 47
88253 43
88261 43
88269 46
88277 43
88285 42
88293 39
88302 38
88310 38
88318 41
88326 45
88334 46
88342 50
88350 47
88358 39
88367 41
88375 43
88383 45
88391 49
88399 46
88407 49
88415 40
88424 43
88432 44
88440 41
88448 41
88456 40
88465 37
88473 39
88481 39
88489 42
88498 42
88506 47
88514 51
88522 51
88530 49
88538 49
88546 50
88554 46
88563 44
88571 45
88579 45
88587 50
88595 46
88603 45
88611 38
88620 40
88628 40
88636 38
88644 38
88652 36
88660 31
88669 33
88677 39
88685 45
88693 51
88701 51
88709 51
88717 47
88725 44
88734 45
88742 47
88750 44
88758 44
88766 37
88775 50
88783 48
88791 50
88799 48
88808 41
88816 43
88824 51
88832 52
88840 48
88848 44
88856 41
88865 47
88873 51
88881 50
88889 52
88897 51
88905 42
88913 41
88921 40
88930 40
88938 43
88946 44
88954 47
88962 41
88970 41
88979 39
88987 40
88995 50
89003 52
89011 47
89019 45
89027 42
89036 44
89044 44
89052 48
89060 46
89068 45
89076 47
89084 47
89092 48
89100 46
89108 45
89116 41
89125 36
89133 37
89141 45
89149 47
89157 44
89165 40
89174 38
89182 42
89190 47
89198 47
89206 47
89214 47
89222 46
89231 40
89239 42
89247 41
89255 48
89263 51
89271 43
89279 41
89288 39
89296 43
89305 42
89313 39
89321 42
89329 42
89337 37
89345 36
89353 34
89362 34
89370 36
89378 40
89386 43
89395 49
89403 49
89411 47
89419 46
89427 46
89435 48
89443 43
89451 40
89460 40
89468 46
89476 48
89484 48
89492 49
89500 46
89508 45
89516 44
89524 39
89533 39
89541 53
89549 46
89557 43
89566 45
89574 50
89582 44
89590 39
89599 40
89607 52
89615 52
89623 49
89631 44
89640 42
89648 44
89656 43
89664 46
89672 51
89680 45
89689 46
89697 45
89705 46
89713 36
89722 36
89730 37
89738 38
89746 43
89754 42
89762 40
89770 45
89778 34
89786 36
89794 35
89803 34
89811 38
89819 35
89828 39
89836 35
89844 41
89852 45
89860 45
89868 49
89876 49
89884 48
89892 51
89900 46
89908 42
89916 38
89925 38
89933 39
89941 38
89949 37
89957 39
89965 36
89973 36
89982 42
89990 49
89998 49
90006 40
90014 37
90023 36
90031 40
90039 43
90047 43
90055 43
90063 42
90071 36
90079 38
90088 39
90096 35
90104 37
90112 38
90120 38
90128 35
90137 37
90145 40
90153 42
90161 43
90169 43
90177 41
90185 45
90193 41
90202 42
90210 50
90218 47
90226 46
90235 46
90243 52
90251 54
90259 60
90267 54
90275 52
90283 50
90291 41
90300 38
90308 39
90316 39
90324 42
90332 40
90340 38
90349 36
90357 36
90365 34
90373 34
90381 37
90389 35
90398 36
90406 38
90414 39
90422 41
90430 43
90438 42
90446 39
90454 37
90462 34
90471 37
90479 40
90487 40
90495 42
90503 37
90511 36
90519 35
90528 37
90536 40
90544 47
90552 49
90560 44
90568 45
90576 46
90584 41
90592 37
90601 39
90609 44
90617 45
90625 50
90633 47
90641 49
90649 49
90657 41
90666 37
90674 47
90682 46
90690 49
90698 42
90707 41
90715 45
90723 50
90731 54
90739 49
90747 41
90756 43
90764 48
90772 51
90780 45
90788 43
90797 38
90805 44
90813 49
90821 51
90829 51
90838 42
90846 44
90854 49
90862 49
90870 48
90878 43
90887 41
90895 40
90903 43
90911 45
90919 42
90927 40
90935 38
90944 40
90952 37
90960 35
90968 37
90976 36
90984 40
90992 40
91000 40
91009 39
91017 40
91025 42
91033 37
91041 38
91049 42
91057 39
91066 34
91074 39
91082 38
91090 38
91098 38
91106 34
91114 29
91122 30
91131 30
91139 31
91147 35
91155 34
91163 35
91171 32
91179 33
91188 35
91196 32
91204 34
91212 33
91221 32
91229 31
91237 35
91245 38
91253 42
91261 46
91269 45
91277 40
91285 36
91294 42
91302 43
91310 45
91318 50
91326 50
91334 48
91342 37
91350 37
91358 36
91367 36
91375 37
91383 43
91391 44
91399 47
91407 46
91415 45
91423 45
91431 42
91439 37
91448 37
91456 35
91464 41
91472 43
91480 41
91488 41
91496 41
91504 33
91513 42
91521 41
91529 43
91537 42
91546 39
91554 46
91562 42
91570 49
91579 41
91587 46
91595 43
91603 47
91611 46
91619 42
91628 37
91636 44
91644 46
91652 48
91660 40
91669 36
91677 42
91685 45
91693 42
91701 46
91709 44
91717 38
91726 40
91734 40
91742 47
91750 50
91758 47
91766 45
91774 38
91783 43
91791 46
91799 47
91807 46
91815 45
91824 46
91832 50
91840 48
91848 49
91856 49
91864 46
91872 42
91881 45
91889 47
91897 47
91905 46
91913 46
91921 41
91929 33
91938 39
91946 34
91954 40
91963 41
91971 51
91979 49
91987 53
91995 50
92003 46
92011 47
92019 46
92027 45
92035 44
92043 38
92052 39
92060 45
92068 48
92076 51
92084 40
92093 38
92101 42
92109 46
92117 41
92125 42
92134 37
92142 39
92150 45
92158 42
92166 41
92174 43
92182 37
92190 40
92199 40
92207 43
92215 43
92223 43
92231 44
92239 46
92247 42
92255 39
92263 41
92272 39
92280 45
92288 43
92296 49
92304 50
92312 48
92320 41
92328 40
92336 36
92345 44
92353 43
92361 40
92369 38
92377 41
92386 41
92394 45
92402 46
92411 41
92419 47
92427 51
92435 53
92443 54
92451 44
92459 39
92468 40
92476 46
92484 45
92492 44
92500 46
92508 38
92517 41
92525 38
92533 40
92541 40
92549 42
92557 43
92565 43
92573 40
92581 37
92589 35
92598 35
92606 36
92614 39
92622 43
92630 42
92638 37
92646 35
92655 36
92663 39
92671 37
92679 38
92687 37
92696 35
92704 35
92712 38
92720 39
92728 39
92736 39
92744 42
92752 39
92760 37
92768 34
92776 39
92784 40
92792 39
92801 37
92809 43
92817 48
92825 50
92833 42
92842 40
92850 40
92858 45
92866 49
92874 51
92882 52
92891 37
92899 36
92907 41
92915 35
92923 37
92932 36
92940 38
92948 45
92956 45
92964 48
92972 47
92980 48
92988 46
92996 44
93004 41
93013 48
93021 52
93029 48
93037 37
93045 37
93054 37
93062 45
93070 45
93078 50
93086 46
93094 42
93103 40
93111 42
93119 45
93127 47
93135 47
93143 41
93151 40
93160 38
93168 42
93176 39
93184 46
93192 49
93201 47
93209 52
93217 50
93225 50
93234 46
93242 52
93250 45
93259 41
93267 50
93275 53
93283 56
93291 60
93299 54
93308 44
93316 44
93324 42
93332 43
93341 37
93349 45
93357 50
93365 53
93373 43
93382 46
93390 51
93398 43
93407 40
93415 43
93423 48
93431 52
93439 53
93447 55
93455 46
93463 41
93472 38
93480 38
93488 35
93497 41
93505 48
93513 52
93521 54
93529 56
93537 52
93545 38
93554 38
93562 39
93570 40
93578 39
93587 39
93595 40
93603 38
93611 46
93619 48
93627 58
93635 41
93644 43
93652 52
93660 51
93668 46
93676 43
93684 43
93692 39
93700 39
93708 38
93717 39
93725 45
93733 50
93741 48
93749 50
93758 40
93766 40
93774 47
93782 45
93790 41
93799 40
93807 41
93815 43
93823 40
93831 43
93839 41
93847 39
93856 36
93864 43
93872 44
93880 42
93888 47
93896 40
93905 43
93913 48
93921 50
93930 45
93938 49
93946 54
93954 51
93962 48
93971 50
93979 44
93987 50
93995 49
94003 44
94012 46
94020 48
94028 49
94036 46
94045 48
94053 52
94061 57
94069 53
94077 54
94085 47
94094 50
94102 50
94110 52
94118 52
94126 50
94134 46
94142 42
94151 36
94159 41
94167 45
94175 46
94183 52
94191 46
94199 42
94207 43
94215 39
94224 39
94232 37
94240 44
94248 44
94256 39
94264 40
94273 38
94281 38
94289 48
94297 47
94305 45
94313 45
94321 42
94329 39
94338 39
94346 44
94354 45
94362 47
94370 45
94378 40
94386 40
94394 38
94402 36
94411 40
94419 43
94427 43
94435 39
94443 33
94452 35
94460 43
94468 43
94476 42
94484 43
94492 45
94500 36
94509 36
94517 45
94525 45
94533 49
94541 43
94549 40
94558 38
94566 41
94574 42
94582 41
94590 42
94599 42
94607 44
94615 56
94623 52
94631 48
94639 43
94647 43
94655 37
94664 38
94672 36
94680 38
94688 36
94697 36
94705 41
94713 42
94721 47
94729 45
94737 45
94745 47
94753 49
94761 45
94769 36
94777 37
94785 35
94794 37
94802 36
94810 37
94818 37
94826 40
94834 38
94843 42
94851 44
94859 47
94867 45
94875 47
94884 43
94892 50
94900 53
94908 48
94916 52
94924 49
94932 49
94940 37
94949 37
94957 39
94965 39
94973 41
94981 41
94989 36
94998 37
95006 39
95014 38
95022 41
95030 46
95038 47
95046 46
95054 42
95062 39
95071 41
95079 39
95087 45
95095 46
95103 46
95111 38
95120 38
95128 38
95136 44
95144 41
95152 38
95160 37
95168 36
95176 37
95184 37
95193 37
95201 42
95209 46
95217 40
95225 39
95234 36
95242 39
95250 43
95258 47
95266 44
95274 40
95282 38
95291 39
95299 46
95307 48
95315 50
95323 49
95331 49
95339 47
95347 44
95355 43
95363 39
95372 41
95380 39
95388 38
95396 38
95404 34
95413 36
95421 44
95429 50
95437 47
95445 51
95453 49
95461 46
95469 41
95478 45
95486 49
95494 52
95502 52
95511 48
95519 58
95527 56
95535 42
95544 52
95552 50
95560 45
95569 46
95577 44
95585 43
95593 44
95602 41
95610 46
95618 48
95626 50
95634 46
95642 43
95650 45
95658 43
95667 42
95675 44
95683 43
95692 45
95700 47
95708 50
95716 50
95724 51
95732 55
95740 52
95748 47
95756 44
95765 44
95773 50
95781 42
95790 41
95798 41
95806 41
95814 42
95823 45
95831 47
95839 44
95847 47
95855 41
95864 53
95872 53
95880 49
95888 46
95896 51
95904 42
95913 43
95921 41
95929 39
95937 44
95945 46
95953 42
95961 38
95970 39
95978 43
95986 42
95995 48
96003 57
96011 58
96019 56
96027 55
96035 51
96043 46
96051 44
96059 41
96068 38
96076 43
96084 44
96092 46
96100 43
96108 38
96117 46
96125 45
96133 38
96142 40
96150 44
96158 44
96166 47
96174 51
96182 46
96190 42
96199 36
96207 42
96215 49
96223 38
96232 35
96240 36
96248 34
96256 37
96264 34
96272 35
96280 36
96288 37
96296 34
96305 36
96313 41
96321 41
96329 42
96337 44
96345 44
96353 46
96361 40
96370 43
96378 40
96386 41
96394 43
96402 44
96410 45
96418 43
96426 41
96434 36
96442 36
96451 37
96459 41
96467 41
96475 43
96483 41
96491 43
96499 39
96507 42
96516 40
96524 39
96532 44
96540 39
96548 42
96556 41
96564 40
96572 34
96581 36
96589 42
96597 45
96605 43
96613 40
96621 36
96630 37
96638 38
96646 44
96654 50
96662 47
96670 46
96678 46
96686 43
96694 38
96703 42
96711 45
96719 44
96727 47
96735 50
96743 41
96752 41
96760 45
96768 43
96776 45
96784 42
96793 41
96801 47
96809 52
96817 56
96825 47
96834 45
96842 46
96850 42
96858 45
96866 41
96874 43
96882 42
96890 37
96898 38
96907 39
96915 39
96923 46
96931 46
96939 39
96947 38
96955 33
96964 42
96972 41
96980 42
96988 48
96996 51
97004 48
97012 44
97020 39
97029 43
97037 50
97045 45
97053 42
97061 39
97069 38
97078 38
97086 49
97094 51
97102 45
97111 38
97119 44
97127 45
97135 43
97143 44
97152 42
97160 52
97168 56
97176 59
97185 49
97193 61
97201 53
97209 56
97218 53
97226 52
97234 54
97242 48
97251 41
97259 47
97267 47
97275 51
97284 41
97292 45
97300 41
97308 41
97317 44
97325 42
97333 44
97341 45
97349 50
97357 48
97365 45
97373 42
97381 39
97389 37
97397 35
97405 33
97413 40
97421 37
97430 43
97438 49
97446 47
97454 43
97462 44
97470 41
97479 52
97487 46
97495 44
97503 41
97512 44
97520 43
97528 43
97536 47
97544 52
97552 43
97560 42
97569 39
97577 36
97585 38
97593 40
97601 42
97609 35
97618 36
97626 37
97634 42
97642 41
97650 41
97658 39
97666 37
97675 37
97683 38
97691 38
97699 37
97707 38
97715 41
97723 42
97731 43
97739 44
97747 38
97756 48
97764 50
97772 43
97781 45
97789 50
97797 50
97805 48
97813 42
97822 45
97830 43
97838 37
97847 44
97855 46
97863 51
97871 57
97879 55
97887 55
97895 44
97904 46
97912 48
97920 48
97928 52
97936 53
97944 45
97953 43
97961 44
97969 52
97977 51
97985 44
97994 46
98002 51
98010 54
98018 42
98027 42
98035 56
98043 54
98052 48
98060 59
98069 40
98077 46
98085 46
98093 49
98101 45
98109 41
98118 47
98126 48
98134 48
98142 46
98150 36
98159 39
98167 41
98175 49
98183 52
98191 52
98199 51
98207 47
98216 45
98224 53
98232 45
98240 46
98248 36
98257 36
98265 37
98273 38
98282 39
98290 42
98298 46
98306 48
98314 45
98322 47
98330 47
98338 45
98346 44
98354 47
98362 42
98371 43
98379 46
98387 49
98395 56
98403 48
98411 47
98420 43
98428 43
98436 55
98444 42
98453 42
98461 50
98469 54
98477 56
98485 53
98493 53
98501 48
98509 46
98518 42
98526 44
98534 39
98542 38
98550 38
98559 38
98567 41
98575 44
98583 46
98591 51
98599 50
98607 45
98615 43
98624 36
98632 35
98640 38
98648 41
98656 36
98665 36
98673 40
98681 41
98689 44
98697 44
98705 48
98713 44
98721 47
98730 43
98738 46
98746 42
98754 44
98762 39
98771 39
98779 42
98787 46
98795 51
98803 52
98811 51
98819 52
98827 45
98836 39
98844 37
98852 38
98860 39
98868 39
98877 38
98885 43
98893 50
98901 52
98909 56
98917 56
98925 52
98933 43
98941 41
98950 42
98958 43
98966 42
98974 38
98982 36
98990 35
98999 43
99007 42
99015 48
99023 51
99031 45
99039 39
99047 39
99055 36
99064 43
99072 45
99080 45
99088 43
99096 37
99104 32
99113 35
99121 41
99129 41
99137 43
99145 37
99153 38
99162 35
99170 44
99178 47
99186 46
99194 48
99202 46
99211 43
99219 44
99227 50
99235 51
99243 47
99252 41
99260 44
99268 45
99276 44
99284 37
99292 36
99300 34
99309 35
99317 36
99325 37
99333 36
99341 35
99350 40
99358 44
99366 48
99374 44
99382 42
99390 44
99398 44
99406 42
99414 44
99423 37
99431 49
99439 50
99447 53
99455 52
99463 48
99471 44
99480 40
99488 43
99496 45
99504 45
99512 44
99520 41
99529 41
99537 48
99545 37
99553 39
99562 38
99570 45
99578 41
99586 36
99594 38
99602 41
99611 38
99619 39
99627 41
99635 42
99643 39
99652 38
99660 43
99668 46
99676 48
99684 43
99692 42
99700 43
99708 42
99716 42
99724 37
99733 37
99741 38
99749 38
99757 38
99765 39
99773 37
99781 34
99789 33
99798 35
99806 39
99814 35
99822 36
99830 34
99839 36
99847 38
99855 42
99863 44
99871 45
99879 47
99887 44
99895 43
99904 40
99912 45
99920 47
99928 40
99936 45
99945 41
99953 59
99961 57
99969 53
99977 48
99985 42
99993 42
