1 464 459 0 0 0.464
2 498 492 0 0 0.498
3 503 496 0 0 0.503
4 504 496 0 0 0.504
5 504 496 0 0 0.504
6 504 496 0 0 0.504
7 502 495 0 0 0.502
8 499 494 0 0 0.499
9 494 490 0 0 0.494
10 488 483 0 0 0.488
11 484 469 0 0 0.484
12 459 451 0 0 0.459
13 445 427 0 0 0.445
14 423 400 0 0 0.423
15 408 365 0 0 0.408
16 413 367 0 0 0.413
17 418 390 0 0 0.418
18 439 414 0 0 0.439
19 460 445 0 0 0.46
20 478 460 0 0 0.478
21 482 483 0 0 0.482
22 489 493 0 0 0.489
23 494 500 0 0 0.494
24 495 503 0 0 0.495
25 495 502 0 0 0.495
26 495 500 0 0 0.495
27 493 495 0 0 0.493
28 482 490 0 0 0.482
29 472 482 0 0 0.472
30 457 471 0 0 0.457
31 438 453 0 0 0.438
32 412 438 0 0 0.412
33 388 418 0 0 0.388
34 372 413 0 0 0.372
35 373 416 0 0 0.373
36 394 429 0 0 0.394
37 422 450 0 0 0.422
38 442 467 0 0 0.442
39 468 474 0 0 0.468
40 481 483 0 0 0.481
41 495 491 0 0 0.495
42 501 494 0 0 0.501
43 501 495 0 0 0.501
44 500 496 0 0 0.5
45 497 495 0 0 0.497
46 493 484 0 0 0.493
47 484 472 0 0 0.484
48 471 460 0 0 0.471
49 465 448 0 0 0.465
50 440 429 0 0 0.44
51 430 404 0 0 0.43
52 421 379 0 0 0.421
53 419 370 0 0 0.419
54 424 392 0 0 0.424
55 447 407 0 0 0.447
56 466 432 0 0 0.466
57 470 462 0 0 0.47
58 479 472 0 0 0.479
59 486 491 0 0 0.486
60 490 496 0 0 0.49
61 494 500 0 0 0.494
62 495 500 0 0 0.495
63 494 499 0 0 0.494
64 489 494 0 0 0.489
65 478 490 0 0 0.478
66 465 477 0 0 0.465
67 451 469 0 0 0.451
68 437 446 0 0 0.437
69 427 450 0 0 0.427
70 403 442 0 0 0.403
71 383 431 0 0 0.383
72 388 427 0 0 0.388
73 387 438 0 0 0.387
74 407 446 0 0 0.407
75 445 458 0 0 0.445
76 462 461 0 0 0.462
77 486 479 0 0 0.486
78 494 483 0 0 0.494
79 499 490 0 0 0.499
80 500 493 0 0 0.5
81 499 497 0 0 0.499
82 497 492 0 0 0.497
83 492 484 0 0 0.492
84 482 474 0 0 0.482
85 475 457 0 0 0.475
86 450 439 0 0 0.45
87 450 425 0 0 0.45
88 452 410 0 0 0.452
89 432 396 0 0 0.432
90 439 394 0 0 0.439
91 455 390 0 0 0.455
92 443 405 0 0 0.443
93 450 431 0 0 0.45
94 457 453 0 0 0.457
95 470 481 0 0 0.47
96 479 492 0 0 0.479
97 485 498 0 0 0.485
98 491 498 0 0 0.491
99 496 498 0 0 0.496
100 493 497 0 0 0.493
101 488 492 0 0 0.488
102 476 489 0 0 0.476
103 464 481 0 0 0.464
104 446 462 0 0 0.446
105 429 446 0 0 0.429
106 421 458 0 0 0.421
107 401 442 0 0 0.401
108 392 449 0 0 0.392
109 390 452 0 0 0.39
110 394 460 0 0 0.394
111 416 458 0 0 0.416
112 436 452 0 0 0.436
113 460 460 0 0 0.46
114 478 470 0 0 0.478
115 489 480 0 0 0.489
116 494 486 0 0 0.494
117 495 492 0 0 0.495
118 496 494 0 0 0.496
119 493 488 0 0 0.493
120 489 479 0 0 0.489
121 485 468 0 0 0.485
122 471 458 0 0 0.471
123 456 434 0 0 0.456
124 455 426 0 0 0.455
125 448 409 0 0 0.448
126 452 402 0 0 0.452
127 466 382 0 0 0.466
128 465 375 0 0 0.465
129 462 405 0 0 0.462
130 454 422 0 0 0.454
131 461 445 0 0 0.461
132 468 468 0 0 0.468
133 479 483 0 0 0.479
134 484 492 0 0 0.484
135 490 491 0 0 0.49
136 493 496 0 0 0.493
137 491 493 0 0 0.491
138 481 493 0 0 0.481
139 467 492 0 0 0.467
140 458 473 0 0 0.458
141 448 459 0 0 0.448
142 435 454 0 0 0.435
143 413 448 0 0 0.413
144 400 457 0 0 0.4
145 380 476 0 0 0.38
146 369 470 0 0 0.369
147 395 475 0 0 0.395
148 411 465 0 0 0.411
149 437 468 0 0 0.437
150 454 471 0 0 0.454
151 480 477 0 0 0.48
152 482 487 0 0 0.482
153 488 490 0 0 0.488
154 493 492 0 0 0.493
155 491 490 0 0 0.491
156 492 481 0 0 0.492
157 497 474 0 0 0.497
158 480 463 0 0 0.48
159 468 450 0 0 0.468
160 459 440 0 0 0.459
161 455 421 0 0 0.455
162 466 402 0 0 0.466
163 480 378 0 0 0.48
164 477 356 0 0 0.477
165 472 382 0 0 0.472
166 464 393 0 0 0.464
167 468 415 0 0 0.468
168 462 441 0 0 0.462
169 478 466 0 0 0.478
170 481 476 0 0 0.481
171 492 484 0 0 0.492
172 496 492 0 0 0.496
173 495 492 0 0 0.495
174 486 492 0 0 0.486
175 475 495 0 0 0.475
176 464 487 0 0 0.464
177 462 471 0 0 0.462
178 444 469 0 0 0.444
179 426 459 0 0 0.426
180 409 467 0 0 0.409
181 378 493 0 0 0.378
182 364 492 0 0 0.364
183 375 482 0 0 0.375
184 379 476 0 0 0.379
185 407 476 0 0 0.407
186 436 470 0 0 0.436
187 459 472 0 0 0.459
188 469 480 0 0 0.469
189 477 483 0 0 0.477
190 486 489 0 0 0.486
191 490 495 0 0 0.49
192 493 491 0 0 0.493
193 495 479 0 0 0.495
194 490 473 0 0 0.49
195 482 458 0 0 0.482
196 479 450 0 0 0.479
197 473 437 0 0 0.473
198 479 411 0 0 0.479
199 505 375 0 0 0.505
200 504 368 0 0 0.504
201 491 366 0 0 0.491
202 478 355 0 0 0.478
203 473 377 0 0 0.473
204 470 418 0 0 0.47
205 469 438 0 0 0.469
206 471 463 0 0 0.471
207 477 475 0 0 0.477
208 483 484 0 0 0.483
209 494 487 0 0 0.494
210 492 493 0 0 0.492
211 480 494 0 0 0.48
212 471 493 0 0 0.471
213 454 488 0 0 0.454
214 443 483 0 0 0.443
215 438 475 0 0 0.438
216 408 484 0 0 0.408
217 376 496 0 0 0.376
218 365 511 0 0 0.365
219 364 519 0 0 0.364
220 351 500 0 0 0.351
221 358 482 0 0 0.358
222 398 482 0 0 0.398
223 422 470 0 0 0.422
224 455 472 0 0 0.455
225 470 471 0 0 0.47
226 473 482 0 0 0.473
227 483 489 0 0 0.483
228 494 493 0 0 0.494
229 495 485 0 0 0.495
230 494 472 0 0 0.494
231 496 459 0 0 0.496
232 493 449 0 0 0.493
233 484 438 0 0 0.484
234 491 408 0 0 0.491
235 500 381 0 0 0.5
236 521 361 0 0 0.521
237 529 357 0 0 0.529
238 527 345 0 0 0.527
239 499 352 0 0 0.499
240 502 374 0 0 0.502
241 481 404 0 0 0.481
242 477 433 0 0 0.477
243 479 456 0 0 0.479
244 478 467 0 0 0.478
245 479 474 0 0 0.479
246 489 486 0 0 0.489
247 486 493 0 0 0.486
248 474 496 0 0 0.474
249 461 495 0 0 0.461
250 452 499 0 0 0.452
251 441 495 0 0 0.441
252 424 491 0 0 0.424
253 380 504 0 0 0.38
254 359 519 0 0 0.359
255 349 535 0 0 0.349
256 338 535 0 0 0.338
257 333 529 0 0 0.333
258 349 521 0 0 0.349
259 374 500 0 0 0.374
260 404 484 0 0 0.404
261 440 479 0 0 0.44
262 457 481 0 0 0.457
263 463 482 0 0 0.463
264 479 491 0 0 0.479
265 488 486 0 0 0.488
266 493 479 0 0 0.493
267 494 464 0 0 0.494
268 499 460 0 0 0.499
269 499 450 0 0 0.499
270 501 428 0 0 0.501
271 511 397 0 0 0.511
272 521 371 0 0 0.521
273 541 348 0 0 0.541
274 541 327 0 0 0.541
275 545 317 0 0 0.545
276 537 326 0 0 0.537
277 524 342 0 0 0.524
278 499 374 0 0 0.499
279 491 411 0 0 0.491
280 490 444 0 0 0.49
281 484 450 0 0 0.484
282 490 466 0 0 0.49
283 489 480 0 0 0.489
284 481 492 0 0 0.481
285 466 491 0 0 0.466
286 460 498 0 0 0.46
287 451 499 0 0 0.451
288 429 504 0 0 0.429
289 408 508 0 0 0.408
290 381 521 0 0 0.381
291 364 545 0 0 0.364
292 333 551 0 0 0.333
293 317 563 0 0 0.317
294 312 559 0 0 0.312
295 330 546 0 0 0.33
296 349 521 0 0 0.349
297 385 498 0 0 0.385
298 425 497 0 0 0.425
299 440 494 0 0 0.44
300 458 493 0 0 0.458
301 477 486 0 0 0.477
302 486 486 0 0 0.486
303 491 469 0 0 0.491
304 494 464 0 0 0.494
305 499 454 0 0 0.499
306 500 435 0 0 0.5
307 508 414 0 0 0.508
308 515 389 0 0 0.515
309 531 361 0 0 0.531
310 552 333 0 0 0.552
311 576 323 0 0 0.576
312 570 313 0 0 0.57
313 565 310 0 0 0.565
314 548 330 0 0 0.548
315 519 361 0 0 0.519
316 510 384 0 0 0.51
317 500 413 0 0 0.5
318 493 430 0 0 0.493
319 490 466 0 0 0.49
320 485 481 0 0 0.485
321 476 483 0 0 0.476
322 466 491 0 0 0.466
323 461 495 0 0 0.461
324 440 504 0 0 0.44
325 426 508 0 0 0.426
326 410 523 0 0 0.41
327 373 533 0 0 0.373
328 336 559 0 0 0.336
329 314 576 0 0 0.314
330 300 595 0 0 0.3
331 292 585 0 0 0.292
332 300 566 0 0 0.3
333 326 554 0 0 0.326
334 349 535 0 0 0.349
335 384 531 0 0 0.384
336 408 502 0 0 0.408
337 438 494 0 0 0.438
338 466 492 0 0 0.466
339 476 480 0 0 0.476
340 482 474 0 0 0.482
341 493 461 0 0 0.493
342 498 445 0 0 0.498
343 503 430 0 0 0.503
344 521 412 0 0 0.521
345 535 371 0 0 0.535
346 566 343 0 0 0.566
347 586 314 0 0 0.586
348 606 296 0 0 0.606
349 610 282 0 0 0.61
350 596 279 0 0 0.596
351 585 284 0 0 0.585
352 561 321 0 0 0.561
353 546 347 0 0 0.546
354 527 371 0 0 0.527
355 510 409 0 0 0.51
356 505 446 0 0 0.505
357 490 467 0 0 0.49
358 476 476 0 0 0.476
359 465 487 0 0 0.465
360 450 495 0 0 0.45
361 435 507 0 0 0.435
362 413 521 0 0 0.413
363 377 534 0 0 0.377
364 352 555 0 0 0.352
365 315 582 0 0 0.315
366 293 616 0 0 0.293
367 274 633 0 0 0.274
368 266 641 0 0 0.266
369 265 610 0 0 0.265
370 294 591 0 0 0.294
371 319 585 0 0 0.319
372 338 556 0 0 0.338
373 374 527 0 0 0.374
374 413 512 0 0 0.413
375 451 501 0 0 0.451
376 468 485 0 0 0.468
377 481 469 0 0 0.481
378 489 452 0 0 0.489
379 505 438 0 0 0.505
380 520 420 0 0 0.52
381 531 394 0 0 0.531
382 560 362 0 0 0.56
383 586 323 0 0 0.586
384 621 289 0 0 0.621
385 646 267 0 0 0.646
386 660 248 0 0 0.66
387 645 250 0 0 0.645
388 622 250 0 0 0.622
389 611 268 0 0 0.611
390 585 303 0 0 0.585
391 560 330 0 0 0.56
392 527 368 0 0 0.527
393 512 422 0 0 0.512
394 495 448 0 0 0.495
395 478 471 0 0 0.478
396 456 485 0 0 0.456
397 443 498 0 0 0.443
398 425 515 0 0 0.425
399 396 524 0 0 0.396
400 364 554 0 0 0.364
401 329 586 0 0 0.329
402 290 619 0 0 0.29
403 263 658 0 0 0.263
404 241 675 0 0 0.241
405 239 688 0 0 0.239
406 234 671 0 0 0.234
407 244 643 0 0 0.244
408 253 629 0 0 0.253
409 284 601 0 0 0.284
410 315 555 0 0 0.315
411 364 533 0 0 0.364
412 406 507 0 0 0.406
413 455 488 0 0 0.455
414 472 465 0 0 0.472
415 487 447 0 0 0.487
416 506 436 0 0 0.506
417 521 405 0 0 0.521
418 548 374 0 0 0.548
419 580 333 0 0 0.58
420 617 290 0 0 0.617
421 648 262 0 0 0.648
422 682 232 0 0 0.682
423 706 228 0 0 0.706
424 699 222 0 0 0.699
425 691 222 0 0 0.691
426 675 228 0 0 0.675
427 653 247 0 0 0.653
428 607 273 0 0 0.607
429 574 318 0 0 0.574
430 524 352 0 0 0.524
431 503 411 0 0 0.503
432 481 452 0 0 0.481
433 459 477 0 0 0.459
434 444 492 0 0 0.444
435 414 506 0 0 0.414
436 384 549 0 0 0.384
437 344 576 0 0 0.344
438 310 612 0 0 0.31
439 264 654 0 0 0.264
440 234 679 0 0 0.234
441 219 711 0 0 0.219
442 207 716 0 0 0.207
443 194 714 0 0 0.194
444 200 708 0 0 0.2
445 212 691 0 0 0.212
446 229 654 0 0 0.229
447 273 622 0 0 0.273
448 301 569 0 0 0.301
449 358 525 0 0 0.358
450 414 491 0 0 0.414
451 450 469 0 0 0.45
452 480 455 0 0 0.48
453 501 415 0 0 0.501
454 540 394 0 0 0.54
455 566 352 0 0 0.566
456 603 305 0 0 0.603
457 642 274 0 0 0.642
458 684 238 0 0 0.684
459 716 215 0 0 0.716
460 737 201 0 0 0.737
461 740 184 0 0 0.74
462 745 176 0 0 0.745
463 737 185 0 0 0.737
464 702 189 0 0 0.702
465 673 217 0 0 0.673
466 623 241 0 0 0.623
467 565 299 0 0 0.565
468 519 361 0 0 0.519
469 481 414 0 0 0.481
470 460 456 0 0 0.46
471 423 486 0 0 0.423
472 399 522 0 0 0.399
473 365 558 0 0 0.365
474 315 591 0 0 0.315
475 276 638 0 0 0.276
476 244 685 0 0 0.244
477 219 720 0 0 0.219
478 198 746 0 0 0.198
479 177 766 0 0 0.177
480 166 768 0 0 0.166
481 164 780 0 0 0.164
482 166 758 0 0 0.166
483 178 734 0 0 0.178
484 193 684 0 0 0.193
485 233 622 0 0 0.233
486 301 562 0 0 0.301
487 347 512 0 0 0.347
488 414 477 0 0 0.414
489 457 444 0 0 0.457
490 501 415 0 0 0.501
491 549 378 0 0 0.549
492 574 324 0 0 0.574
493 630 281 0 0 0.63
494 681 245 0 0 0.681
495 719 218 0 0 0.719
496 748 191 0 0 0.748
497 767 176 0 0 0.767
498 783 157 0 0 0.783
499 801 147 0 0 0.801
500 795 151 0 0 0.795
501 783 154 0 0 0.783
502 752 165 0 0 0.752
503 685 182 0 0 0.685
504 632 225 0 0 0.632
505 558 266 0 0 0.558
506 512 332 0 0 0.512
507 467 392 0 0 0.467
508 428 458 0 0 0.428
509 394 524 0 0 0.394
510 336 566 0 0 0.336
511 285 619 0 0 0.285
512 249 674 0 0 0.249
513 223 721 0 0 0.223
514 198 752 0 0 0.198
515 171 778 0 0 0.171
516 146 801 0 0 0.146
517 134 809 0 0 0.134
518 127 819 0 0 0.127
519 130 814 0 0 0.13
520 141 802 0 0 0.141
521 147 764 0 0 0.147
522 165 718 0 0 0.165
523 198 646 0 0 0.198
524 231 582 0 0 0.231
525 295 516 0 0 0.295
526 380 456 0 0 0.38
527 469 405 0 0 0.469
528 544 350 0 0 0.544
529 610 296 0 0 0.61
530 660 256 0 0 0.66
531 711 221 0 0 0.711
532 757 191 0 0 0.757
533 789 165 0 0 0.789
534 813 147 0 0 0.813
535 828 127 0 0 0.828
536 842 117 0 0 0.842
537 839 114 0 0 0.839
538 838 113 0 0 0.838
539 823 118 0 0 0.823
540 787 127 0 0 0.787
541 747 144 0 0 0.747
542 679 161 0 0 0.679
543 598 196 0 0 0.598
544 511 273 0 0 0.511
545 431 369 0 0 0.431
546 360 465 0 0 0.36
547 308 576 0 0 0.308
548 261 648 0 0 0.261
549 218 703 0 0 0.218
550 186 747 0 0 0.186
551 160 785 0 0 0.16
552 142 820 0 0 0.142
553 120 834 0 0 0.12
554 108 859 0 0 0.108
555 103 867 0 0 0.103
556 98 867 0 0 0.098
557 97 860 0 0 0.097
558 101 840 0 0 0.101
559 107 819 0 0 0.107
560 112 781 0 0 0.112
561 134 711 0 0 0.134
562 168 614 0 0 0.168
563 229 513 0 0 0.229
564 337 396 0 0 0.337
565 477 323 0 0 0.477
566 594 273 0 0 0.594
567 674 231 0 0 0.674
568 738 192 0 0 0.738
569 785 155 0 0 0.785
570 826 141 0 0 0.826
571 843 112 0 0 0.843
572 866 101 0 0 0.866
573 881 95 0 0 0.881
574 885 92 0 0 0.885
575 886 90 0 0 0.886
576 879 87 0 0 0.879
577 870 86 0 0 0.87
578 844 85 0 0 0.844
579 818 87 0 0 0.818
580 759 96 0 0 0.759
581 647 129 0 0 0.647
582 501 182 0 0 0.501
583 386 285 0 0 0.386
584 309 447 0 0 0.309
585 244 614 0 0 0.244
586 198 728 0 0 0.198
587 156 780 0 0 0.156
588 139 824 0 0 0.139
589 114 848 0 0 0.114
590 98 872 0 0 0.098
591 91 884 0 0 0.091
592 84 890 0 0 0.084
593 78 899 0 0 0.078
594 78 899 0 0 0.078
595 74 896 0 0 0.074
596 65 892 0 0 0.065
597 63 890 0 0 0.063
598 65 860 0 0 0.065
599 70 806 0 0 0.07
600 82 699 0 0 0.082
601 111 538 0 0 0.111
602 206 374 0 0 0.206
603 357 259 0 0 0.357
604 567 206 0 0 0.567
605 736 161 0 0 0.736
606 802 134 0 0 0.802
607 845 110 0 0 0.845
608 875 96 0 0 0.875
609 892 87 0 0 0.892
610 903 76 0 0 0.903
611 908 72 0 0 0.908
612 913 69 0 0 0.913
613 917 69 0 0 0.917
614 915 58 0 0 0.915
615 921 51 0 0 0.921
616 921 50 0 0 0.921
617 906 48 0 0 0.906
618 875 43 0 0 0.875
619 784 46 0 0 0.784
620 636 68 0 0 0.636
621 422 107 0 0 0.422
622 251 207 0 0 0.251
623 185 403 0 0 0.185
624 141 659 0 0 0.141
625 108 822 0 0 0.108
626 90 872 0 0 0.09
627 79 898 0 0 0.079
628 70 909 0 0 0.07
629 64 918 0 0 0.064
630 58 917 0 0 0.058
631 57 925 0 0 0.057
632 46 927 0 0 0.046
633 36 936 0 0 0.036
634 33 943 0 0 0.033
635 28 945 0 0 0.028
636 24 941 0 0 0.024
637 18 925 0 0 0.018
638 18 888 0 0 0.018
639 21 788 0 0 0.021
640 28 590 0 0 0.028
641 51 334 0 0 0.051
642 121 170 0 0 0.121
643 285 118 0 0 0.285
644 594 92 0 0 0.594
645 832 79 0 0 0.832
646 907 67 0 0 0.907
647 926 64 0 0 0.926
648 930 57 0 0 0.93
649 938 52 0 0 0.938
650 943 41 0 0 0.943
651 953 31 0 0 0.953
652 961 28 0 0 0.961
653 963 23 0 0 0.963
654 969 16 0 0 0.969
655 973 12 0 0 0.973
656 976 10 0 0 0.976
657 968 11 0 0 0.968
658 944 7 0 0 0.944
659 877 6 0 0 0.877
660 714 10 0 0 0.714
661 404 19 0 0 0.404
662 164 39 0 0 0.164
663 89 120 0 0 0.089
664 69 330 0 0 0.069
665 62 683 0 0 0.062
666 54 884 0 0 0.054
667 49 939 0 0 0.049
668 38 946 0 0 0.038
669 30 958 0 0 0.03
670 25 966 0 0 0.025
671 19 970 0 0 0.019
672 15 975 0 0 0.015
673 8 981 0 0 0.008
674 6 985 0 0 0.006
675 6 989 0 0 0.006
676 3 989 0 0 0.003
677 1 988 0 0 0.001
678 1 981 0 0 0.001
679 1 960 0 0 0.001
680 2 879 0 0 0.002
681 3 668 0 0 0.003
682 5 314 0 0 0.005
683 17 113 0 0 0.017
684 52 58 0 0 0.052
685 155 51 0 0 0.155
686 406 38 0 0 0.406
687 752 30 0 0 0.752
688 939 26 0 0 0.939
689 965 20 0 0 0.965
690 979 14 0 0 0.979
691 983 9 0 0 0.983
692 988 5 0 0 0.988
693 991 5 0 0 0.991
694 994 2 0 0 0.994
695 997 0 0 0 0.997
696 999 0 0 0 0.999
697 998 0 0 0 0.998
698 997 0 0 0 0.997
699 995 0 0 0 0.995
700 983 0 0 0 0.983
701 948 0 0 0 0.948
702 845 0 0 0 0.845
703 594 0 0 0 0.594
704 248 0 0 0 0.248
705 61 0 0 0 0.061
706 34 0 0 0 0.034
707 20 0 0 0 0.02
708 16 0 0 0 0.016
709 11 0 0 0 0.011
710 8 0 0 0 0.008
711 5 0 0 0 0.005
712 2 0 0 0 0.002
713 0 0 0 0 0
714 0 0 0 0 0
715 0 0 0 0 0
716 0 0 0 0 0
717 0 0 0 0 0
718 0 0 0 0 0
719 0 0 0 0 0
720 0 0 0 0 0
721 0 0 0 0 0
722 0 0 0 0 0
723 0 0 0 0 0
