1 0 0 0 0 0
2 0 0 0 0 0
3 0 0 0 0 0
4 0 0 0 0 0
5 0 0 0 0 0
6 0 0 0 0 0
7 2 1 0 0 0.002
8 4 3 0 0 0.004
9 8 8 0 0 0.008
10 13 16 0 0 0.013
11 22 25 0 0 0.022
12 46 44 0 0 0.046
13 61 67 0 0 0.061
14 89 88 0 0 0.089
15 108 119 0 0 0.108
16 119 101 0 0 0.119
17 97 95 0 0 0.097
18 81 66 0 0 0.081
19 49 46 0 0 0.049
20 41 21 0 0 0.041
21 21 14 0 0 0.021
22 10 8 0 0 0.01
23 3 3 0 0 0.003
24 1 1 0 0 0.001
25 1 2 0 0 0.001
26 2 3 0 0 0.002
27 6 6 0 0 0.006
28 16 12 0 0 0.016
29 23 23 0 0 0.023
30 35 37 0 0 0.035
31 59 50 0 0 0.059
32 78 72 0 0 0.078
33 114 80 0 0 0.114
34 102 113 0 0 0.102
35 104 107 0 0 0.104
36 80 97 0 0 0.08
37 69 59 0 0 0.069
38 36 55 0 0 0.036
39 25 33 0 0 0.025
40 14 22 0 0 0.014
41 5 9 0 0 0.005
42 2 3 0 0 0.002
43 2 2 0 0 0.002
44 3 1 0 0 0.003
45 3 5 0 0 0.003
46 11 12 0 0 0.011
47 20 24 0 0 0.02
48 37 32 0 0 0.037
49 42 45 0 0 0.042
50 73 58 0 0 0.073
51 70 96 0 0 0.07
52 98 102 0 0 0.098
53 104 107 0 0 0.104
54 99 85 0 0 0.099
55 71 75 0 0 0.071
56 61 41 0 0 0.061
57 33 35 0 0 0.033
58 28 21 0 0 0.028
59 12 11 0 0 0.012
60 7 7 0 0 0.007
61 3 3 0 0 0.003
62 0 5 0 0 0
63 5 2 0 0 0.005
64 10 7 0 0 0.01
65 18 14 0 0 0.018
66 30 28 0 0 0.03
67 44 36 0 0 0.044
68 54 63 0 0 0.054
69 69 54 0 0 0.069
70 81 74 0 0 0.081
71 92 94 0 0 0.092
72 91 94 0 0 0.091
73 89 86 0 0 0.089
74 57 90 0 0 0.057
75 49 48 0 0 0.049
76 37 40 0 0 0.037
77 18 17 0 0 0.018
78 14 9 0 0 0.014
79 5 6 0 0 0.005
80 6 1 0 0 0.006
81 2 2 0 0 0.002
82 4 7 0 0 0.004
83 11 13 0 0 0.011
84 21 23 0 0 0.021
85 34 34 0 0 0.034
86 57 54 0 0 0.057
87 59 66 0 0 0.059
88 65 73 0 0 0.065
89 83 89 0 0 0.083
90 82 85 0 0 0.082
91 74 81 0 0 0.074
92 89 63 0 0 0.089
93 68 51 0 0 0.068
94 51 39 0 0 0.051
95 27 22 0 0 0.027
96 12 17 0 0 0.012
97 8 9 0 0 0.008
98 3 8 0 0 0.003
99 3 3 0 0 0.003
100 6 4 0 0 0.006
101 11 9 0 0 0.011
102 20 15 0 0 0.02
103 26 29 0 0 0.026
104 47 45 0 0 0.047
105 71 54 0 0 0.071
106 57 64 0 0 0.057
107 79 78 0 0 0.079
108 80 79 0 0 0.08
109 80 78 0 0 0.08
110 58 88 0 0 0.058
111 50 76 0 0 0.05
112 45 67 0 0 0.045
113 31 49 0 0 0.031
114 23 29 0 0 0.023
115 14 17 0 0 0.014
116 13 7 0 0 0.013
117 7 6 0 0 0.007
118 5 5 0 0 0.005
119 8 11 0 0 0.008
120 11 21 0 0 0.011
121 25 22 0 0 0.025
122 42 29 0 0 0.042
123 44 66 0 0 0.044
124 54 65 0 0 0.054
125 63 80 0 0 0.063
126 68 78 0 0 0.068
127 70 82 0 0 0.07
128 91 69 0 0 0.091
129 76 57 0 0 0.076
130 69 55 0 0 0.069
131 56 38 0 0 0.056
132 35 29 0 0 0.035
133 24 14 0 0 0.024
134 10 14 0 0 0.01
135 10 9 0 0 0.01
136 5 6 0 0 0.005
137 7 9 0 0 0.007
138 17 9 0 0 0.017
139 21 20 0 0 0.021
140 27 42 0 0 0.027
141 50 43 0 0 0.05
142 57 54 0 0 0.057
143 72 67 0 0 0.072
144 79 64 0 0 0.079
145 80 64 0 0 0.08
146 68 93 0 0 0.068
147 48 82 0 0 0.048
148 52 72 0 0 0.052
149 35 60 0 0 0.035
150 32 43 0 0 0.032
151 17 26 0 0 0.017
152 13 18 0 0 0.013
153 8 14 0 0 0.008
154 6 9 0 0 0.006
155 8 11 0 0 0.008
156 7 20 0 0 0.007
157 11 18 0 0 0.011
158 35 22 0 0 0.035
159 42 40 0 0 0.042
160 45 56 0 0 0.045
161 58 66 0 0 0.058
162 58 74 0 0 0.058
163 59 83 0 0 0.059
164 87 80 0 0 0.087
165 81 65 0 0 0.081
166 79 64 0 0 0.079
167 71 46 0 0 0.071
168 56 41 0 0 0.056
169 29 27 0 0 0.029
170 20 23 0 0 0.02
171 15 9 0 0 0.015
172 7 5 0 0 0.007
173 7 6 0 0 0.007
174 16 6 0 0 0.016
175 20 10 0 0 0.02
176 23 26 0 0 0.023
177 33 34 0 0 0.033
178 44 43 0 0 0.044
179 65 50 0 0 0.065
180 72 52 0 0 0.072
181 71 58 0 0 0.071
182 61 83 0 0 0.061
183 61 82 0 0 0.061
184 63 82 0 0 0.063
185 42 75 0 0 0.042
186 37 57 0 0 0.037
187 29 40 0 0 0.029
188 27 24 0 0 0.027
189 20 20 0 0 0.02
190 13 12 0 0 0.013
191 7 8 0 0 0.007
192 4 12 0 0 0.004
193 8 18 0 0 0.008
194 22 15 0 0 0.022
195 30 30 0 0 0.03
196 41 30 0 0 0.041
197 44 46 0 0 0.044
198 38 72 0 0 0.038
199 50 70 0 0 0.05
200 68 60 0 0 0.068
201 76 67 0 0 0.076
202 94 73 0 0 0.094
203 96 54 0 0 0.096
204 70 42 0 0 0.07
205 58 35 0 0 0.058
206 34 32 0 0 0.034
207 24 24 0 0 0.024
208 13 20 0 0 0.013
209 10 9 0 0 0.01
210 10 5 0 0 0.01
211 18 8 0 0 0.018
212 19 17 0 0 0.019
213 32 26 0 0 0.032
214 34 40 0 0 0.034
215 42 45 0 0 0.042
216 71 37 0 0 0.071
217 76 52 0 0 0.076
218 56 68 0 0 0.056
219 53 64 0 0 0.053
220 69 80 0 0 0.069
221 58 102 0 0 0.058
222 45 75 0 0 0.045
223 35 73 0 0 0.035
224 29 44 0 0 0.029
225 25 34 0 0 0.025
226 22 23 0 0 0.022
227 13 15 0 0 0.013
228 5 8 0 0 0.005
229 5 15 0 0 0.005
230 14 20 0 0 0.014
231 18 27 0 0 0.018
232 31 27 0 0 0.031
233 41 37 0 0 0.041
234 44 57 0 0 0.044
235 40 79 0 0 0.04
236 56 62 0 0 0.056
237 63 51 0 0 0.063
238 71 57 0 0 0.071
239 91 58 0 0 0.091
240 83 41 0 0 0.083
241 80 35 0 0 0.08
242 62 28 0 0 0.062
243 39 26 0 0 0.039
244 29 26 0 0 0.029
245 25 22 0 0 0.025
246 14 11 0 0 0.014
247 15 6 0 0 0.015
248 18 12 0 0 0.018
249 29 15 0 0 0.029
250 26 23 0 0 0.026
251 40 24 0 0 0.04
252 49 36 0 0 0.049
253 73 43 0 0 0.073
254 73 49 0 0 0.073
255 63 53 0 0 0.063
256 55 72 0 0 0.055
257 56 82 0 0 0.056
258 40 90 0 0 0.04
259 39 87 0 0 0.039
260 34 78 0 0 0.034
261 28 53 0 0 0.028
262 23 39 0 0 0.023
263 21 34 0 0 0.021
264 10 20 0 0 0.01
265 6 20 0 0 0.006
266 11 17 0 0 0.011
267 14 28 0 0 0.014
268 21 20 0 0 0.021
269 23 28 0 0 0.023
270 25 46 0 0 0.025
271 35 57 0 0 0.035
272 41 67 0 0 0.041
273 45 66 0 0 0.045
274 62 70 0 0 0.062
275 72 66 0 0 0.072
276 87 50 0 0 0.087
277 96 38 0 0 0.096
278 94 33 0 0 0.094
279 69 29 0 0 0.069
280 40 26 0 0 0.04
281 39 27 0 0 0.039
282 28 16 0 0 0.028
283 24 7 0 0 0.024
284 16 11 0 0 0.016
285 29 14 0 0 0.029
286 24 18 0 0 0.024
287 27 23 0 0 0.027
288 42 25 0 0 0.042
289 54 30 0 0 0.054
290 65 33 0 0 0.065
291 58 33 0 0 0.058
292 66 50 0 0 0.066
293 61 59 0 0 0.061
294 61 68 0 0 0.061
295 47 77 0 0 0.047
296 39 91 0 0 0.039
297 32 85 0 0 0.032
298 26 52 0 0 0.026
299 24 42 0 0 0.024
300 20 29 0 0 0.02
301 11 26 0 0 0.011
302 9 19 0 0 0.009
303 15 25 0 0 0.015
304 14 28 0 0 0.014
305 17 30 0 0 0.017
306 27 38 0 0 0.027
307 32 46 0 0 0.032
308 33 63 0 0 0.033
309 38 70 0 0 0.038
310 45 70 0 0 0.045
311 50 51 0 0 0.05
312 64 53 0 0 0.064
313 78 47 0 0 0.078
314 87 35 0 0 0.087
315 90 30 0 0 0.09
316 80 26 0 0 0.08
317 65 22 0 0 0.065
318 58 19 0 0 0.058
319 29 15 0 0 0.029
320 25 9 0 0 0.025
321 25 16 0 0 0.025
322 25 18 0 0 0.025
323 32 12 0 0 0.032
324 36 20 0 0 0.036
325 40 26 0 0 0.04
326 46 21 0 0 0.046
327 64 30 0 0 0.064
328 67 38 0 0 0.067
329 58 52 0 0 0.058
330 48 57 0 0 0.048
331 50 73 0 0 0.05
332 43 91 0 0 0.043
333 36 84 0 0 0.036
334 30 86 0 0 0.03
335 20 65 0 0 0.02
336 17 73 0 0 0.017
337 16 52 0 0 0.016
338 9 33 0 0 0.009
339 11 33 0 0 0.011
340 19 25 0 0 0.019
341 15 31 0 0 0.015
342 21 36 0 0 0.021
343 26 41 0 0 0.026
344 25 42 0 0 0.025
345 32 62 0 0 0.032
346 29 62 0 0 0.029
347 34 66 0 0 0.034
348 46 52 0 0 0.046
349 61 47 0 0 0.061
350 83 42 0 0 0.083
351 95 36 0 0 0.095
352 83 35 0 0 0.083
353 78 29 0 0 0.078
354 83 19 0 0 0.083
355 66 15 0 0 0.066
356 41 8 0 0 0.041
357 34 9 0 0 0.034
358 32 16 0 0 0.032
359 32 16 0 0 0.032
360 34 21 0 0 0.034
361 39 19 0 0 0.039
362 46 20 0 0 0.046
363 61 28 0 0 0.061
364 65 28 0 0 0.065
365 70 33 0 0 0.07
366 55 36 0 0 0.055
367 46 47 0 0 0.046
368 39 54 0 0 0.039
369 34 91 0 0 0.034
370 33 82 0 0 0.033
371 25 71 0 0 0.025
372 20 86 0 0 0.02
373 19 80 0 0 0.019
374 12 63 0 0 0.012
375 7 41 0 0 0.007
376 12 35 0 0 0.012
377 15 35 0 0 0.015
378 22 37 0 0 0.022
379 21 36 0 0 0.021
380 18 42 0 0 0.018
381 23 52 0 0 0.023
382 23 55 0 0 0.023
383 25 66 0 0 0.025
384 31 59 0 0 0.031
385 38 49 0 0 0.038
386 51 41 0 0 0.051
387 77 28 0 0 0.077
388 94 34 0 0 0.094
389 90 31 0 0 0.09
390 90 22 0 0 0.09
391 95 15 0 0 0.095
392 90 15 0 0 0.09
393 58 8 0 0 0.058
394 48 9 0 0 0.048
395 40 11 0 0 0.04
396 41 18 0 0 0.041
397 40 19 0 0 0.04
398 39 21 0 0 0.039
399 59 21 0 0 0.059
400 57 25 0 0 0.057
401 66 19 0 0 0.066
402 65 26 0 0 0.065
403 53 26 0 0 0.053
404 47 37 0 0 0.047
405 28 45 0 0 0.028
406 30 65 0 0 0.03
407 32 81 0 0 0.032
408 26 92 0 0 0.026
409 16 99 0 0 0.016
410 15 115 0 0 0.015
411 10 93 0 0 0.01
412 11 76 0 0 0.011
413 9 48 0 0 0.009
414 18 45 0 0 0.018
415 17 49 0 0 0.017
416 19 39 0 0 0.019
417 16 58 0 0 0.016
418 21 57 0 0 0.021
419 22 65 0 0 0.022
420 26 67 0 0 0.026
421 26 64 0 0 0.026
422 35 51 0 0 0.035
423 36 30 0 0 0.036
424 54 25 0 0 0.054
425 57 30 0 0 0.057
426 72 25 0 0 0.072
427 83 17 0 0 0.083
428 101 19 0 0 0.101
429 99 9 0 0 0.099
430 112 12 0 0 0.112
431 79 7 0 0 0.079
432 52 15 0 0 0.052
433 48 16 0 0 0.048
434 45 19 0 0 0.045
435 63 17 0 0 0.063
436 53 14 0 0 0.053
437 67 13 0 0 0.067
438 62 16 0 0 0.062
439 63 19 0 0 0.063
440 63 24 0 0 0.063
441 42 28 0 0 0.042
442 32 45 0 0 0.032
443 33 59 0 0 0.033
444 28 64 0 0 0.028
445 17 80 0 0 0.017
446 19 98 0 0 0.019
447 14 91 0 0 0.014
448 13 117 0 0 0.013
449 8 109 0 0 0.008
450 16 79 0 0 0.016
451 20 61 0 0 0.02
452 22 43 0 0 0.022
453 22 62 0 0 0.022
454 17 49 0 0 0.017
455 20 62 0 0 0.02
456 22 70 0 0 0.022
457 23 61 0 0 0.023
458 23 55 0 0 0.023
459 24 45 0 0 0.024
460 26 36 0 0 0.026
461 44 32 0 0 0.044
462 53 26 0 0 0.053
463 63 15 0 0 0.063
464 98 11 0 0 0.098
465 97 13 0 0 0.097
466 125 11 0 0 0.125
467 131 5 0 0 0.131
468 109 11 0 0 0.109
469 88 17 0 0 0.088
470 67 17 0 0 0.067
471 71 20 0 0 0.071
472 64 15 0 0 0.064
473 67 10 0 0 0.067
474 74 20 0 0 0.074
475 69 17 0 0 0.069
476 55 16 0 0 0.055
477 43 18 0 0 0.043
478 38 18 0 0 0.038
479 32 25 0 0 0.032
480 32 34 0 0 0.032
481 20 36 0 0 0.02
482 12 64 0 0 0.012
483 14 74 0 0 0.014
484 12 111 0 0 0.012
485 6 139 0 0 0.006
486 7 130 0 0 0.007
487 15 126 0 0 0.015
488 17 92 0 0 0.017
489 19 80 0 0 0.019
490 17 67 0 0 0.017
491 11 62 0 0 0.011
492 21 81 0 0 0.021
493 18 71 0 0 0.018
494 17 57 0 0 0.017
495 18 45 0 0 0.018
496 18 43 0 0 0.018
497 22 35 0 0 0.022
498 27 33 0 0 0.027
499 31 21 0 0 0.031
500 41 13 0 0 0.041
501 51 12 0 0 0.051
502 74 9 0 0 0.074
503 126 7 0 0 0.126
504 137 6 0 0 0.137
505 165 11 0 0 0.165
506 144 12 0 0 0.144
507 126 15 0 0 0.126
508 102 12 0 0 0.102
509 71 11 0 0 0.071
510 82 16 0 0 0.082
511 79 17 0 0 0.079
512 63 14 0 0 0.063
513 45 11 0 0 0.045
514 37 13 0 0 0.037
515 32 19 0 0 0.032
516 31 22 0 0 0.031
517 27 30 0 0 0.027
518 15 39 0 0 0.015
519 12 44 0 0 0.012
520 9 48 0 0 0.009
521 5 84 0 0 0.005
522 5 112 0 0 0.005
523 10 146 0 0 0.01
524 11 176 0 0 0.011
525 14 175 0 0 0.014
526 9 155 0 0 0.009
527 13 113 0 0 0.013
528 14 92 0 0 0.014
529 16 78 0 0 0.016
530 12 72 0 0 0.012
531 14 54 0 0 0.014
532 12 40 0 0 0.012
533 12 34 0 0 0.012
534 14 26 0 0 0.014
535 15 30 0 0 0.015
536 25 16 0 0 0.025
537 36 11 0 0 0.036
538 39 10 0 0 0.039
539 52 7 0 0 0.052
540 81 5 0 0 0.081
541 98 11 0 0 0.098
542 148 12 0 0 0.148
543 193 13 0 0 0.193
544 209 7 0 0 0.209
545 189 11 0 0 0.189
546 161 14 0 0 0.161
547 96 20 0 0 0.096
548 77 14 0 0 0.077
549 66 13 0 0 0.066
550 54 13 0 0 0.054
551 42 13 0 0 0.042
552 23 15 0 0 0.023
553 33 13 0 0 0.033
554 16 17 0 0 0.016
555 10 20 0 0 0.01
556 8 27 0 0 0.008
557 8 35 0 0 0.008
558 5 54 0 0 0.005
559 8 66 0 0 0.008
560 10 97 0 0 0.01
561 9 146 0 0 0.009
562 6 212 0 0 0.006
563 8 250 0 0 0.008
564 8 259 0 0 0.008
565 15 185 0 0 0.015
566 11 122 0 0 0.011
567 9 86 0 0 0.009
568 10 60 0 0 0.01
569 10 50 0 0 0.01
570 12 21 0 0 0.012
571 12 33 0 0 0.012
572 12 21 0 0 0.012
573 11 13 0 0 0.011
574 13 10 0 0 0.013
575 16 8 0 0 0.016
576 28 6 0 0 0.028
577 36 8 0 0 0.036
578 58 13 0 0 0.058
579 87 8 0 0 0.087
580 141 4 0 0 0.141
581 216 8 0 0 0.216
582 310 7 0 0 0.31
583 320 9 0 0 0.32
584 236 8 0 0 0.236
585 134 8 0 0 0.134
586 67 7 0 0 0.067
587 58 6 0 0 0.058
588 31 6 0 0 0.031
589 30 8 0 0 0.03
590 20 10 0 0 0.02
591 14 11 0 0 0.014
592 12 14 0 0 0.012
593 8 15 0 0 0.008
594 7 16 0 0 0.007
595 6 24 0 0 0.006
596 13 30 0 0 0.013
597 10 37 0 0 0.01
598 3 72 0 0 0.003
599 5 119 0 0 0.005
600 7 212 0 0 0.007
601 7 344 0 0 0.007
602 4 416 0 0 0.004
603 6 378 0 0 0.006
604 8 219 0 0 0.008
605 9 94 0 0 0.009
606 10 54 0 0 0.01
607 8 37 0 0 0.008
608 9 20 0 0 0.009
609 9 12 0 0 0.009
610 10 11 0 0 0.01
611 13 7 0 0 0.013
612 11 7 0 0 0.011
613 9 5 0 0 0.009
614 15 12 0 0 0.015
615 17 11 0 0 0.017
616 25 4 0 0 0.025
617 41 5 0 0 0.041
618 75 7 0 0 0.075
619 164 6 0 0 0.164
620 295 1 0 0 0.295
621 468 3 0 0 0.468
622 538 4 0 0 0.538
623 409 3 0 0 0.409
624 194 6 0 0 0.194
625 62 8 0 0 0.062
626 29 9 0 0 0.029
627 15 8 0 0 0.015
628 12 9 0 0 0.012
629 6 12 0 0 0.006
630 9 16 0 0 0.009
631 5 13 0 0 0.005
632 11 16 0 0 0.011
633 10 18 0 0 0.01
634 4 20 0 0 0.004
635 5 22 0 0 0.005
636 7 28 0 0 0.007
637 6 51 0 0 0.006
638 2 92 0 0 0.002
639 1 190 0 0 0.001
640 4 378 0 0 0.004
641 1 614 0 0 0.001
642 0 709 0 0 0
643 1 596 0 0 0.001
644 2 312 0 0 0.002
645 3 86 0 0 0.003
646 3 23 0 0 0.003
647 3 7 0 0 0.003
648 5 8 0 0 0.005
649 5 5 0 0 0.005
650 5 11 0 0 0.005
651 6 10 0 0 0.006
652 5 6 0 0 0.005
653 8 6 0 0 0.008
654 8 7 0 0 0.008
655 8 7 0 0 0.008
656 12 2 0 0 0.012
657 21 0 0 0 0.021
658 45 4 0 0 0.045
659 115 2 0 0 0.115
660 276 0 0 0 0.276
661 577 0 0 0 0.577
662 796 1 0 0 0.796
663 790 1 0 0 0.79
664 599 2 0 0 0.599
665 252 3 0 0 0.252
666 59 3 0 0 0.059
667 9 3 0 0 0.009
668 13 3 0 0 0.013
669 8 4 0 0 0.008
670 5 4 0 0 0.005
671 7 4 0 0 0.007
672 6 4 0 0 0.006
673 7 4 0 0 0.007
674 4 5 0 0 0.004
675 0 5 0 0 0
676 3 5 0 0 0.003
677 2 9 0 0 0.002
678 0 18 0 0 0
679 0 39 0 0 0
680 0 119 0 0 0
681 0 329 0 0 0
682 0 681 0 0 0
683 0 870 0 0 0
684 0 890 0 0 0
685 0 794 0 0 0
686 0 556 0 0 0
687 0 218 0 0 0
688 0 35 0 0 0
689 1 14 0 0 0.001
690 1 6 0 0 0.001
691 1 7 0 0 0.001
692 1 6 0 0 0.001
693 1 3 0 0 0.001
694 1 3 0 0 0.001
695 1 2 0 0 0.001
696 1 0 0 0 0.001
697 2 0 0 0 0.002
698 3 0 0 0 0.003
699 5 0 0 0 0.005
700 17 0 0 0 0.017
701 52 0 0 0 0.052
702 155 0 0 0 0.155
703 406 0 0 0 0.406
704 752 0 0 0 0.752
705 939 0 0 0 0.939
706 966 0 0 0 0.966
707 980 0 0 0 0.98
708 984 0 0 0 0.984
709 989 0 0 0 0.989
710 992 0 0 0 0.992
711 995 0 0 0 0.995
712 998 0 0 0 0.998
713 1000 0 0 0 1
714 1000 0 0 0 1
715 1000 0 0 0 1
716 1000 0 0 0 1
717 1000 0 0 0 1
718 1000 0 0 0 1
719 1000 0 0 0 1
720 1000 0 0 0 1
721 1000 0 0 0 1
722 1000 0 0 0 1
723 1000 0 0 0 1
