1 2120 163 158 0.151415
2 3163 34 33 0.0211824
3 3519 5 4 0.00255754
4 3501 1 0 0.000285633
5 3454 0 0 0
6 3494 0 0 0
7 3400 0 0 0
8 3392 1 2 0.000884434
9 3438 2 3 0.00145433
10 3431 5 6 0.00320606
11 3417 14 9 0.00673105
12 3334 19 20 0.0116977
13 3137 31 30 0.0194453
14 3066 47 41 0.0287019
15 2819 55 51 0.037602
16 2703 81 65 0.0540141
17 2746 65 82 0.0535324
18 2823 64 59 0.0435707
19 2952 43 54 0.0328591
20 3223 35 25 0.0186162
21 3205 14 30 0.0137285
22 3444 11 15 0.00754936
23 3457 6 8 0.00404975
24 3512 2 3 0.00142369
25 3522 1 1 0.000567859
26 3448 2 1 0.00087007
27 3449 3 1 0.00115976
28 3484 3 4 0.00200918
29 3521 9 12 0.00596421
30 3247 16 19 0.0107792
31 3247 28 23 0.0157068
32 2978 29 36 0.0218267
33 3021 57 45 0.0337637
34 2843 49 77 0.0443194
35 2782 65 62 0.0456506
36 2756 64 67 0.0475327
37 2897 63 46 0.0376251
38 2936 34 47 0.0275886
39 3153 37 22 0.0187123
40 3326 19 17 0.0108238
41 3386 16 11 0.00797401
42 3420 7 4 0.00321637
43 3518 2 2 0.00113701
44 3513 2 2 0.00113863
45 3484 0 3 0.000861079
46 3346 5 1 0.00179319
47 3380 7 7 0.00414201
48 3299 15 11 0.00788118
49 3376 23 24 0.0139218
50 3170 32 26 0.0182965
51 3110 39 52 0.0292605
52 3057 56 37 0.030422
53 2816 62 58 0.0426136
54 2878 68 68 0.047255
55 2911 57 62 0.0408794
56 2966 56 47 0.0347269
57 3109 23 47 0.0225153
58 3348 25 21 0.0137395
59 3231 14 23 0.0114516
60 3326 6 7 0.0039086
61 3447 6 6 0.00348129
62 3509 1 3 0.00113993
63 3445 4 0 0.0011611
64 3542 2 2 0.00112931
65 3473 4 7 0.00316729
66 3402 10 11 0.00617284
67 3268 18 18 0.0110159
68 3281 25 29 0.0164584
69 3161 46 41 0.0275229
70 2975 38 50 0.0295798
71 2901 48 57 0.0361944
72 2829 62 58 0.0424178
73 3003 55 58 0.037629
74 2845 43 55 0.0344464
75 2985 63 33 0.0321608
76 3277 31 26 0.017394
77 3234 30 25 0.0170068
78 3318 14 10 0.00723327
79 3408 6 10 0.00469484
80 3436 5 3 0.00232829
81 3476 1 6 0.00201381
82 3440 2 2 0.00116279
83 3423 5 3 0.00233713
84 3496 8 8 0.00457666
85 3484 18 12 0.00861079
86 3143 21 23 0.0139994
87 3180 38 36 0.0232704
88 2931 50 42 0.0313886
89 3235 42 44 0.0265842
90 2951 62 56 0.0399864
91 2834 59 51 0.0388144
92 2969 51 48 0.0333446
93 3019 38 52 0.0298112
94 3070 37 47 0.0273616
95 3310 27 38 0.0196375
96 3324 15 21 0.0108303
97 3284 11 9 0.00609013
98 3415 7 6 0.00380673
99 3437 7 2 0.00261856
100 3402 2 2 0.00117578
101 3501 3 3 0.0017138
102 3482 6 9 0.00430787
103 3414 9 15 0.00702988
104 3226 20 17 0.0114693
105 3197 33 26 0.0184548
106 3106 34 56 0.0289762
107 2942 42 40 0.0278722
108 2987 50 58 0.0361567
109 2868 49 51 0.0348675
110 2968 42 60 0.0343666
111 2915 59 45 0.0356775
112 3224 47 32 0.0245037
113 3105 39 29 0.0219002
114 3324 29 19 0.0144404
115 3393 18 16 0.0100206
116 3348 12 8 0.00597372
117 3459 3 8 0.00318011
118 3558 4 5 0.00252951
119 3408 3 3 0.00176056
120 3514 5 6 0.00313034
121 3369 16 6 0.00653013
122 3275 19 16 0.010687
123 3212 19 32 0.015878
124 3088 41 32 0.0236399
125 3168 43 41 0.0265152
126 3044 53 44 0.031866
127 2974 56 40 0.0322798
128 2899 58 38 0.0331149
129 2967 44 62 0.0357263
130 3049 31 46 0.0252542
131 3209 36 42 0.0243066
132 3145 25 39 0.0203498
133 3227 23 23 0.0142547
134 3306 8 17 0.00756201
135 3510 10 4 0.0039886
136 3475 6 8 0.00402878
137 3409 3 3 0.00176005
138 3532 6 6 0.00339751
139 3433 5 15 0.00582581
140 3444 10 13 0.00667828
141 3182 31 18 0.0153991
142 3267 30 36 0.020202
143 3018 31 38 0.0228628
144 3052 43 49 0.0301442
145 2938 38 57 0.0323349
146 2957 33 56 0.0300981
147 2827 57 51 0.038203
148 2988 52 32 0.0281124
149 3114 51 42 0.0298651
150 3154 40 26 0.0209258
151 3190 34 23 0.0178683
152 3384 12 14 0.00768322
153 3525 12 11 0.00652482
154 3447 8 5 0.0037714
155 3342 4 4 0.00239378
156 3468 6 6 0.00346021
157 3483 15 6 0.00602929
158 3389 14 7 0.00619652
159 3399 18 23 0.0120624
160 3287 22 28 0.0152114
161 3084 39 30 0.0223735
162 3038 49 38 0.0286373
163 3087 47 32 0.0255912
164 2904 54 29 0.0285813
165 2926 47 58 0.0358852
166 2927 43 53 0.0327981
167 2938 44 48 0.0313138
168 3030 28 49 0.0254125
169 3156 28 39 0.0212294
170 3306 15 21 0.0108893
171 3371 19 13 0.00949273
172 3458 8 12 0.00578369
173 3482 5 6 0.0031591
174 3448 6 6 0.00348028
175 3439 3 10 0.00378017
176 3533 7 15 0.006227
177 3308 20 12 0.00967352
178 3290 21 28 0.0148936
179 3267 31 28 0.0180594
180 3143 30 40 0.0222717
181 3115 23 55 0.0250401
182 3044 33 57 0.0295664
183 2943 54 43 0.0329596
184 3143 48 42 0.0286351
185 3024 56 49 0.0347222
186 3137 57 33 0.0286898
187 3108 38 23 0.0196268
188 3280 29 21 0.0152439
189 3431 16 15 0.00903527
190 3350 14 12 0.00776119
191 3473 10 12 0.00633458
192 3556 6 6 0.00337458
193 3458 9 3 0.00347021
194 3424 15 6 0.00613318
195 3483 13 13 0.00746483
196 3293 28 20 0.0145764
197 3361 24 27 0.0151741
198 3136 29 29 0.0184949
199 3175 59 21 0.0251969
200 3039 53 36 0.0292859
201 3018 35 40 0.0248509
202 2984 43 38 0.0271448
203 2868 52 55 0.0373082
204 2985 35 64 0.0331658
205 3062 28 41 0.0225343
206 3095 18 40 0.0187399
207 3316 20 24 0.013269
208 3331 16 21 0.0111078
209 3529 17 9 0.00736753
210 3488 7 9 0.00458716
211 3505 3 7 0.00285307
212 3509 4 12 0.0045597
213 3497 11 15 0.00743494
214 3277 13 22 0.0106805
215 3208 24 21 0.0140274
216 3203 29 30 0.0184202
217 3157 21 48 0.0218562
218 3143 24 55 0.0251352
219 3085 42 46 0.0285251
220 3087 39 36 0.0242954
221 2963 42 46 0.0296996
222 2822 68 41 0.0386251
223 3109 42 28 0.0225153
224 3193 53 26 0.0247416
225 3217 31 20 0.0158533
226 3244 20 20 0.0123305
227 3350 17 16 0.00985075
228 3579 14 11 0.00698519
229 3619 5 4 0.00248687
230 3457 10 2 0.00347122
231 3258 15 9 0.00736648
232 3345 21 11 0.00956652
233 3322 20 19 0.0117399
234 3306 28 18 0.0139141
235 3046 33 28 0.0200263
236 3031 63 26 0.0293632
237 3206 47 32 0.0246413
238 3080 40 34 0.024026
239 3179 40 48 0.0276817
240 3107 45 50 0.0305761
241 3221 32 56 0.0273207
242 3059 27 49 0.0248447
243 3196 22 43 0.0203379
244 3356 16 27 0.0128129
245 3267 15 18 0.010101
246 3263 15 16 0.00950046
247 3357 7 9 0.00476616
248 3339 3 12 0.00449236
249 3271 8 10 0.0055029
250 3213 11 23 0.010582
251 3295 17 14 0.00940819
252 3320 16 24 0.0120482
253 3280 19 39 0.0176829
254 3100 26 47 0.0235484
255 3055 30 50 0.0261866
256 3212 29 48 0.0239726
257 3029 40 44 0.0277319
258 3170 48 48 0.0302839
259 3032 52 28 0.0263852
260 3133 52 27 0.0252154
261 3023 52 22 0.024479
262 3278 32 20 0.0158633
263 3346 21 17 0.0113568
264 3231 23 18 0.0126896
265 3361 12 7 0.00565308
266 3233 13 3 0.00494896
267 3383 12 8 0.00591191
268 3400 22 10 0.00941176
269 3238 16 14 0.00926498
270 3273 21 17 0.0116101
271 3252 36 16 0.0159902
272 3019 40 24 0.0211991
273 3091 49 25 0.0239405
274 3017 40 23 0.0208817
275 3061 52 38 0.0294022
276 2961 44 37 0.0273556
277 3123 39 43 0.0262568
278 2957 27 54 0.0273926
279 3080 24 57 0.0262987
280 3110 20 50 0.022508
281 3239 17 24 0.0126582
282 3246 18 23 0.0126309
283 3269 12 17 0.00887121
284 3429 4 20 0.00699913
285 3370 7 9 0.00474777
286 3319 10 21 0.00934016
287 3277 12 18 0.00915471
288 3313 14 21 0.0105644
289 3210 19 28 0.0146417
290 3183 22 38 0.0188501
291 3242 23 47 0.0215916
292 3155 21 44 0.0206022
293 3126 28 49 0.0246321
294 2965 34 39 0.0246206
295 3010 45 41 0.0285714
296 3067 43 32 0.0244539
297 2974 56 27 0.0279085
298 3057 57 23 0.0261694
299 3106 33 20 0.0170637
300 3306 30 16 0.0139141
301 3343 23 13 0.0107688
302 3287 16 9 0.00760572
303 3309 15 4 0.00574192
304 3569 15 13 0.00784533
305 3375 19 11 0.00888889
306 3398 20 9 0.00853443
307 3128 30 17 0.0150256
308 3276 30 22 0.015873
309 3149 37 16 0.0168307
310 3160 49 21 0.0221519
311 3054 58 29 0.0284872
312 3178 39 31 0.0220264
313 3145 38 29 0.0213037
314 2937 39 47 0.0292816
315 3012 28 54 0.0272244
316 3066 24 43 0.0218526
317 3057 20 45 0.0212627
318 3099 16 30 0.0148435
319 3161 13 45 0.0183486
320 3452 10 19 0.00840093
321 3421 6 15 0.00613856
322 3450 9 19 0.00811594
323 3228 15 13 0.0086741
324 3366 9 26 0.0103981
325 3344 16 26 0.0125598
326 3210 21 31 0.0161994
327 3229 12 31 0.0133168
328 3070 21 55 0.0247557
329 3112 17 48 0.0208869
330 3186 24 48 0.0225989
331 3156 31 37 0.0215463
332 3074 36 35 0.0230969
333 2978 50 31 0.0271995
334 3058 43 26 0.0225638
335 3092 51 26 0.024903
336 3280 37 16 0.0161585
337 3251 40 11 0.0156875
338 3316 34 13 0.0141737
339 3465 19 7 0.00750361
340 3319 21 7 0.00843628
341 3300 20 13 0.01
342 3361 21 10 0.00922345
343 3164 26 16 0.0132743
344 3210 30 13 0.0133956
345 3209 35 14 0.0152696
346 3239 48 20 0.0209941
347 3290 44 19 0.0191489
348 3116 51 19 0.0224647
349 3028 40 21 0.0201453
350 3080 36 28 0.0207792
351 3005 32 31 0.0209651
352 2975 27 63 0.0302521
353 3072 22 42 0.0208333
354 3084 21 35 0.0181582
355 3144 17 51 0.0216285
356 3278 14 44 0.0176937
357 3297 6 28 0.0103124
358 3298 6 22 0.00848999
359 3286 10 21 0.00943396
360 3313 11 24 0.0105644
361 3224 15 25 0.0124069
362 3275 13 28 0.0125191
363 3263 12 33 0.013791
364 3214 19 40 0.0183572
365 3118 14 46 0.0192431
366 3150 18 55 0.0231746
367 3175 17 45 0.0195276
368 3222 24 39 0.0195531
369 3213 26 32 0.0180517
370 3207 51 23 0.0230745
371 3039 46 29 0.0246792
372 3199 36 22 0.0181307
373 3096 50 15 0.0209948
374 3241 45 13 0.0178957
375 3298 44 11 0.0166768
376 3407 27 5 0.00939243
377 3251 24 8 0.00984313
378 3391 23 8 0.00914185
379 3415 29 14 0.0125915
380 3321 27 15 0.0126468
381 3387 30 14 0.0129908
382 3213 43 14 0.0177404
383 3173 44 16 0.0189095
384 3138 52 11 0.0200765
385 3232 49 17 0.0204208
386 3234 40 13 0.0163884
387 3151 36 25 0.0193589
388 3243 23 29 0.0160345
389 2969 25 40 0.0218929
390 3059 24 50 0.0241909
391 3129 20 40 0.0191755
392 3044 11 49 0.0197109
393 3167 12 59 0.0224187
394 3300 7 34 0.0124242
395 3364 6 31 0.0109988
396 3258 7 28 0.0107428
397 3270 14 28 0.012844
398 3306 12 31 0.0130067
399 3254 14 23 0.0113706
400 3323 12 46 0.0174541
401 3149 17 43 0.0190537
402 3187 10 50 0.0188265
403 3197 13 52 0.0203316
404 3145 14 42 0.017806
405 3304 21 42 0.0190678
406 3311 20 23 0.012987
407 3187 34 22 0.0175714
408 2967 29 26 0.0185372
409 3054 42 21 0.0206287
410 3095 43 13 0.0180937
411 3054 56 12 0.0222659
412 3057 48 5 0.0173373
413 3233 56 9 0.0201052
414 3313 31 5 0.0108663
415 3219 27 13 0.0124262
416 3250 33 12 0.0138462
417 3237 27 15 0.012975
418 3135 44 12 0.0178628
419 3313 42 9 0.0153939
420 3145 50 9 0.0187599
421 3093 45 14 0.0190753
422 3234 55 12 0.0207174
423 3232 44 19 0.0194926
424 3268 27 16 0.0131579
425 3206 21 26 0.01466
426 3101 26 27 0.0170913
427 3187 21 32 0.0166301
428 3144 10 38 0.0152672
429 3091 15 50 0.0210288
430 3108 6 43 0.0157658
431 3061 10 64 0.0241751
432 3182 5 54 0.0185418
433 3386 11 37 0.014176
434 3336 12 30 0.0125899
435 3310 14 26 0.0120846
436 3205 12 52 0.0199688
437 3199 10 36 0.0143795
438 3293 11 50 0.0185241
439 3202 9 54 0.0196752
440 3263 14 44 0.0177751
441 3161 12 48 0.0189813
442 3318 9 31 0.0120555
443 3214 13 25 0.0118233
444 3216 27 26 0.0164801
445 3147 22 21 0.0136638
446 3198 32 13 0.0140713
447 3120 50 11 0.0195513
448 3038 38 11 0.016129
449 3045 62 10 0.0236453
450 3045 67 3 0.0229885
451 3251 48 8 0.0172255
452 3168 44 12 0.0176768
453 3312 33 12 0.013587
454 3201 49 15 0.0199938
455 3269 37 8 0.0137657
456 3168 46 7 0.0167298
457 3186 53 13 0.0207156
458 3276 54 12 0.0201465
459 3335 41 8 0.0146927
460 3232 34 11 0.0139233
461 3386 30 9 0.011518
462 3333 27 13 0.0120012
463 3216 24 22 0.0143035
464 3168 15 15 0.0094697
465 3134 9 39 0.0153159
466 3072 12 34 0.014974
467 3015 9 61 0.0232172
468 2979 2 70 0.0241692
469 3064 6 65 0.0231723
470 3007 12 54 0.0219488
471 3169 12 45 0.0179867
472 3177 13 44 0.0179415
473 3367 12 43 0.016335
474 3269 3 46 0.0149893
475 3096 15 59 0.0239018
476 3190 9 55 0.0200627
477 3239 9 46 0.0169805
478 3289 9 35 0.0133779
479 3298 6 33 0.0118253
480 3324 13 24 0.0111312
481 3280 13 27 0.0121951
482 3292 11 17 0.00850547
483 3321 24 10 0.0102379
484 3181 24 11 0.0110028
485 3072 42 8 0.016276
486 3179 74 5 0.0248506
487 2981 58 4 0.0207984
488 3088 79 10 0.0288212
489 3184 56 11 0.0210427
490 3250 56 14 0.0215385
491 3200 51 9 0.01875
492 3305 40 5 0.0136157
493 3148 65 12 0.02446
494 3147 60 10 0.0222434
495 3294 47 8 0.016697
496 3398 35 6 0.0120659
497 3206 32 9 0.0127885
498 3221 29 8 0.0114871
499 3337 29 7 0.0107881
500 3475 18 14 0.00920863
501 3361 12 14 0.00773579
502 3136 11 19 0.00956633
503 3072 7 22 0.0094401
504 3001 5 47 0.0173276
505 2997 5 51 0.0186854
506 2886 10 77 0.0301455
507 2889 11 74 0.0294219
508 2985 12 75 0.0291457
509 3114 6 71 0.024727
510 3229 7 54 0.0188913
511 3141 9 63 0.0229226
512 3094 11 63 0.0239173
513 3194 9 53 0.0194114
514 3314 7 40 0.0141823
515 3315 2 34 0.0108597
516 3321 4 30 0.0102379
517 3423 6 22 0.00817996
518 3407 5 24 0.00851189
519 3273 14 14 0.00855484
520 3267 18 10 0.00857055
521 3257 11 9 0.00614062
522 3241 23 5 0.00863931
523 3218 43 5 0.0149161
524 2906 44 10 0.0185822
525 2836 76 9 0.0299718
526 2819 91 11 0.036183
527 2890 96 3 0.0342561
528 3093 84 8 0.0297446
529 3080 77 9 0.0279221
530 3116 59 13 0.0231065
531 3272 58 5 0.0192543
532 3318 48 4 0.0156721
533 3324 36 4 0.0120337
534 3421 30 4 0.00993861
535 3344 20 4 0.00717703
536 3368 28 4 0.00950119
537 3255 15 7 0.00675883
538 3277 10 8 0.00549283
539 3265 8 10 0.00551302
540 3246 7 14 0.0064695
541 3138 4 27 0.0098789
542 3087 8 26 0.0110139
543 2896 10 46 0.019337
544 2799 9 80 0.0317971
545 2819 4 104 0.0383115
546 2725 6 105 0.0407339
547 2866 7 124 0.0457083
548 3051 11 77 0.028843
549 3153 5 59 0.0202981
550 3191 4 48 0.0162958
551 3168 4 42 0.0145202
552 3270 2 39 0.0125382
553 3407 6 18 0.00704432
554 3303 3 32 0.0105964
555 3300 5 16 0.00636364
556 3449 3 10 0.00376921
557 3370 6 7 0.00385757
558 3322 8 7 0.00451535
559 3313 14 5 0.00573498
560 3174 15 8 0.00724638
561 3142 31 10 0.013049
562 2955 38 7 0.0152284
563 2689 67 4 0.0264039
564 2544 115 7 0.047956
565 2657 151 4 0.0583365
566 2772 122 9 0.0472583
567 3079 84 6 0.0292303
568 3137 68 3 0.0226331
569 3289 49 2 0.0155062
570 3221 47 4 0.0158336
571 3560 20 3 0.00646067
572 3342 28 5 0.00987433
573 3344 18 4 0.00657895
574 3427 10 4 0.00408521
575 3378 9 5 0.00414446
576 3446 7 2 0.00261172
577 3320 6 7 0.00391566
578 3383 5 9 0.00413834
579 3299 12 9 0.00636557
580 3145 8 13 0.00667727
581 2989 3 40 0.0143861
582 2664 5 57 0.0232733
583 2396 7 112 0.0496661
584 2409 7 168 0.0726443
585 2628 3 170 0.0658295
586 3051 3 116 0.0390036
587 3058 5 56 0.0199477
588 3360 3 47 0.014881
589 3352 3 29 0.00954654
590 3370 2 28 0.00890208
591 3490 3 16 0.00544413
592 3479 2 11 0.00373671
593 3465 1 11 0.0034632
594 3314 6 7 0.00392275
595 3266 1 6 0.00214329
596 3282 3 5 0.00243754
597 3395 6 11 0.00500736
598 3311 5 10 0.00453035
599 3348 10 3 0.00388292
600 3063 19 5 0.00783546
601 2753 36 7 0.0156193
602 2307 98 6 0.0450802
603 2000 154 1 0.0775
604 2135 215 3 0.102108
605 2782 172 2 0.0625449
606 3168 69 2 0.0224116
607 3200 45 4 0.0153125
608 3249 33 2 0.0107725
609 3368 19 2 0.00623515
610 3352 12 0 0.00357995
611 3589 11 3 0.00390081
612 3547 6 3 0.00253736
613 3439 7 5 0.00348939
614 3551 4 0 0.00112644
615 3434 11 3 0.00407688
616 3489 10 2 0.00343938
617 3370 4 3 0.00207715
618 3313 5 2 0.00211289
619 3242 7 9 0.00493523
620 3045 6 23 0.00952381
621 2373 1 42 0.0181205
622 1771 1 102 0.0581592
623 1615 3 198 0.124458
624 2125 1 260 0.122824
625 2740 0 165 0.060219
626 3264 1 52 0.0162377
627 3315 1 26 0.0081448
628 3383 2 14 0.00472953
629 3339 0 12 0.00359389
630 3386 1 4 0.00147667
631 3499 3 8 0.00314376
632 3436 0 5 0.00145518
633 3443 0 11 0.00319489
634 3394 1 10 0.00324101
635 3418 0 4 0.00117028
636 3287 3 5 0.00243383
637 3443 0 7 0.00203311
638 3329 1 5 0.00180234
639 3158 4 2 0.00189994
640 2838 10 0 0.00352361
641 2087 24 4 0.0134164
642 1261 70 1 0.0563045
643 1024 165 0 0.161133
644 1464 310 0 0.211749
645 2459 240 1 0.0980073
646 3204 75 0 0.0234082
647 3412 20 1 0.00615475
648 3487 7 1 0.00229424
649 3508 8 0 0.0022805
650 3330 5 0 0.0015015
651 3563 11 0 0.00308729
652 3589 8 1 0.00250766
653 3550 5 0 0.00140845
654 3614 6 0 0.00166021
655 3383 5 1 0.00177357
656 3464 7 0 0.00202079
657 3492 2 1 0.000859107
658 3391 0 0 0
659 3296 3 0 0.000910194
660 2968 2 4 0.00202156
661 2531 0 9 0.00355591
662 1494 0 21 0.0140562
663 733 0 81 0.110505
664 751 0 211 0.280959
665 1355 0 354 0.261255
666 2701 0 201 0.0744169
667 3202 0 55 0.0171768
668 3489 0 7 0.00200631
669 3438 0 13 0.00378127
670 3355 0 8 0.0023845
671 3394 0 4 0.00117855
672 3491 1 6 0.00200516
673 3617 0 6 0.00165883
674 3472 0 5 0.00144009
675 3483 0 4 0.00114844
676 3533 0 0 0
677 3491 0 3 0.000859353
678 3598 0 2 0.000555864
679 3361 0 0 0
680 3373 1 0 0.000296472
681 3000 1 0 0.000333333
682 2409 2 0 0.00083022
683 1110 12 0 0.0108108
684 433 35 0 0.0808314
685 380 103 0 0.271053
686 729 251 0 0.344307
687 1513 346 0 0.228685
688 2847 187 0 0.0656832
689 3255 27 0 0.00829493
690 3501 14 0 0.00399886
691 3442 4 0 0.00116212
692 3456 5 0 0.00144676
693 3516 3 0 0.000853242
694 3451 3 0 0.000869313
695 3653 3 0 0.000821243
696 3470 2 0 0.000576369
697 3507 0 0 0
698 3384 0 0 0
699 3424 0 0 0
700 3474 0 0 0
701 3537 0 0 0
702 3208 0 0 0
703 2870 0 0 0
704 2130 0 0 0
705 851 0 0 0
706 221 0 0 0
707 119 0 0 0
708 65 0 0 0
709 62 0 0 0
710 37 0 0 0
711 23 0 0 0
712 21 0 0 0
713 6 0 0 0
714 0 0 0 0
715 0 0 0 0
716 0 0 0 0
717 0 0 0 0
718 0 0 0 0
719 0 0 0 0
720 0 0 0 0
721 0 0 0 0
722 0 0 0 0
723 0 0 0 0
