4 504
24 495
42 501
62 495
80 500
99 496
118 496
127 466
136 493
157 497
163 480
172 496
193 495
199 505
209 494
231 496
237 529
246 489
275 545
311 576
349 610
386 660
423 706
462 745
499 801
536 842
575 886
615 921
656 976
696 999
9293 1546561072
9297 1546561216
9300 32767
9305 1546561072
9308 32767
9313 1546561264
9319 1546561980
9328 1073140509
9337 1546561264
9341 1546561864
9347 1546561800
9351 1546563468
9352 32767
9359 1546563468
9365 1546561928
9371 1546561896
9375 1546563467
9385 1546562432
9389 1546562816
9394 524288
9397 1
9401 1546563468
9402 32767
9413 1546562904
9418 7
9421 1
9425 1546563467
9426 32767
9434 1
9447 1546561764
9455 2026584188
9461 2026584184
9465 2026584160
9471 2026587512
9477 1546561792
9481 2061214480
9487 1920991332
9493 1546561904
9496 32767
9499 100
9503 1920991232
9507 1546561832
9521 1546562416
9527 1546561912
9533 1546565976
9537 1900399018
9551 1865441032
9555 1865449456
9563 1865269386
9567 1865441032
9571 1865446184
9579 1865269386
9583 1865449456
9587 1865449456
9589 1865412784
9595 1865441032
9603 1865441032
9611 1546562464
9615 1865294435
9621 2026584160
9625 59927576
9631 1865441032
9635 1865300505
9641 1865368240
9647 1865441032
9653 1865412784
9657 59927305
9661 1865449456
9669 1940
9675 1865215397
9681 1546562880
9685 2026587512
9691 2026587512
9703 1865441032
9707 1865446032
9715 1865269386
9719 1865446032
9723 1865446032
9735 1865441032
9739 1865446032
9743 59926272
9755 1865441032
9759 1865446032
9767 1865269386
9771 1865446032
9775 1865446032
9777 1865412784
9783 1865441032
9791 1865441032
9799 1546563216
9803 1865294435
9809 1865368240
9813 59927576
9819 1865441032
9823 1865300505
9829 1865368240
9835 1865441032
9841 1865412784
9845 59926894
9849 1865446032
9857 1529
9863 1865215397
9869 1546563632
9873 1546566384
9875 59909720
9885 1546566384
9889 1769234802
9901 1546563520
9905 1546563536
9909 1546564104
9915 1546564072
9919 1546565643
9929 1546564608
9932 32767
9939 1546566384
9953 1546565064
9957 1546565080
9961 1
9965 1
9969 1546565643
9970 32767
9978 1
9979 1
9987 4
9993 1546565640
