16 119
33 114
53 104
71 92
92 89
108 80
128 91
145 80
164 87
180 72
203 96
217 76
220 69
239 91
253 73
277 96
292 66
315 90
328 67
351 95
354 83
365 70
391 95
401 66
430 112
437 67
440 63
452 22
467 131
474 74
492 21
505 165
525 14
529 16
544 209
560 10
565 15
570 12
583 320
596 13
606 10
622 538
632 11
662 796
671 7
689 1
692 1
713 1000
716 1000
719 1000
722 1000
9261 1546561072
9265 1546561216
9268 32767
9273 1546561072
9276 32767
9281 1546561264
9287 1546561980
9296 1073140509
9305 1546561264
9309 1546561864
9315 1546561800
9319 1546563468
9320 32767
9327 1546563468
9333 1546561928
9339 1546561896
9343 1546563467
9353 1546562432
9357 1546562816
9362 524288
9365 1
9369 1546563468
9370 32767
9381 1546562904
9386 7
9389 1
9393 1546563467
9394 32767
9402 1
9415 1546561764
9423 2026584188
9429 2026584184
9433 2026584160
9439 2026587512
9445 1546561792
9449 2061214480
9455 1920991332
9461 1546561904
9464 32767
9467 100
9471 1920991232
9475 1546561832
9489 1546562416
9495 1546561912
9501 1546565976
9505 1900399018
9519 1865441032
9523 1865449456
9531 1865269386
9535 1865441032
9539 1865446184
9547 1865269386
9551 1865449456
9555 1865449456
9557 1865412784
9563 1865441032
9571 1865441032
9579 1546562464
9583 1865294435
9589 2026584160
9593 59927576
9599 1865441032
9603 1865300505
9609 1865368240
9615 1865441032
9621 1865412784
9625 59927305
9629 1865449456
9637 1940
9643 1865215397
9649 1546562880
9653 2026587512
9659 2026587512
9671 1865441032
9675 1865446032
9683 1865269386
9687 1865446032
9691 1865446032
9703 1865441032
9707 1865446032
9711 59926272
9723 1865441032
9727 1865446032
9735 1865269386
9739 1865446032
9743 1865446032
9745 1865412784
9751 1865441032
9759 1865441032
9767 1546563216
9771 1865294435
9777 1865368240
9781 59927576
9787 1865441032
9791 1865300505
9801 1546563232
9805 1546563376
9808 32767
9813 1546563232
9817 1900399018
9821 1546563424
9827 1546564140
9831 1865215397
9836 1078991997
9841 1546566384
9845 1546563424
9849 1546564024
9855 1546563960
9859 1546565628
9860 32767
9867 1546565628
9873 1546563536
9877 1546564104
9883 1546564072
9887 1546565643
9897 1546564608
9901 1546563648
9905 1546563664
9909 1546564232
9915 1546564200
9919 1546565771
9929 1546564736
9932 32767
9937 1546565643
9938 32767
9946 1
9953 1546565192
9957 1546565208
9961 1
9965 1
9969 1546565771
9970 32767
9978 1
9979 1
9987 4
9993 1546565768
